scenario,phase,second,time_s,channel,prn,raw_start_sample,raw_end_sample,raw_power,prompt_magnitude,method,budget,score
cleanStatic,train,10,10.022221,0,16,250305525,250805525,5594358.2711040005,4869337.429395612,dense_two_source_glrt,187,0.10055455869857542
cleanStatic,train,10,10.022221,0,16,250305525,250805525,5594358.2711040005,4869337.429395612,dense_one_source_residual,187,0.6941896871066819
cleanStatic,train,10,10.022221,0,16,250305525,250805525,5594358.2711040005,4869337.429395612,raw_power_only,0,5594358.2711040005
cleanStatic,train,10,10.022221,0,16,250305525,250805525,5594358.2711040005,4869337.429395612,analytic_sparse_k3,3,0.1269198811009348
cleanStatic,train,10,10.022221,0,16,250305525,250805525,5594358.2711040005,4869337.429395612,uniform_k3,3,0.18056235937164908
cleanStatic,train,10,10.022221,0,16,250305525,250805525,5594358.2711040005,4869337.429395612,shuffled_k3,3,0.060563756754304005
cleanStatic,train,10,10.022221,0,16,250305525,250805525,5594358.2711040005,4869337.429395612,analytic_sparse_k5,5,0.2701759293187257
cleanStatic,train,10,10.022221,0,16,250305525,250805525,5594358.2711040005,4869337.429395612,uniform_k5,5,0.07244347623039642
cleanStatic,train,10,10.022221,0,16,250305525,250805525,5594358.2711040005,4869337.429395612,shuffled_k5,5,0.06320609600612245
cleanStatic,train,10,10.022221,0,16,250305525,250805525,5594358.2711040005,4869337.429395612,analytic_sparse_k9,9,0.1282749692540255
cleanStatic,train,10,10.022221,0,16,250305525,250805525,5594358.2711040005,4869337.429395612,uniform_k9,9,0.018904855422260565
cleanStatic,train,10,10.022221,0,16,250305525,250805525,5594358.2711040005,4869337.429395612,shuffled_k9,9,0.4327753237785804
cleanStatic,train,10,10.022221,0,16,250305525,250805525,5594358.2711040005,4869337.429395612,ai_sparse_k3,3,1.5245899335541921
cleanStatic,train,10,10.022221,0,16,250305525,250805525,5594358.2711040005,4869337.429395612,pg_scc_k3,3,0.9801711405449605
cleanStatic,train,10,10.022221,0,16,250305525,250805525,5594358.2711040005,4869337.429395612,ai_sparse_k5,5,0.9347415151863284
cleanStatic,train,10,10.022221,0,16,250305525,250805525,5594358.2711040005,4869337.429395612,pg_scc_k5,5,0.5129239154951769
cleanStatic,train,10,10.022221,0,16,250305525,250805525,5594358.2711040005,4869337.429395612,ai_sparse_k9,9,0.7684706761344093
cleanStatic,train,10,10.022221,0,16,250305525,250805525,5594358.2711040005,4869337.429395612,pg_scc_k9,9,0.6312333034423372
cleanStatic,train,10,10.022221,0,16,250305525,250805525,5594358.2711040005,4869337.429395612,epl3,3,0.4702241730304982
cleanStatic,train,10,10.022221,0,16,250305525,250805525,5594358.2711040005,4869337.429395612,fixed9,9,0.8016131074949322
cleanStatic,train,10,10.022221,0,16,250305525,250805525,5594358.2711040005,4869337.429395612,random1_k3,3,0.13032210863934168
cleanStatic,train,10,10.022221,0,16,250305525,250805525,5594358.2711040005,4869337.429395612,random2_k3,3,0.2780070240333089
cleanStatic,train,10,10.022221,0,16,250305525,250805525,5594358.2711040005,4869337.429395612,random3_k3,3,0.9547181502827522
cleanStatic,train,10,10.022221,0,16,250305525,250805525,5594358.2711040005,4869337.429395612,random4_k3,3,0.1076623567056079
cleanStatic,train,10,10.022221,0,16,250305525,250805525,5594358.2711040005,4869337.429395612,random5_k3,3,0.4541762390624375
cleanStatic,train,10,10.022221,0,16,250305525,250805525,5594358.2711040005,4869337.429395612,random1_k5,5,0.8634442666816732
cleanStatic,train,10,10.022221,0,16,250305525,250805525,5594358.2711040005,4869337.429395612,random2_k5,5,0.07988710079983899
cleanStatic,train,10,10.022221,0,16,250305525,250805525,5594358.2711040005,4869337.429395612,random3_k5,5,0.20777820431684182
cleanStatic,train,10,10.022221,0,16,250305525,250805525,5594358.2711040005,4869337.429395612,random4_k5,5,0.16707868945640575
cleanStatic,train,10,10.022221,0,16,250305525,250805525,5594358.2711040005,4869337.429395612,random5_k5,5,0.677054996232552
cleanStatic,train,10,10.022221,0,16,250305525,250805525,5594358.2711040005,4869337.429395612,random1_k9,9,0.49979703728067076
cleanStatic,train,10,10.022221,0,16,250305525,250805525,5594358.2711040005,4869337.429395612,random2_k9,9,0.09652892686366105
cleanStatic,train,10,10.022221,0,16,250305525,250805525,5594358.2711040005,4869337.429395612,random3_k9,9,0.338038906064978
cleanStatic,train,10,10.022221,0,16,250305525,250805525,5594358.2711040005,4869337.429395612,random4_k9,9,0.19355240769950616
cleanStatic,train,10,10.022221,0,16,250305525,250805525,5594358.2711040005,4869337.429395612,random5_k9,9,0.35643178999411745
cleanStatic,train,10,10.02656428,2,3,250414107,250914107,5597964.422556,5988331.755847574,dense_two_source_glrt,187,0.025008532268749186
cleanStatic,train,10,10.02656428,2,3,250414107,250914107,5597964.422556,5988331.755847574,dense_one_source_residual,187,0.1806229481000028
cleanStatic,train,10,10.02656428,2,3,250414107,250914107,5597964.422556,5988331.755847574,raw_power_only,0,5597964.422556
cleanStatic,train,10,10.02656428,2,3,250414107,250914107,5597964.422556,5988331.755847574,analytic_sparse_k3,3,0.07356123732541926
cleanStatic,train,10,10.02656428,2,3,250414107,250914107,5597964.422556,5988331.755847574,uniform_k3,3,0.20573741873029408
cleanStatic,train,10,10.02656428,2,3,250414107,250914107,5597964.422556,5988331.755847574,shuffled_k3,3,0.14358186864015682
cleanStatic,train,10,10.02656428,2,3,250414107,250914107,5597964.422556,5988331.755847574,analytic_sparse_k5,5,0.12628116833570807
cleanStatic,train,10,10.02656428,2,3,250414107,250914107,5597964.422556,5988331.755847574,uniform_k5,5,0.09636117836872908
cleanStatic,train,10,10.02656428,2,3,250414107,250914107,5597964.422556,5988331.755847574,shuffled_k5,5,0.04061648684279906
cleanStatic,train,10,10.02656428,2,3,250414107,250914107,5597964.422556,5988331.755847574,analytic_sparse_k9,9,0.10159368737258362
cleanStatic,train,10,10.02656428,2,3,250414107,250914107,5597964.422556,5988331.755847574,uniform_k9,9,0.041921468026177494
cleanStatic,train,10,10.02656428,2,3,250414107,250914107,5597964.422556,5988331.755847574,shuffled_k9,9,0.1571768803141852
cleanStatic,train,10,10.02656428,2,3,250414107,250914107,5597964.422556,5988331.755847574,ai_sparse_k3,3,0.039577238800626836
cleanStatic,train,10,10.02656428,2,3,250414107,250914107,5597964.422556,5988331.755847574,pg_scc_k3,3,0.012365703785469981
cleanStatic,train,10,10.02656428,2,3,250414107,250914107,5597964.422556,5988331.755847574,ai_sparse_k5,5,0.05032288900907378
cleanStatic,train,10,10.02656428,2,3,250414107,250914107,5597964.422556,5988331.755847574,pg_scc_k5,5,0.011952597878271132
cleanStatic,train,10,10.02656428,2,3,250414107,250914107,5597964.422556,5988331.755847574,ai_sparse_k9,9,0.06350014569746242
cleanStatic,train,10,10.02656428,2,3,250414107,250914107,5597964.422556,5988331.755847574,pg_scc_k9,9,0.009966463755639698
cleanStatic,train,10,10.02656428,2,3,250414107,250914107,5597964.422556,5988331.755847574,epl3,3,0.15855925608649007
cleanStatic,train,10,10.02656428,2,3,250414107,250914107,5597964.422556,5988331.755847574,fixed9,9,0.05799185651730844
cleanStatic,train,10,10.02656428,2,3,250414107,250914107,5597964.422556,5988331.755847574,random1_k3,3,0.2158561494913067
cleanStatic,train,10,10.02656428,2,3,250414107,250914107,5597964.422556,5988331.755847574,random2_k3,3,0.21929320837891988
cleanStatic,train,10,10.02656428,2,3,250414107,250914107,5597964.422556,5988331.755847574,random3_k3,3,0.09309440037884305
cleanStatic,train,10,10.02656428,2,3,250414107,250914107,5597964.422556,5988331.755847574,random4_k3,3,0.07992644207749323
cleanStatic,train,10,10.02656428,2,3,250414107,250914107,5597964.422556,5988331.755847574,random5_k3,3,0.19638026512684278
cleanStatic,train,10,10.02656428,2,3,250414107,250914107,5597964.422556,5988331.755847574,random1_k5,5,0.0562116403083462
cleanStatic,train,10,10.02656428,2,3,250414107,250914107,5597964.422556,5988331.755847574,random2_k5,5,0.024634445539015094
cleanStatic,train,10,10.02656428,2,3,250414107,250914107,5597964.422556,5988331.755847574,random3_k5,5,0.09750286481113161
cleanStatic,train,10,10.02656428,2,3,250414107,250914107,5597964.422556,5988331.755847574,random4_k5,5,0.06974915958740287
cleanStatic,train,10,10.02656428,2,3,250414107,250914107,5597964.422556,5988331.755847574,random5_k5,5,0.03175838662194904
cleanStatic,train,10,10.02656428,2,3,250414107,250914107,5597964.422556,5988331.755847574,random1_k9,9,0.08940465995511498
cleanStatic,train,10,10.02656428,2,3,250414107,250914107,5597964.422556,5988331.755847574,random2_k9,9,0.07238133240219463
cleanStatic,train,10,10.02656428,2,3,250414107,250914107,5597964.422556,5988331.755847574,random3_k9,9,0.028645501581317106
cleanStatic,train,10,10.02656428,2,3,250414107,250914107,5597964.422556,5988331.755847574,random4_k9,9,0.023494292072875702
cleanStatic,train,10,10.02656428,2,3,250414107,250914107,5597964.422556,5988331.755847574,random5_k9,9,0.08025504128445737
cleanStatic,train,10,10.01426452,3,20,250106613,250606613,5603739.870012,2348878.239503568,dense_two_source_glrt,187,2.13986916459117
cleanStatic,train,10,10.01426452,3,20,250106613,250606613,5603739.870012,2348878.239503568,dense_one_source_residual,187,5.676288515935988
cleanStatic,train,10,10.01426452,3,20,250106613,250606613,5603739.870012,2348878.239503568,raw_power_only,0,5603739.870012
cleanStatic,train,10,10.01426452,3,20,250106613,250606613,5603739.870012,2348878.239503568,analytic_sparse_k3,3,0.5381190602884482
cleanStatic,train,10,10.01426452,3,20,250106613,250606613,5603739.870012,2348878.239503568,uniform_k3,3,1.3235713747818534
cleanStatic,train,10,10.01426452,3,20,250106613,250606613,5603739.870012,2348878.239503568,shuffled_k3,3,1.119474035507887
cleanStatic,train,10,10.01426452,3,20,250106613,250606613,5603739.870012,2348878.239503568,analytic_sparse_k5,5,3.1528653124807304
cleanStatic,train,10,10.01426452,3,20,250106613,250606613,5603739.870012,2348878.239503568,uniform_k5,5,1.5164954136029585
cleanStatic,train,10,10.01426452,3,20,250106613,250606613,5603739.870012,2348878.239503568,shuffled_k5,5,2.0203185630510445
cleanStatic,train,10,10.01426452,3,20,250106613,250606613,5603739.870012,2348878.239503568,analytic_sparse_k9,9,2.098332654751171
cleanStatic,train,10,10.01426452,3,20,250106613,250606613,5603739.870012,2348878.239503568,uniform_k9,9,0.2429422328184248
cleanStatic,train,10,10.01426452,3,20,250106613,250606613,5603739.870012,2348878.239503568,shuffled_k9,9,5.63063036186764
cleanStatic,train,10,10.01426452,3,20,250106613,250606613,5603739.870012,2348878.239503568,ai_sparse_k3,3,3.6837596455864756
cleanStatic,train,10,10.01426452,3,20,250106613,250606613,5603739.870012,2348878.239503568,pg_scc_k3,3,4.859635579954355
cleanStatic,train,10,10.01426452,3,20,250106613,250606613,5603739.870012,2348878.239503568,ai_sparse_k5,5,4.681326898626826
cleanStatic,train,10,10.01426452,3,20,250106613,250606613,5603739.870012,2348878.239503568,pg_scc_k5,5,1.284526778771132
cleanStatic,train,10,10.01426452,3,20,250106613,250606613,5603739.870012,2348878.239503568,ai_sparse_k9,9,4.173031549392582
cleanStatic,train,10,10.01426452,3,20,250106613,250606613,5603739.870012,2348878.239503568,pg_scc_k9,9,1.9034453073550557
cleanStatic,train,10,10.01426452,3,20,250106613,250606613,5603739.870012,2348878.239503568,epl3,3,5.842287153110857
cleanStatic,train,10,10.01426452,3,20,250106613,250606613,5603739.870012,2348878.239503568,fixed9,9,6.5281952612669505
cleanStatic,train,10,10.01426452,3,20,250106613,250606613,5603739.870012,2348878.239503568,random1_k3,3,3.460138047158347
cleanStatic,train,10,10.01426452,3,20,250106613,250606613,5603739.870012,2348878.239503568,random2_k3,3,1.5822333143767568
cleanStatic,train,10,10.01426452,3,20,250106613,250606613,5603739.870012,2348878.239503568,random3_k3,3,6.367171907464805
cleanStatic,train,10,10.01426452,3,20,250106613,250606613,5603739.870012,2348878.239503568,random4_k3,3,1.7082762316281679
cleanStatic,train,10,10.01426452,3,20,250106613,250606613,5603739.870012,2348878.239503568,random5_k3,3,1.128921071814628
cleanStatic,train,10,10.01426452,3,20,250106613,250606613,5603739.870012,2348878.239503568,random1_k5,5,3.7590677836017163
cleanStatic,train,10,10.01426452,3,20,250106613,250606613,5603739.870012,2348878.239503568,random2_k5,5,1.8009514401241113
cleanStatic,train,10,10.01426452,3,20,250106613,250606613,5603739.870012,2348878.239503568,random3_k5,5,4.013551416126841
cleanStatic,train,10,10.01426452,3,20,250106613,250606613,5603739.870012,2348878.239503568,random4_k5,5,1.7283842625517907
cleanStatic,train,10,10.01426452,3,20,250106613,250606613,5603739.870012,2348878.239503568,random5_k5,5,3.4804007679445115
cleanStatic,train,10,10.01426452,3,20,250106613,250606613,5603739.870012,2348878.239503568,random1_k9,9,3.5658764507381324
cleanStatic,train,10,10.01426452,3,20,250106613,250606613,5603739.870012,2348878.239503568,random2_k9,9,1.5076727021498053
cleanStatic,train,10,10.01426452,3,20,250106613,250606613,5603739.870012,2348878.239503568,random3_k9,9,2.8954356275113042
cleanStatic,train,10,10.01426452,3,20,250106613,250606613,5603739.870012,2348878.239503568,random4_k9,9,2.462480313169828
cleanStatic,train,10,10.01426452,3,20,250106613,250606613,5603739.870012,2348878.239503568,random5_k9,9,1.4323757879648893
cleanStatic,train,10,10.03956432,4,30,250739108,251239108,5606705.776121999,1863033.1078038332,dense_two_source_glrt,187,0.28750865293319844
cleanStatic,train,10,10.03956432,4,30,250739108,251239108,5606705.776121999,1863033.1078038332,dense_one_source_residual,187,2.1991360535146622
cleanStatic,train,10,10.03956432,4,30,250739108,251239108,5606705.776121999,1863033.1078038332,raw_power_only,0,5606705.776121999
cleanStatic,train,10,10.03956432,4,30,250739108,251239108,5606705.776121999,1863033.1078038332,analytic_sparse_k3,3,1.1127647532732878
cleanStatic,train,10,10.03956432,4,30,250739108,251239108,5606705.776121999,1863033.1078038332,uniform_k3,3,0.10505180461715745
cleanStatic,train,10,10.03956432,4,30,250739108,251239108,5606705.776121999,1863033.1078038332,shuffled_k3,3,0.17478302514810243
cleanStatic,train,10,10.03956432,4,30,250739108,251239108,5606705.776121999,1863033.1078038332,analytic_sparse_k5,5,1.209153410317621
cleanStatic,train,10,10.03956432,4,30,250739108,251239108,5606705.776121999,1863033.1078038332,uniform_k5,5,0.7152081258220806
cleanStatic,train,10,10.03956432,4,30,250739108,251239108,5606705.776121999,1863033.1078038332,shuffled_k5,5,1.458885206047066
cleanStatic,train,10,10.03956432,4,30,250739108,251239108,5606705.776121999,1863033.1078038332,analytic_sparse_k9,9,1.3791377703052072
cleanStatic,train,10,10.03956432,4,30,250739108,251239108,5606705.776121999,1863033.1078038332,uniform_k9,9,0.26738352149898464
cleanStatic,train,10,10.03956432,4,30,250739108,251239108,5606705.776121999,1863033.1078038332,shuffled_k9,9,0.31687134873007383
cleanStatic,train,10,10.03956432,4,30,250739108,251239108,5606705.776121999,1863033.1078038332,ai_sparse_k3,3,0.4993637749173212
cleanStatic,train,10,10.03956432,4,30,250739108,251239108,5606705.776121999,1863033.1078038332,pg_scc_k3,3,0.21377644524688677
cleanStatic,train,10,10.03956432,4,30,250739108,251239108,5606705.776121999,1863033.1078038332,ai_sparse_k5,5,0.558947487639195
cleanStatic,train,10,10.03956432,4,30,250739108,251239108,5606705.776121999,1863033.1078038332,pg_scc_k5,5,0.9278114309831382
cleanStatic,train,10,10.03956432,4,30,250739108,251239108,5606705.776121999,1863033.1078038332,ai_sparse_k9,9,0.8864951686162628
cleanStatic,train,10,10.03956432,4,30,250739108,251239108,5606705.776121999,1863033.1078038332,pg_scc_k9,9,1.0107288527768585
cleanStatic,train,10,10.03956432,4,30,250739108,251239108,5606705.776121999,1863033.1078038332,epl3,3,0.5943069997420306
cleanStatic,train,10,10.03956432,4,30,250739108,251239108,5606705.776121999,1863033.1078038332,fixed9,9,0.9708035862770714
cleanStatic,train,10,10.03956432,4,30,250739108,251239108,5606705.776121999,1863033.1078038332,random1_k3,3,2.2460460712188484
cleanStatic,train,10,10.03956432,4,30,250739108,251239108,5606705.776121999,1863033.1078038332,random2_k3,3,1.7264024097748767
cleanStatic,train,10,10.03956432,4,30,250739108,251239108,5606705.776121999,1863033.1078038332,random3_k3,3,0.26695393481088653
cleanStatic,train,10,10.03956432,4,30,250739108,251239108,5606705.776121999,1863033.1078038332,random4_k3,3,1.3729638592904434
cleanStatic,train,10,10.03956432,4,30,250739108,251239108,5606705.776121999,1863033.1078038332,random5_k3,3,1.7928153265267663
cleanStatic,train,10,10.03956432,4,30,250739108,251239108,5606705.776121999,1863033.1078038332,random1_k5,5,1.1527856457819363
cleanStatic,train,10,10.03956432,4,30,250739108,251239108,5606705.776121999,1863033.1078038332,random2_k5,5,0.9875794824326608
cleanStatic,train,10,10.03956432,4,30,250739108,251239108,5606705.776121999,1863033.1078038332,random3_k5,5,0.23414458303022787
cleanStatic,train,10,10.03956432,4,30,250739108,251239108,5606705.776121999,1863033.1078038332,random4_k5,5,0.7357953854655753
cleanStatic,train,10,10.03956432,4,30,250739108,251239108,5606705.776121999,1863033.1078038332,random5_k5,5,0.8681587314414696
cleanStatic,train,10,10.03956432,4,30,250739108,251239108,5606705.776121999,1863033.1078038332,random1_k9,9,0.33400132175178243
cleanStatic,train,10,10.03956432,4,30,250739108,251239108,5606705.776121999,1863033.1078038332,random2_k9,9,0.7690906851592904
cleanStatic,train,10,10.03956432,4,30,250739108,251239108,5606705.776121999,1863033.1078038332,random3_k9,9,0.7942566907830942
cleanStatic,train,10,10.03956432,4,30,250739108,251239108,5606705.776121999,1863033.1078038332,random4_k9,9,0.6688878309964754
cleanStatic,train,10,10.03956432,4,30,250739108,251239108,5606705.776121999,1863033.1078038332,random5_k9,9,1.3221208640192943
cleanStatic,train,10,10.01064496,5,6,250016124,250516124,5602766.648758,4447460.160645285,dense_two_source_glrt,187,0.11276968291644127
cleanStatic,train,10,10.01064496,5,6,250016124,250516124,5602766.648758,4447460.160645285,dense_one_source_residual,187,0.6894693743201754
cleanStatic,train,10,10.01064496,5,6,250016124,250516124,5602766.648758,4447460.160645285,raw_power_only,0,5602766.648758
cleanStatic,train,10,10.01064496,5,6,250016124,250516124,5602766.648758,4447460.160645285,analytic_sparse_k3,3,0.1279178947429189
cleanStatic,train,10,10.01064496,5,6,250016124,250516124,5602766.648758,4447460.160645285,uniform_k3,3,1.0571230409862453
cleanStatic,train,10,10.01064496,5,6,250016124,250516124,5602766.648758,4447460.160645285,shuffled_k3,3,0.17967895157427294
cleanStatic,train,10,10.01064496,5,6,250016124,250516124,5602766.648758,4447460.160645285,analytic_sparse_k5,5,0.23682458647446233
cleanStatic,train,10,10.01064496,5,6,250016124,250516124,5602766.648758,4447460.160645285,uniform_k5,5,0.516118644662453
cleanStatic,train,10,10.01064496,5,6,250016124,250516124,5602766.648758,4447460.160645285,shuffled_k5,5,0.35280126449470656
cleanStatic,train,10,10.01064496,5,6,250016124,250516124,5602766.648758,4447460.160645285,analytic_sparse_k9,9,0.4785740853759923
cleanStatic,train,10,10.01064496,5,6,250016124,250516124,5602766.648758,4447460.160645285,uniform_k9,9,0.11891626601443939
cleanStatic,train,10,10.01064496,5,6,250016124,250516124,5602766.648758,4447460.160645285,shuffled_k9,9,0.41258728777648834
cleanStatic,train,10,10.01064496,5,6,250016124,250516124,5602766.648758,4447460.160645285,ai_sparse_k3,3,0.2912661630716028
cleanStatic,train,10,10.01064496,5,6,250016124,250516124,5602766.648758,4447460.160645285,pg_scc_k3,3,0.9477613772571706
cleanStatic,train,10,10.01064496,5,6,250016124,250516124,5602766.648758,4447460.160645285,ai_sparse_k5,5,0.5563321837871421
cleanStatic,train,10,10.01064496,5,6,250016124,250516124,5602766.648758,4447460.160645285,pg_scc_k5,5,0.30640272990629824
cleanStatic,train,10,10.01064496,5,6,250016124,250516124,5602766.648758,4447460.160645285,ai_sparse_k9,9,0.4484502030052574
cleanStatic,train,10,10.01064496,5,6,250016124,250516124,5602766.648758,4447460.160645285,pg_scc_k9,9,0.32994915523159324
cleanStatic,train,10,10.01064496,5,6,250016124,250516124,5602766.648758,4447460.160645285,epl3,3,0.5705747273594982
cleanStatic,train,10,10.01064496,5,6,250016124,250516124,5602766.648758,4447460.160645285,fixed9,9,0.6264519339180727
cleanStatic,train,10,10.01064496,5,6,250016124,250516124,5602766.648758,4447460.160645285,random1_k3,3,0.4429068979104424
cleanStatic,train,10,10.01064496,5,6,250016124,250516124,5602766.648758,4447460.160645285,random2_k3,3,0.22639872604155165
cleanStatic,train,10,10.01064496,5,6,250016124,250516124,5602766.648758,4447460.160645285,random3_k3,3,0.916767302719351
cleanStatic,train,10,10.01064496,5,6,250016124,250516124,5602766.648758,4447460.160645285,random4_k3,3,0.07104172946460481
cleanStatic,train,10,10.01064496,5,6,250016124,250516124,5602766.648758,4447460.160645285,random5_k3,3,0.09889026842315836
cleanStatic,train,10,10.01064496,5,6,250016124,250516124,5602766.648758,4447460.160645285,random1_k5,5,0.235309553032224
cleanStatic,train,10,10.01064496,5,6,250016124,250516124,5602766.648758,4447460.160645285,random2_k5,5,0.6027311621300412
cleanStatic,train,10,10.01064496,5,6,250016124,250516124,5602766.648758,4447460.160645285,random3_k5,5,0.4104945808850138
cleanStatic,train,10,10.01064496,5,6,250016124,250516124,5602766.648758,4447460.160645285,random4_k5,5,1.0528125412699338
cleanStatic,train,10,10.01064496,5,6,250016124,250516124,5602766.648758,4447460.160645285,random5_k5,5,0.06203198904140554
cleanStatic,train,10,10.01064496,5,6,250016124,250516124,5602766.648758,4447460.160645285,random1_k9,9,0.34446420312245424
cleanStatic,train,10,10.01064496,5,6,250016124,250516124,5602766.648758,4447460.160645285,random2_k9,9,0.11915376666372618
cleanStatic,train,10,10.01064496,5,6,250016124,250516124,5602766.648758,4447460.160645285,random3_k9,9,0.21074235740185815
cleanStatic,train,10,10.01064496,5,6,250016124,250516124,5602766.648758,4447460.160645285,random4_k9,9,0.1166926338290051
cleanStatic,train,10,10.01064496,5,6,250016124,250516124,5602766.648758,4447460.160645285,random5_k9,9,0.052910036317536914
cleanStatic,train,10,10.01024576,6,7,250006144,250506144,5603761.2253560005,4661053.675841856,dense_two_source_glrt,187,0.39940781310061146
cleanStatic,train,10,10.01024576,6,7,250006144,250506144,5603761.2253560005,4661053.675841856,dense_one_source_residual,187,1.7655340126309373
cleanStatic,train,10,10.01024576,6,7,250006144,250506144,5603761.2253560005,4661053.675841856,raw_power_only,0,5603761.2253560005
cleanStatic,train,10,10.01024576,6,7,250006144,250506144,5603761.2253560005,4661053.675841856,analytic_sparse_k3,3,0.16859645316611557
cleanStatic,train,10,10.01024576,6,7,250006144,250506144,5603761.2253560005,4661053.675841856,uniform_k3,3,1.7107115658164913
cleanStatic,train,10,10.01024576,6,7,250006144,250506144,5603761.2253560005,4661053.675841856,shuffled_k3,3,0.2995118255826005
cleanStatic,train,10,10.01024576,6,7,250006144,250506144,5603761.2253560005,4661053.675841856,analytic_sparse_k5,5,0.6714691606262129
cleanStatic,train,10,10.01024576,6,7,250006144,250506144,5603761.2253560005,4661053.675841856,uniform_k5,5,0.36704855839651174
cleanStatic,train,10,10.01024576,6,7,250006144,250506144,5603761.2253560005,4661053.675841856,shuffled_k5,5,1.3359608012062694
cleanStatic,train,10,10.01024576,6,7,250006144,250506144,5603761.2253560005,4661053.675841856,analytic_sparse_k9,9,0.7518615658544778
cleanStatic,train,10,10.01024576,6,7,250006144,250506144,5603761.2253560005,4661053.675841856,uniform_k9,9,0.09933251785265125
cleanStatic,train,10,10.01024576,6,7,250006144,250506144,5603761.2253560005,4661053.675841856,shuffled_k9,9,1.15617277319798
cleanStatic,train,10,10.01024576,6,7,250006144,250506144,5603761.2253560005,4661053.675841856,ai_sparse_k3,3,0.786759150343479
cleanStatic,train,10,10.01024576,6,7,250006144,250506144,5603761.2253560005,4661053.675841856,pg_scc_k3,3,1.1988618666186377
cleanStatic,train,10,10.01024576,6,7,250006144,250506144,5603761.2253560005,4661053.675841856,ai_sparse_k5,5,0.9011559010492338
cleanStatic,train,10,10.01024576,6,7,250006144,250506144,5603761.2253560005,4661053.675841856,pg_scc_k5,5,0.3858450961415857
cleanStatic,train,10,10.01024576,6,7,250006144,250506144,5603761.2253560005,4661053.675841856,ai_sparse_k9,9,0.9020927592942505
cleanStatic,train,10,10.01024576,6,7,250006144,250506144,5603761.2253560005,4661053.675841856,pg_scc_k9,9,0.2969826582932953
cleanStatic,train,10,10.01024576,6,7,250006144,250506144,5603761.2253560005,4661053.675841856,epl3,3,1.2398591733900097
cleanStatic,train,10,10.01024576,6,7,250006144,250506144,5603761.2253560005,4661053.675841856,fixed9,9,1.139332307419163
cleanStatic,train,10,10.01024576,6,7,250006144,250506144,5603761.2253560005,4661053.675841856,random1_k3,3,0.7747285120831316
cleanStatic,train,10,10.01024576,6,7,250006144,250506144,5603761.2253560005,4661053.675841856,random2_k3,3,1.2060815869247719
cleanStatic,train,10,10.01024576,6,7,250006144,250506144,5603761.2253560005,4661053.675841856,random3_k3,3,0.9236895941802691
cleanStatic,train,10,10.01024576,6,7,250006144,250506144,5603761.2253560005,4661053.675841856,random4_k3,3,1.3555175235509402
cleanStatic,train,10,10.01024576,6,7,250006144,250506144,5603761.2253560005,4661053.675841856,random5_k3,3,0.3120561268107589
cleanStatic,train,10,10.01024576,6,7,250006144,250506144,5603761.2253560005,4661053.675841856,random1_k5,5,0.5147063038643331
cleanStatic,train,10,10.01024576,6,7,250006144,250506144,5603761.2253560005,4661053.675841856,random2_k5,5,1.1173802858338562
cleanStatic,train,10,10.01024576,6,7,250006144,250506144,5603761.2253560005,4661053.675841856,random3_k5,5,1.2756522567761812
cleanStatic,train,10,10.01024576,6,7,250006144,250506144,5603761.2253560005,4661053.675841856,random4_k5,5,0.555353437363425
cleanStatic,train,10,10.01024576,6,7,250006144,250506144,5603761.2253560005,4661053.675841856,random5_k5,5,0.8370462190651462
cleanStatic,train,10,10.01024576,6,7,250006144,250506144,5603761.2253560005,4661053.675841856,random1_k9,9,0.4372577171424312
cleanStatic,train,10,10.01024576,6,7,250006144,250506144,5603761.2253560005,4661053.675841856,random2_k9,9,0.20062073919961243
cleanStatic,train,10,10.01024576,6,7,250006144,250506144,5603761.2253560005,4661053.675841856,random3_k9,9,0.6479281363436968
cleanStatic,train,10,10.01024576,6,7,250006144,250506144,5603761.2253560005,4661053.675841856,random4_k9,9,0.8509866046357569
cleanStatic,train,10,10.01024576,6,7,250006144,250506144,5603761.2253560005,4661053.675841856,random5_k9,9,0.4505901747446966
cleanStatic,train,10,10.01039164,7,10,250009791,250509791,5604565.068465999,2798777.8183896462,dense_two_source_glrt,187,0.522698216679897
cleanStatic,train,10,10.01039164,7,10,250009791,250509791,5604565.068465999,2798777.8183896462,dense_one_source_residual,187,2.4114691394591437
cleanStatic,train,10,10.01039164,7,10,250009791,250509791,5604565.068465999,2798777.8183896462,raw_power_only,0,5604565.068465999
cleanStatic,train,10,10.01039164,7,10,250009791,250509791,5604565.068465999,2798777.8183896462,analytic_sparse_k3,3,0.7365096245804912
cleanStatic,train,10,10.01039164,7,10,250009791,250509791,5604565.068465999,2798777.8183896462,uniform_k3,3,2.3694507270555363
cleanStatic,train,10,10.01039164,7,10,250009791,250509791,5604565.068465999,2798777.8183896462,shuffled_k3,3,0.6996658624922995
cleanStatic,train,10,10.01039164,7,10,250009791,250509791,5604565.068465999,2798777.8183896462,analytic_sparse_k5,5,1.094238539371942
cleanStatic,train,10,10.01039164,7,10,250009791,250509791,5604565.068465999,2798777.8183896462,uniform_k5,5,1.4273201231905586
cleanStatic,train,10,10.01039164,7,10,250009791,250509791,5604565.068465999,2798777.8183896462,shuffled_k5,5,1.861575888805246
cleanStatic,train,10,10.01039164,7,10,250009791,250509791,5604565.068465999,2798777.8183896462,analytic_sparse_k9,9,0.6895446702273696
cleanStatic,train,10,10.01039164,7,10,250009791,250509791,5604565.068465999,2798777.8183896462,uniform_k9,9,0.33144448160858553
cleanStatic,train,10,10.01039164,7,10,250009791,250509791,5604565.068465999,2798777.8183896462,shuffled_k9,9,0.44137011992762293
cleanStatic,train,10,10.01039164,7,10,250009791,250509791,5604565.068465999,2798777.8183896462,ai_sparse_k3,3,0.5150478716757646
cleanStatic,train,10,10.01039164,7,10,250009791,250509791,5604565.068465999,2798777.8183896462,pg_scc_k3,3,1.9991324741156944
cleanStatic,train,10,10.01039164,7,10,250009791,250509791,5604565.068465999,2798777.8183896462,ai_sparse_k5,5,1.1034899345423708
cleanStatic,train,10,10.01039164,7,10,250009791,250509791,5604565.068465999,2798777.8183896462,pg_scc_k5,5,0.30635680324489983
cleanStatic,train,10,10.01039164,7,10,250009791,250509791,5604565.068465999,2798777.8183896462,ai_sparse_k9,9,0.8865441552988153
cleanStatic,train,10,10.01039164,7,10,250009791,250509791,5604565.068465999,2798777.8183896462,pg_scc_k9,9,0.47849676383648304
cleanStatic,train,10,10.01039164,7,10,250009791,250509791,5604565.068465999,2798777.8183896462,epl3,3,0.9284894151241355
cleanStatic,train,10,10.01039164,7,10,250009791,250509791,5604565.068465999,2798777.8183896462,fixed9,9,0.8023534953004872
cleanStatic,train,10,10.01039164,7,10,250009791,250509791,5604565.068465999,2798777.8183896462,random1_k3,3,1.6134153846204837
cleanStatic,train,10,10.01039164,7,10,250009791,250509791,5604565.068465999,2798777.8183896462,random2_k3,3,1.1488189438653889
cleanStatic,train,10,10.01039164,7,10,250009791,250509791,5604565.068465999,2798777.8183896462,random3_k3,3,2.0055767647580525
cleanStatic,train,10,10.01039164,7,10,250009791,250509791,5604565.068465999,2798777.8183896462,random4_k3,3,1.1282216190620546
cleanStatic,train,10,10.01039164,7,10,250009791,250509791,5604565.068465999,2798777.8183896462,random5_k3,3,0.3259058610979832
cleanStatic,train,10,10.01039164,7,10,250009791,250509791,5604565.068465999,2798777.8183896462,random1_k5,5,1.0097652443080753
cleanStatic,train,10,10.01039164,7,10,250009791,250509791,5604565.068465999,2798777.8183896462,random2_k5,5,2.0658289464782142
cleanStatic,train,10,10.01039164,7,10,250009791,250509791,5604565.068465999,2798777.8183896462,random3_k5,5,0.9802816843193136
cleanStatic,train,10,10.01039164,7,10,250009791,250509791,5604565.068465999,2798777.8183896462,random4_k5,5,2.3462090028889255
cleanStatic,train,10,10.01039164,7,10,250009791,250509791,5604565.068465999,2798777.8183896462,random5_k5,5,0.7737364635558237
cleanStatic,train,10,10.01039164,7,10,250009791,250509791,5604565.068465999,2798777.8183896462,random1_k9,9,1.7583913950002044
cleanStatic,train,10,10.01039164,7,10,250009791,250509791,5604565.068465999,2798777.8183896462,random2_k9,9,0.7083089755007266
cleanStatic,train,10,10.01039164,7,10,250009791,250509791,5604565.068465999,2798777.8183896462,random3_k9,9,0.5160704025266866
cleanStatic,train,10,10.01039164,7,10,250009791,250509791,5604565.068465999,2798777.8183896462,random4_k9,9,0.917314652988591
cleanStatic,train,10,10.01039164,7,10,250009791,250509791,5604565.068465999,2798777.8183896462,random5_k9,9,1.037953422129939
cleanStatic,train,10,10.01072192,8,13,250018048,250518048,5602347.145774,6455522.405680059,dense_two_source_glrt,187,0.019518307633350985
cleanStatic,train,10,10.01072192,8,13,250018048,250518048,5602347.145774,6455522.405680059,dense_one_source_residual,187,0.268545683737533
cleanStatic,train,10,10.01072192,8,13,250018048,250518048,5602347.145774,6455522.405680059,raw_power_only,0,5602347.145774
cleanStatic,train,10,10.01072192,8,13,250018048,250518048,5602347.145774,6455522.405680059,analytic_sparse_k3,3,0.1971738908954717
cleanStatic,train,10,10.01072192,8,13,250018048,250518048,5602347.145774,6455522.405680059,uniform_k3,3,0.19256908958962526
cleanStatic,train,10,10.01072192,8,13,250018048,250518048,5602347.145774,6455522.405680059,shuffled_k3,3,0.07494422688310866
cleanStatic,train,10,10.01072192,8,13,250018048,250518048,5602347.145774,6455522.405680059,analytic_sparse_k5,5,0.2028890129359929
cleanStatic,train,10,10.01072192,8,13,250018048,250518048,5602347.145774,6455522.405680059,uniform_k5,5,0.13329206130803578
cleanStatic,train,10,10.01072192,8,13,250018048,250518048,5602347.145774,6455522.405680059,shuffled_k5,5,0.13987787308979616
cleanStatic,train,10,10.01072192,8,13,250018048,250518048,5602347.145774,6455522.405680059,analytic_sparse_k9,9,0.06989312164755956
cleanStatic,train,10,10.01072192,8,13,250018048,250518048,5602347.145774,6455522.405680059,uniform_k9,9,0.009540777310929012
cleanStatic,train,10,10.01072192,8,13,250018048,250518048,5602347.145774,6455522.405680059,shuffled_k9,9,0.0602387834128317
cleanStatic,train,10,10.01072192,8,13,250018048,250518048,5602347.145774,6455522.405680059,ai_sparse_k3,3,0.2805119732557016
cleanStatic,train,10,10.01072192,8,13,250018048,250518048,5602347.145774,6455522.405680059,pg_scc_k3,3,0.2000222089578364
cleanStatic,train,10,10.01072192,8,13,250018048,250518048,5602347.145774,6455522.405680059,ai_sparse_k5,5,0.23295164265886076
cleanStatic,train,10,10.01072192,8,13,250018048,250518048,5602347.145774,6455522.405680059,pg_scc_k5,5,0.07173066179631453
cleanStatic,train,10,10.01072192,8,13,250018048,250518048,5602347.145774,6455522.405680059,ai_sparse_k9,9,0.13154557858074756
cleanStatic,train,10,10.01072192,8,13,250018048,250518048,5602347.145774,6455522.405680059,pg_scc_k9,9,0.02574058085703696
cleanStatic,train,10,10.01072192,8,13,250018048,250518048,5602347.145774,6455522.405680059,epl3,3,0.12182052466835043
cleanStatic,train,10,10.01072192,8,13,250018048,250518048,5602347.145774,6455522.405680059,fixed9,9,0.018935198047380863
cleanStatic,train,10,10.01072192,8,13,250018048,250518048,5602347.145774,6455522.405680059,random1_k3,3,0.2194085827287353
cleanStatic,train,10,10.01072192,8,13,250018048,250518048,5602347.145774,6455522.405680059,random2_k3,3,0.2584320350505513
cleanStatic,train,10,10.01072192,8,13,250018048,250518048,5602347.145774,6455522.405680059,random3_k3,3,0.07337203839713467
cleanStatic,train,10,10.01072192,8,13,250018048,250518048,5602347.145774,6455522.405680059,random4_k3,3,0.08035717101362888
cleanStatic,train,10,10.01072192,8,13,250018048,250518048,5602347.145774,6455522.405680059,random5_k3,3,0.06999065946099216
cleanStatic,train,10,10.01072192,8,13,250018048,250518048,5602347.145774,6455522.405680059,random1_k5,5,0.12086182693562389
cleanStatic,train,10,10.01072192,8,13,250018048,250518048,5602347.145774,6455522.405680059,random2_k5,5,0.06066234189718349
cleanStatic,train,10,10.01072192,8,13,250018048,250518048,5602347.145774,6455522.405680059,random3_k5,5,0.12681766313550355
cleanStatic,train,10,10.01072192,8,13,250018048,250518048,5602347.145774,6455522.405680059,random4_k5,5,0.09097462401849185
cleanStatic,train,10,10.01072192,8,13,250018048,250518048,5602347.145774,6455522.405680059,random5_k5,5,0.06389498726055987
cleanStatic,train,10,10.01072192,8,13,250018048,250518048,5602347.145774,6455522.405680059,random1_k9,9,0.09354016090150614
cleanStatic,train,10,10.01072192,8,13,250018048,250518048,5602347.145774,6455522.405680059,random2_k9,9,0.06675273121629655
cleanStatic,train,10,10.01072192,8,13,250018048,250518048,5602347.145774,6455522.405680059,random3_k9,9,0.02373748437130099
cleanStatic,train,10,10.01072192,8,13,250018048,250518048,5602347.145774,6455522.405680059,random4_k9,9,0.02932252888367004
cleanStatic,train,10,10.01072192,8,13,250018048,250518048,5602347.145774,6455522.405680059,random5_k9,9,0.05232965307086405
cleanStatic,train,10,10.01957848,9,19,250239462,250739462,5593175.119050001,4446042.413731444,dense_two_source_glrt,187,0.12923647418009
cleanStatic,train,10,10.01957848,9,19,250239462,250739462,5593175.119050001,4446042.413731444,dense_one_source_residual,187,0.5843810924008189
cleanStatic,train,10,10.01957848,9,19,250239462,250739462,5593175.119050001,4446042.413731444,raw_power_only,0,5593175.119050001
cleanStatic,train,10,10.01957848,9,19,250239462,250739462,5593175.119050001,4446042.413731444,analytic_sparse_k3,3,0.4978503189936081
cleanStatic,train,10,10.01957848,9,19,250239462,250739462,5593175.119050001,4446042.413731444,uniform_k3,3,0.3113222437352663
cleanStatic,train,10,10.01957848,9,19,250239462,250739462,5593175.119050001,4446042.413731444,shuffled_k3,3,0.5645191517059741
cleanStatic,train,10,10.01957848,9,19,250239462,250739462,5593175.119050001,4446042.413731444,analytic_sparse_k5,5,0.5914096069258232
cleanStatic,train,10,10.01957848,9,19,250239462,250739462,5593175.119050001,4446042.413731444,uniform_k5,5,0.19202114177054677
cleanStatic,train,10,10.01957848,9,19,250239462,250739462,5593175.119050001,4446042.413731444,shuffled_k5,5,0.3616569636252216
cleanStatic,train,10,10.01957848,9,19,250239462,250739462,5593175.119050001,4446042.413731444,analytic_sparse_k9,9,0.4948706155389168
cleanStatic,train,10,10.01957848,9,19,250239462,250739462,5593175.119050001,4446042.413731444,uniform_k9,9,0.20520312994589807
cleanStatic,train,10,10.01957848,9,19,250239462,250739462,5593175.119050001,4446042.413731444,shuffled_k9,9,0.09944837902455589
cleanStatic,train,10,10.01957848,9,19,250239462,250739462,5593175.119050001,4446042.413731444,ai_sparse_k3,3,0.27590206488252234
cleanStatic,train,10,10.01957848,9,19,250239462,250739462,5593175.119050001,4446042.413731444,pg_scc_k3,3,0.06150293590679674
cleanStatic,train,10,10.01957848,9,19,250239462,250739462,5593175.119050001,4446042.413731444,ai_sparse_k5,5,0.32989156434296996
cleanStatic,train,10,10.01957848,9,19,250239462,250739462,5593175.119050001,4446042.413731444,pg_scc_k5,5,0.1756318722843136
cleanStatic,train,10,10.01957848,9,19,250239462,250739462,5593175.119050001,4446042.413731444,ai_sparse_k9,9,0.12444146225849158
cleanStatic,train,10,10.01957848,9,19,250239462,250739462,5593175.119050001,4446042.413731444,pg_scc_k9,9,0.10816714466737665
cleanStatic,train,10,10.01957848,9,19,250239462,250739462,5593175.119050001,4446042.413731444,epl3,3,0.49739351048295233
cleanStatic,train,10,10.01957848,9,19,250239462,250739462,5593175.119050001,4446042.413731444,fixed9,9,0.19078900704538415
cleanStatic,train,10,10.01957848,9,19,250239462,250739462,5593175.119050001,4446042.413731444,random1_k3,3,0.6325222242682426
cleanStatic,train,10,10.01957848,9,19,250239462,250739462,5593175.119050001,4446042.413731444,random2_k3,3,0.7972922206837274
cleanStatic,train,10,10.01957848,9,19,250239462,250739462,5593175.119050001,4446042.413731444,random3_k3,3,0.0793427000600644
cleanStatic,train,10,10.01957848,9,19,250239462,250739462,5593175.119050001,4446042.413731444,random4_k3,3,0.15846058577885155
cleanStatic,train,10,10.01957848,9,19,250239462,250739462,5593175.119050001,4446042.413731444,random5_k3,3,0.33519929575261775
cleanStatic,train,10,10.01957848,9,19,250239462,250739462,5593175.119050001,4446042.413731444,random1_k5,5,0.058807994532287466
cleanStatic,train,10,10.01957848,9,19,250239462,250739462,5593175.119050001,4446042.413731444,random2_k5,5,0.26612771748041986
cleanStatic,train,10,10.01957848,9,19,250239462,250739462,5593175.119050001,4446042.413731444,random3_k5,5,0.22112377560603846
cleanStatic,train,10,10.01957848,9,19,250239462,250739462,5593175.119050001,4446042.413731444,random4_k5,5,0.1585527143542041
cleanStatic,train,10,10.01957848,9,19,250239462,250739462,5593175.119050001,4446042.413731444,random5_k5,5,0.27054137576303483
cleanStatic,train,10,10.01957848,9,19,250239462,250739462,5593175.119050001,4446042.413731444,random1_k9,9,0.27450661881807537
cleanStatic,train,10,10.01957848,9,19,250239462,250739462,5593175.119050001,4446042.413731444,random2_k9,9,0.3630909422792727
cleanStatic,train,10,10.01957848,9,19,250239462,250739462,5593175.119050001,4446042.413731444,random3_k9,9,0.22390953613593087
cleanStatic,train,10,10.01957848,9,19,250239462,250739462,5593175.119050001,4446042.413731444,random4_k9,9,0.268878093488116
cleanStatic,train,10,10.01957848,9,19,250239462,250739462,5593175.119050001,4446042.413731444,random5_k9,9,0.14808393182629676
cleanStatic,train,10,10.01060404,10,23,250015101,250515101,5603309.022619999,6738927.0043111,dense_two_source_glrt,187,0.057841491558733193
cleanStatic,train,10,10.01060404,10,23,250015101,250515101,5603309.022619999,6738927.0043111,dense_one_source_residual,187,0.30179177925557377
cleanStatic,train,10,10.01060404,10,23,250015101,250515101,5603309.022619999,6738927.0043111,raw_power_only,0,5603309.022619999
cleanStatic,train,10,10.01060404,10,23,250015101,250515101,5603309.022619999,6738927.0043111,analytic_sparse_k3,3,0.04700244895950725
cleanStatic,train,10,10.01060404,10,23,250015101,250515101,5603309.022619999,6738927.0043111,uniform_k3,3,0.24339419034820528
cleanStatic,train,10,10.01060404,10,23,250015101,250515101,5603309.022619999,6738927.0043111,shuffled_k3,3,0.03928581663573399
cleanStatic,train,10,10.01060404,10,23,250015101,250515101,5603309.022619999,6738927.0043111,analytic_sparse_k5,5,0.10260320520101977
cleanStatic,train,10,10.01060404,10,23,250015101,250515101,5603309.022619999,6738927.0043111,uniform_k5,5,0.11642147786234056
cleanStatic,train,10,10.01060404,10,23,250015101,250515101,5603309.022619999,6738927.0043111,shuffled_k5,5,0.10218240482664806
cleanStatic,train,10,10.01060404,10,23,250015101,250515101,5603309.022619999,6738927.0043111,analytic_sparse_k9,9,0.10884437820786443
cleanStatic,train,10,10.01060404,10,23,250015101,250515101,5603309.022619999,6738927.0043111,uniform_k9,9,0.025597605826437404
cleanStatic,train,10,10.01060404,10,23,250015101,250515101,5603309.022619999,6738927.0043111,shuffled_k9,9,0.09976435595006228
cleanStatic,train,10,10.01060404,10,23,250015101,250515101,5603309.022619999,6738927.0043111,ai_sparse_k3,3,0.47048939882382723
cleanStatic,train,10,10.01060404,10,23,250015101,250515101,5603309.022619999,6738927.0043111,pg_scc_k3,3,0.14921734035447815
cleanStatic,train,10,10.01060404,10,23,250015101,250515101,5603309.022619999,6738927.0043111,ai_sparse_k5,5,0.3073295437640429
cleanStatic,train,10,10.01060404,10,23,250015101,250515101,5603309.022619999,6738927.0043111,pg_scc_k5,5,0.07027470636810244
cleanStatic,train,10,10.01060404,10,23,250015101,250515101,5603309.022619999,6738927.0043111,ai_sparse_k9,9,0.1217834877007654
cleanStatic,train,10,10.01060404,10,23,250015101,250515101,5603309.022619999,6738927.0043111,pg_scc_k9,9,0.07545474950141465
cleanStatic,train,10,10.01060404,10,23,250015101,250515101,5603309.022619999,6738927.0043111,epl3,3,0.10111447832037442
cleanStatic,train,10,10.01060404,10,23,250015101,250515101,5603309.022619999,6738927.0043111,fixed9,9,0.16564792717971288
cleanStatic,train,10,10.01060404,10,23,250015101,250515101,5603309.022619999,6738927.0043111,random1_k3,3,0.16267234957352197
cleanStatic,train,10,10.01060404,10,23,250015101,250515101,5603309.022619999,6738927.0043111,random2_k3,3,0.4699385037155221
cleanStatic,train,10,10.01060404,10,23,250015101,250515101,5603309.022619999,6738927.0043111,random3_k3,3,0.27280620777377
cleanStatic,train,10,10.01060404,10,23,250015101,250515101,5603309.022619999,6738927.0043111,random4_k3,3,0.039534400165758696
cleanStatic,train,10,10.01060404,10,23,250015101,250515101,5603309.022619999,6738927.0043111,random5_k3,3,0.19927217471923428
cleanStatic,train,10,10.01060404,10,23,250015101,250515101,5603309.022619999,6738927.0043111,random1_k5,5,0.16275869294815576
cleanStatic,train,10,10.01060404,10,23,250015101,250515101,5603309.022619999,6738927.0043111,random2_k5,5,0.07820770409264448
cleanStatic,train,10,10.01060404,10,23,250015101,250515101,5603309.022619999,6738927.0043111,random3_k5,5,0.10567931675541915
cleanStatic,train,10,10.01060404,10,23,250015101,250515101,5603309.022619999,6738927.0043111,random4_k5,5,0.028890480666494724
cleanStatic,train,10,10.01060404,10,23,250015101,250515101,5603309.022619999,6738927.0043111,random5_k5,5,0.052905974003704025
cleanStatic,train,10,10.01060404,10,23,250015101,250515101,5603309.022619999,6738927.0043111,random1_k9,9,0.14514395496054366
cleanStatic,train,10,10.01060404,10,23,250015101,250515101,5603309.022619999,6738927.0043111,random2_k9,9,0.1412710682551904
cleanStatic,train,10,10.01060404,10,23,250015101,250515101,5603309.022619999,6738927.0043111,random3_k9,9,0.15879320649756032
cleanStatic,train,10,10.01060404,10,23,250015101,250515101,5603309.022619999,6738927.0043111,random4_k9,9,0.10255734591364805
cleanStatic,train,10,10.01060404,10,23,250015101,250515101,5603309.022619999,6738927.0043111,random5_k9,9,0.09511874409433302
cleanStatic,train,12,12.00122452,0,16,299780613,300280613,5537477.150716,4995161.025022223,dense_two_source_glrt,187,0.16116129858944947
cleanStatic,train,12,12.00122452,0,16,299780613,300280613,5537477.150716,4995161.025022223,dense_one_source_residual,187,0.730170364574756
cleanStatic,train,12,12.00122452,0,16,299780613,300280613,5537477.150716,4995161.025022223,raw_power_only,0,5537477.150716
cleanStatic,train,12,12.00122452,0,16,299780613,300280613,5537477.150716,4995161.025022223,analytic_sparse_k3,3,0.11860729173562445
cleanStatic,train,12,12.00122452,0,16,299780613,300280613,5537477.150716,4995161.025022223,uniform_k3,3,0.1502821387345806
cleanStatic,train,12,12.00122452,0,16,299780613,300280613,5537477.150716,4995161.025022223,shuffled_k3,3,0.319869237111496
cleanStatic,train,12,12.00122452,0,16,299780613,300280613,5537477.150716,4995161.025022223,analytic_sparse_k5,5,0.15407043924594965
cleanStatic,train,12,12.00122452,0,16,299780613,300280613,5537477.150716,4995161.025022223,uniform_k5,5,0.07358328048093359
cleanStatic,train,12,12.00122452,0,16,299780613,300280613,5537477.150716,4995161.025022223,shuffled_k5,5,0.2966524956071828
cleanStatic,train,12,12.00122452,0,16,299780613,300280613,5537477.150716,4995161.025022223,analytic_sparse_k9,9,0.3066675390974633
cleanStatic,train,12,12.00122452,0,16,299780613,300280613,5537477.150716,4995161.025022223,uniform_k9,9,0.040786346233254896
cleanStatic,train,12,12.00122452,0,16,299780613,300280613,5537477.150716,4995161.025022223,shuffled_k9,9,0.6247897478610545
cleanStatic,train,12,12.00122452,0,16,299780613,300280613,5537477.150716,4995161.025022223,ai_sparse_k3,3,0.7907753831089761
cleanStatic,train,12,12.00122452,0,16,299780613,300280613,5537477.150716,4995161.025022223,pg_scc_k3,3,1.0647988104448276
cleanStatic,train,12,12.00122452,0,16,299780613,300280613,5537477.150716,4995161.025022223,ai_sparse_k5,5,0.7194988381448733
cleanStatic,train,12,12.00122452,0,16,299780613,300280613,5537477.150716,4995161.025022223,pg_scc_k5,5,0.21332003876064193
cleanStatic,train,12,12.00122452,0,16,299780613,300280613,5537477.150716,4995161.025022223,ai_sparse_k9,9,0.7830193510472573
cleanStatic,train,12,12.00122452,0,16,299780613,300280613,5537477.150716,4995161.025022223,pg_scc_k9,9,0.2620210527198154
cleanStatic,train,12,12.00122452,0,16,299780613,300280613,5537477.150716,4995161.025022223,epl3,3,0.6595269279494156
cleanStatic,train,12,12.00122452,0,16,299780613,300280613,5537477.150716,4995161.025022223,fixed9,9,1.0281461189121976
cleanStatic,train,12,12.00122452,0,16,299780613,300280613,5537477.150716,4995161.025022223,random1_k3,3,0.28568393234428074
cleanStatic,train,12,12.00122452,0,16,299780613,300280613,5537477.150716,4995161.025022223,random2_k3,3,0.17198142094785973
cleanStatic,train,12,12.00122452,0,16,299780613,300280613,5537477.150716,4995161.025022223,random3_k3,3,0.7778880094645401
cleanStatic,train,12,12.00122452,0,16,299780613,300280613,5537477.150716,4995161.025022223,random4_k3,3,0.17312217019871792
cleanStatic,train,12,12.00122452,0,16,299780613,300280613,5537477.150716,4995161.025022223,random5_k3,3,0.2894350043808158
cleanStatic,train,12,12.00122452,0,16,299780613,300280613,5537477.150716,4995161.025022223,random1_k5,5,0.27478359541370134
cleanStatic,train,12,12.00122452,0,16,299780613,300280613,5537477.150716,4995161.025022223,random2_k5,5,0.04438327355282214
cleanStatic,train,12,12.00122452,0,16,299780613,300280613,5537477.150716,4995161.025022223,random3_k5,5,0.18045013075025135
cleanStatic,train,12,12.00122452,0,16,299780613,300280613,5537477.150716,4995161.025022223,random4_k5,5,0.5430904574850943
cleanStatic,train,12,12.00122452,0,16,299780613,300280613,5537477.150716,4995161.025022223,random5_k5,5,0.38956501325934917
cleanStatic,train,12,12.00122452,0,16,299780613,300280613,5537477.150716,4995161.025022223,random1_k9,9,0.2545012129786703
cleanStatic,train,12,12.00122452,0,16,299780613,300280613,5537477.150716,4995161.025022223,random2_k9,9,0.09391701203313642
cleanStatic,train,12,12.00122452,0,16,299780613,300280613,5537477.150716,4995161.025022223,random3_k9,9,0.5142567640336411
cleanStatic,train,12,12.00122452,0,16,299780613,300280613,5537477.150716,4995161.025022223,random4_k9,9,0.27699576105739776
cleanStatic,train,12,12.00122452,0,16,299780613,300280613,5537477.150716,4995161.025022223,random5_k9,9,0.22239524654678744
cleanStatic,train,12,11.99056332,2,3,299514083,300014083,5551245.31817,6136676.291994545,dense_two_source_glrt,187,0.07939843625598236
cleanStatic,train,12,11.99056332,2,3,299514083,300014083,5551245.31817,6136676.291994545,dense_one_source_residual,187,0.20713022088923536
cleanStatic,train,12,11.99056332,2,3,299514083,300014083,5551245.31817,6136676.291994545,raw_power_only,0,5551245.31817
cleanStatic,train,12,11.99056332,2,3,299514083,300014083,5551245.31817,6136676.291994545,analytic_sparse_k3,3,0.04481809600830209
cleanStatic,train,12,11.99056332,2,3,299514083,300014083,5551245.31817,6136676.291994545,uniform_k3,3,0.15698949334230985
cleanStatic,train,12,11.99056332,2,3,299514083,300014083,5551245.31817,6136676.291994545,shuffled_k3,3,0.05751669770903626
cleanStatic,train,12,11.99056332,2,3,299514083,300014083,5551245.31817,6136676.291994545,analytic_sparse_k5,5,0.11888131567667552
cleanStatic,train,12,11.99056332,2,3,299514083,300014083,5551245.31817,6136676.291994545,uniform_k5,5,0.1340330847702213
cleanStatic,train,12,11.99056332,2,3,299514083,300014083,5551245.31817,6136676.291994545,shuffled_k5,5,0.046928656695551865
cleanStatic,train,12,11.99056332,2,3,299514083,300014083,5551245.31817,6136676.291994545,analytic_sparse_k9,9,0.09607437644416467
cleanStatic,train,12,11.99056332,2,3,299514083,300014083,5551245.31817,6136676.291994545,uniform_k9,9,0.06694848753944987
cleanStatic,train,12,11.99056332,2,3,299514083,300014083,5551245.31817,6136676.291994545,shuffled_k9,9,0.0719677146783133
cleanStatic,train,12,11.99056332,2,3,299514083,300014083,5551245.31817,6136676.291994545,ai_sparse_k3,3,0.0730434854330456
cleanStatic,train,12,11.99056332,2,3,299514083,300014083,5551245.31817,6136676.291994545,pg_scc_k3,3,0.05514987879049756
cleanStatic,train,12,11.99056332,2,3,299514083,300014083,5551245.31817,6136676.291994545,ai_sparse_k5,5,0.09090295693298216
cleanStatic,train,12,11.99056332,2,3,299514083,300014083,5551245.31817,6136676.291994545,pg_scc_k5,5,0.09761280027964826
cleanStatic,train,12,11.99056332,2,3,299514083,300014083,5551245.31817,6136676.291994545,ai_sparse_k9,9,0.08031333683243345
cleanStatic,train,12,11.99056332,2,3,299514083,300014083,5551245.31817,6136676.291994545,pg_scc_k9,9,0.13193043963350792
cleanStatic,train,12,11.99056332,2,3,299514083,300014083,5551245.31817,6136676.291994545,epl3,3,0.05379129956324457
cleanStatic,train,12,11.99056332,2,3,299514083,300014083,5551245.31817,6136676.291994545,fixed9,9,0.05084431040422699
cleanStatic,train,12,11.99056332,2,3,299514083,300014083,5551245.31817,6136676.291994545,random1_k3,3,0.12638162678085282
cleanStatic,train,12,11.99056332,2,3,299514083,300014083,5551245.31817,6136676.291994545,random2_k3,3,0.08266291018802162
cleanStatic,train,12,11.99056332,2,3,299514083,300014083,5551245.31817,6136676.291994545,random3_k3,3,0.03958963116048259
cleanStatic,train,12,11.99056332,2,3,299514083,300014083,5551245.31817,6136676.291994545,random4_k3,3,0.018213548838152304
cleanStatic,train,12,11.99056332,2,3,299514083,300014083,5551245.31817,6136676.291994545,random5_k3,3,0.06576694834146384
cleanStatic,train,12,11.99056332,2,3,299514083,300014083,5551245.31817,6136676.291994545,random1_k5,5,0.07690407658143097
cleanStatic,train,12,11.99056332,2,3,299514083,300014083,5551245.31817,6136676.291994545,random2_k5,5,0.04206723251068115
cleanStatic,train,12,11.99056332,2,3,299514083,300014083,5551245.31817,6136676.291994545,random3_k5,5,0.07549369754567666
cleanStatic,train,12,11.99056332,2,3,299514083,300014083,5551245.31817,6136676.291994545,random4_k5,5,0.07836012163634774
cleanStatic,train,12,11.99056332,2,3,299514083,300014083,5551245.31817,6136676.291994545,random5_k5,5,0.14488979982574757
cleanStatic,train,12,11.99056332,2,3,299514083,300014083,5551245.31817,6136676.291994545,random1_k9,9,0.03533550740471468
cleanStatic,train,12,11.99056332,2,3,299514083,300014083,5551245.31817,6136676.291994545,random2_k9,9,0.14155001840207238
cleanStatic,train,12,11.99056332,2,3,299514083,300014083,5551245.31817,6136676.291994545,random3_k9,9,0.13382397340723506
cleanStatic,train,12,11.99056332,2,3,299514083,300014083,5551245.31817,6136676.291994545,random4_k9,9,0.13502108709642757
cleanStatic,train,12,11.99056332,2,3,299514083,300014083,5551245.31817,6136676.291994545,random5_k9,9,0.2470406463013996
cleanStatic,train,12,11.99026824,3,20,299506706,300006706,5549288.083439999,2591892.885405372,dense_two_source_glrt,187,0.33250341394975136
cleanStatic,train,12,11.99026824,3,20,299506706,300006706,5549288.083439999,2591892.885405372,dense_one_source_residual,187,1.6654983680911277
cleanStatic,train,12,11.99026824,3,20,299506706,300006706,5549288.083439999,2591892.885405372,raw_power_only,0,5549288.083439999
cleanStatic,train,12,11.99026824,3,20,299506706,300006706,5549288.083439999,2591892.885405372,analytic_sparse_k3,3,0.46210697782978855
cleanStatic,train,12,11.99026824,3,20,299506706,300006706,5549288.083439999,2591892.885405372,uniform_k3,3,0.26744294504520566
cleanStatic,train,12,11.99026824,3,20,299506706,300006706,5549288.083439999,2591892.885405372,shuffled_k3,3,0.6441542670730336
cleanStatic,train,12,11.99026824,3,20,299506706,300006706,5549288.083439999,2591892.885405372,analytic_sparse_k5,5,0.3478145370638318
cleanStatic,train,12,11.99026824,3,20,299506706,300006706,5549288.083439999,2591892.885405372,uniform_k5,5,0.23272783316685683
cleanStatic,train,12,11.99026824,3,20,299506706,300006706,5549288.083439999,2591892.885405372,shuffled_k5,5,0.3026959599225002
cleanStatic,train,12,11.99026824,3,20,299506706,300006706,5549288.083439999,2591892.885405372,analytic_sparse_k9,9,0.42173489465947406
cleanStatic,train,12,11.99026824,3,20,299506706,300006706,5549288.083439999,2591892.885405372,uniform_k9,9,0.40191533993137657
cleanStatic,train,12,11.99026824,3,20,299506706,300006706,5549288.083439999,2591892.885405372,shuffled_k9,9,1.3997158524770226
cleanStatic,train,12,11.99026824,3,20,299506706,300006706,5549288.083439999,2591892.885405372,ai_sparse_k3,3,2.135265374800634
cleanStatic,train,12,11.99026824,3,20,299506706,300006706,5549288.083439999,2591892.885405372,pg_scc_k3,3,0.7180589619218006
cleanStatic,train,12,11.99026824,3,20,299506706,300006706,5549288.083439999,2591892.885405372,ai_sparse_k5,5,2.5665710307792495
cleanStatic,train,12,11.99026824,3,20,299506706,300006706,5549288.083439999,2591892.885405372,pg_scc_k5,5,0.4921303832342428
cleanStatic,train,12,11.99026824,3,20,299506706,300006706,5549288.083439999,2591892.885405372,ai_sparse_k9,9,1.6111599007391497
cleanStatic,train,12,11.99026824,3,20,299506706,300006706,5549288.083439999,2591892.885405372,pg_scc_k9,9,0.3265029413132006
cleanStatic,train,12,11.99026824,3,20,299506706,300006706,5549288.083439999,2591892.885405372,epl3,3,1.5195514588860919
cleanStatic,train,12,11.99026824,3,20,299506706,300006706,5549288.083439999,2591892.885405372,fixed9,9,1.7153671776958082
cleanStatic,train,12,11.99026824,3,20,299506706,300006706,5549288.083439999,2591892.885405372,random1_k3,3,1.6104567644091985
cleanStatic,train,12,11.99026824,3,20,299506706,300006706,5549288.083439999,2591892.885405372,random2_k3,3,0.11504574915172489
cleanStatic,train,12,11.99026824,3,20,299506706,300006706,5549288.083439999,2591892.885405372,random3_k3,3,0.9248456545518131
cleanStatic,train,12,11.99026824,3,20,299506706,300006706,5549288.083439999,2591892.885405372,random4_k3,3,0.42503116840138583
cleanStatic,train,12,11.99026824,3,20,299506706,300006706,5549288.083439999,2591892.885405372,random5_k3,3,1.9247660129127553
cleanStatic,train,12,11.99026824,3,20,299506706,300006706,5549288.083439999,2591892.885405372,random1_k5,5,0.2874476702357088
cleanStatic,train,12,11.99026824,3,20,299506706,300006706,5549288.083439999,2591892.885405372,random2_k5,5,0.5478138135633424
cleanStatic,train,12,11.99026824,3,20,299506706,300006706,5549288.083439999,2591892.885405372,random3_k5,5,0.4758978712111762
cleanStatic,train,12,11.99026824,3,20,299506706,300006706,5549288.083439999,2591892.885405372,random4_k5,5,0.3100365146143725
cleanStatic,train,12,11.99026824,3,20,299506706,300006706,5549288.083439999,2591892.885405372,random5_k5,5,1.1900757690615333
cleanStatic,train,12,11.99026824,3,20,299506706,300006706,5549288.083439999,2591892.885405372,random1_k9,9,2.0027070867134893
cleanStatic,train,12,11.99026824,3,20,299506706,300006706,5549288.083439999,2591892.885405372,random2_k9,9,0.16519203082419626
cleanStatic,train,12,11.99026824,3,20,299506706,300006706,5549288.083439999,2591892.885405372,random3_k9,9,0.6749472778087527
cleanStatic,train,12,11.99026824,3,20,299506706,300006706,5549288.083439999,2591892.885405372,random4_k9,9,0.43417312083518333
cleanStatic,train,12,11.99026824,3,20,299506706,300006706,5549288.083439999,2591892.885405372,random5_k9,9,0.8210008172966557
cleanStatic,train,12,12.18456884,4,30,304364221,304864221,5577746.798803999,2171418.611675849,dense_two_source_glrt,187,0.13126667948544457
cleanStatic,train,12,12.18456884,4,30,304364221,304864221,5577746.798803999,2171418.611675849,dense_one_source_residual,187,1.048837128472289
cleanStatic,train,12,12.18456884,4,30,304364221,304864221,5577746.798803999,2171418.611675849,raw_power_only,0,5577746.798803999
cleanStatic,train,12,12.18456884,4,30,304364221,304864221,5577746.798803999,2171418.611675849,analytic_sparse_k3,3,0.18259826964403203
cleanStatic,train,12,12.18456884,4,30,304364221,304864221,5577746.798803999,2171418.611675849,uniform_k3,3,1.0860632835271202
cleanStatic,train,12,12.18456884,4,30,304364221,304864221,5577746.798803999,2171418.611675849,shuffled_k3,3,0.19283590651956872
cleanStatic,train,12,12.18456884,4,30,304364221,304864221,5577746.798803999,2171418.611675849,analytic_sparse_k5,5,0.5201234131973557
cleanStatic,train,12,12.18456884,4,30,304364221,304864221,5577746.798803999,2171418.611675849,uniform_k5,5,0.5967646106325484
cleanStatic,train,12,12.18456884,4,30,304364221,304864221,5577746.798803999,2171418.611675849,shuffled_k5,5,0.5707774068464682
cleanStatic,train,12,12.18456884,4,30,304364221,304864221,5577746.798803999,2171418.611675849,analytic_sparse_k9,9,0.20411062454623796
cleanStatic,train,12,12.18456884,4,30,304364221,304864221,5577746.798803999,2171418.611675849,uniform_k9,9,0.09904553047237316
cleanStatic,train,12,12.18456884,4,30,304364221,304864221,5577746.798803999,2171418.611675849,shuffled_k9,9,0.1366389716995762
cleanStatic,train,12,12.18456884,4,30,304364221,304864221,5577746.798803999,2171418.611675849,ai_sparse_k3,3,0.6889677576255909
cleanStatic,train,12,12.18456884,4,30,304364221,304864221,5577746.798803999,2171418.611675849,pg_scc_k3,3,0.5775216343569487
cleanStatic,train,12,12.18456884,4,30,304364221,304864221,5577746.798803999,2171418.611675849,ai_sparse_k5,5,0.319429297095273
cleanStatic,train,12,12.18456884,4,30,304364221,304864221,5577746.798803999,2171418.611675849,pg_scc_k5,5,0.12120174317252567
cleanStatic,train,12,12.18456884,4,30,304364221,304864221,5577746.798803999,2171418.611675849,ai_sparse_k9,9,0.3675965922249489
cleanStatic,train,12,12.18456884,4,30,304364221,304864221,5577746.798803999,2171418.611675849,pg_scc_k9,9,0.2444644087533706
cleanStatic,train,12,12.18456884,4,30,304364221,304864221,5577746.798803999,2171418.611675849,epl3,3,0.03210800744102424
cleanStatic,train,12,12.18456884,4,30,304364221,304864221,5577746.798803999,2171418.611675849,fixed9,9,0.2417183723425373
cleanStatic,train,12,12.18456884,4,30,304364221,304864221,5577746.798803999,2171418.611675849,random1_k3,3,0.10412608411009981
cleanStatic,train,12,12.18456884,4,30,304364221,304864221,5577746.798803999,2171418.611675849,random2_k3,3,0.9161885147528559
cleanStatic,train,12,12.18456884,4,30,304364221,304864221,5577746.798803999,2171418.611675849,random3_k3,3,0.4194669303598004
cleanStatic,train,12,12.18456884,4,30,304364221,304864221,5577746.798803999,2171418.611675849,random4_k3,3,0.5254471812994371
cleanStatic,train,12,12.18456884,4,30,304364221,304864221,5577746.798803999,2171418.611675849,random5_k3,3,0.40593321919073627
cleanStatic,train,12,12.18456884,4,30,304364221,304864221,5577746.798803999,2171418.611675849,random1_k5,5,0.5367540742039809
cleanStatic,train,12,12.18456884,4,30,304364221,304864221,5577746.798803999,2171418.611675849,random2_k5,5,0.3732267960902854
cleanStatic,train,12,12.18456884,4,30,304364221,304864221,5577746.798803999,2171418.611675849,random3_k5,5,0.701968941875798
cleanStatic,train,12,12.18456884,4,30,304364221,304864221,5577746.798803999,2171418.611675849,random4_k5,5,0.44363337034305594
cleanStatic,train,12,12.18456884,4,30,304364221,304864221,5577746.798803999,2171418.611675849,random5_k5,5,0.7485709479448401
cleanStatic,train,12,12.18456884,4,30,304364221,304864221,5577746.798803999,2171418.611675849,random1_k9,9,0.3783250013844608
cleanStatic,train,12,12.18456884,4,30,304364221,304864221,5577746.798803999,2171418.611675849,random2_k9,9,0.2831145559447982
cleanStatic,train,12,12.18456884,4,30,304364221,304864221,5577746.798803999,2171418.611675849,random3_k9,9,0.5614138202588977
cleanStatic,train,12,12.18456884,4,30,304364221,304864221,5577746.798803999,2171418.611675849,random4_k9,9,0.30907945625104755
cleanStatic,train,12,12.18456884,4,30,304364221,304864221,5577746.798803999,2171418.611675849,random5_k9,9,0.21691648194334354
cleanStatic,train,12,11.9906456,5,6,299516140,300016140,5551789.372966,4677335.934212145,dense_two_source_glrt,187,0.03835635882124768
cleanStatic,train,12,11.9906456,5,6,299516140,300016140,5551789.372966,4677335.934212145,dense_one_source_residual,187,0.4029449184922447
cleanStatic,train,12,11.9906456,5,6,299516140,300016140,5551789.372966,4677335.934212145,raw_power_only,0,5551789.372966
cleanStatic,train,12,11.9906456,5,6,299516140,300016140,5551789.372966,4677335.934212145,analytic_sparse_k3,3,0.17083733964118628
cleanStatic,train,12,11.9906456,5,6,299516140,300016140,5551789.372966,4677335.934212145,uniform_k3,3,0.3655656595881696
cleanStatic,train,12,11.9906456,5,6,299516140,300016140,5551789.372966,4677335.934212145,shuffled_k3,3,0.08520170545369142
cleanStatic,train,12,11.9906456,5,6,299516140,300016140,5551789.372966,4677335.934212145,analytic_sparse_k5,5,0.22047967524987086
cleanStatic,train,12,11.9906456,5,6,299516140,300016140,5551789.372966,4677335.934212145,uniform_k5,5,0.16966359755003538
cleanStatic,train,12,11.9906456,5,6,299516140,300016140,5551789.372966,4677335.934212145,shuffled_k5,5,0.17969222619822645
cleanStatic,train,12,11.9906456,5,6,299516140,300016140,5551789.372966,4677335.934212145,analytic_sparse_k9,9,0.12633455065916996
cleanStatic,train,12,11.9906456,5,6,299516140,300016140,5551789.372966,4677335.934212145,uniform_k9,9,0.02927429592389129
cleanStatic,train,12,11.9906456,5,6,299516140,300016140,5551789.372966,4677335.934212145,shuffled_k9,9,0.09180096064880362
cleanStatic,train,12,11.9906456,5,6,299516140,300016140,5551789.372966,4677335.934212145,ai_sparse_k3,3,0.1081589046631893
cleanStatic,train,12,11.9906456,5,6,299516140,300016140,5551789.372966,4677335.934212145,pg_scc_k3,3,0.08136863776401164
cleanStatic,train,12,11.9906456,5,6,299516140,300016140,5551789.372966,4677335.934212145,ai_sparse_k5,5,0.0975648398298902
cleanStatic,train,12,11.9906456,5,6,299516140,300016140,5551789.372966,4677335.934212145,pg_scc_k5,5,0.04744008668367572
cleanStatic,train,12,11.9906456,5,6,299516140,300016140,5551789.372966,4677335.934212145,ai_sparse_k9,9,0.07179608477321035
cleanStatic,train,12,11.9906456,5,6,299516140,300016140,5551789.372966,4677335.934212145,pg_scc_k9,9,0.05357675660474927
cleanStatic,train,12,11.9906456,5,6,299516140,300016140,5551789.372966,4677335.934212145,epl3,3,0.38169890999005335
cleanStatic,train,12,11.9906456,5,6,299516140,300016140,5551789.372966,4677335.934212145,fixed9,9,0.2262324684711887
cleanStatic,train,12,11.9906456,5,6,299516140,300016140,5551789.372966,4677335.934212145,random1_k3,3,0.49338571013666094
cleanStatic,train,12,11.9906456,5,6,299516140,300016140,5551789.372966,4677335.934212145,random2_k3,3,0.23923173400844996
cleanStatic,train,12,11.9906456,5,6,299516140,300016140,5551789.372966,4677335.934212145,random3_k3,3,0.33072142454794373
cleanStatic,train,12,11.9906456,5,6,299516140,300016140,5551789.372966,4677335.934212145,random4_k3,3,0.16349286837397686
cleanStatic,train,12,11.9906456,5,6,299516140,300016140,5551789.372966,4677335.934212145,random5_k3,3,0.09062170818334171
cleanStatic,train,12,11.9906456,5,6,299516140,300016140,5551789.372966,4677335.934212145,random1_k5,5,0.10772205505692223
cleanStatic,train,12,11.9906456,5,6,299516140,300016140,5551789.372966,4677335.934212145,random2_k5,5,0.11405783972099845
cleanStatic,train,12,11.9906456,5,6,299516140,300016140,5551789.372966,4677335.934212145,random3_k5,5,0.21968475070969595
cleanStatic,train,12,11.9906456,5,6,299516140,300016140,5551789.372966,4677335.934212145,random4_k5,5,0.3436239326583851
cleanStatic,train,12,11.9906456,5,6,299516140,300016140,5551789.372966,4677335.934212145,random5_k5,5,0.07634044953621726
cleanStatic,train,12,11.9906456,5,6,299516140,300016140,5551789.372966,4677335.934212145,random1_k9,9,0.26336929029279754
cleanStatic,train,12,11.9906456,5,6,299516140,300016140,5551789.372966,4677335.934212145,random2_k9,9,0.11401591035137912
cleanStatic,train,12,11.9906456,5,6,299516140,300016140,5551789.372966,4677335.934212145,random3_k9,9,0.07346957969726252
cleanStatic,train,12,11.9906456,5,6,299516140,300016140,5551789.372966,4677335.934212145,random4_k9,9,0.1335510715574011
cleanStatic,train,12,11.9906456,5,6,299516140,300016140,5551789.372966,4677335.934212145,random5_k9,9,0.10568208109201008
cleanStatic,train,12,11.99024344,6,7,299506086,300006086,5550056.473645999,4709259.730240564,dense_two_source_glrt,187,0.20681319449741303
cleanStatic,train,12,11.99024344,6,7,299506086,300006086,5550056.473645999,4709259.730240564,dense_one_source_residual,187,0.9822446393546601
cleanStatic,train,12,11.99024344,6,7,299506086,300006086,5550056.473645999,4709259.730240564,raw_power_only,0,5550056.473645999
cleanStatic,train,12,11.99024344,6,7,299506086,300006086,5550056.473645999,4709259.730240564,analytic_sparse_k3,3,0.06201489105127236
cleanStatic,train,12,11.99024344,6,7,299506086,300006086,5550056.473645999,4709259.730240564,uniform_k3,3,0.6950567494627086
cleanStatic,train,12,11.99024344,6,7,299506086,300006086,5550056.473645999,4709259.730240564,shuffled_k3,3,0.012501205905232791
cleanStatic,train,12,11.99024344,6,7,299506086,300006086,5550056.473645999,4709259.730240564,analytic_sparse_k5,5,0.34174837200554486
cleanStatic,train,12,11.99024344,6,7,299506086,300006086,5550056.473645999,4709259.730240564,uniform_k5,5,0.40689619822531053
cleanStatic,train,12,11.99024344,6,7,299506086,300006086,5550056.473645999,4709259.730240564,shuffled_k5,5,0.3979049176649316
cleanStatic,train,12,11.99024344,6,7,299506086,300006086,5550056.473645999,4709259.730240564,analytic_sparse_k9,9,0.4997420489783264
cleanStatic,train,12,11.99024344,6,7,299506086,300006086,5550056.473645999,4709259.730240564,uniform_k9,9,0.07464748738634361
cleanStatic,train,12,11.99024344,6,7,299506086,300006086,5550056.473645999,4709259.730240564,shuffled_k9,9,0.7296051663267101
cleanStatic,train,12,11.99024344,6,7,299506086,300006086,5550056.473645999,4709259.730240564,ai_sparse_k3,3,1.4352089120607907
cleanStatic,train,12,11.99024344,6,7,299506086,300006086,5550056.473645999,4709259.730240564,pg_scc_k3,3,1.1828818782391968
cleanStatic,train,12,11.99024344,6,7,299506086,300006086,5550056.473645999,4709259.730240564,ai_sparse_k5,5,1.0014380231112867
cleanStatic,train,12,11.99024344,6,7,299506086,300006086,5550056.473645999,4709259.730240564,pg_scc_k5,5,0.2852249307115285
cleanStatic,train,12,11.99024344,6,7,299506086,300006086,5550056.473645999,4709259.730240564,ai_sparse_k9,9,0.6406211628491629
cleanStatic,train,12,11.99024344,6,7,299506086,300006086,5550056.473645999,4709259.730240564,pg_scc_k9,9,0.16878262954556256
cleanStatic,train,12,11.99024344,6,7,299506086,300006086,5550056.473645999,4709259.730240564,epl3,3,0.5534945046088359
cleanStatic,train,12,11.99024344,6,7,299506086,300006086,5550056.473645999,4709259.730240564,fixed9,9,0.7174309011211778
cleanStatic,train,12,11.99024344,6,7,299506086,300006086,5550056.473645999,4709259.730240564,random1_k3,3,0.9292351266397292
cleanStatic,train,12,11.99024344,6,7,299506086,300006086,5550056.473645999,4709259.730240564,random2_k3,3,0.5629527625290593
cleanStatic,train,12,11.99024344,6,7,299506086,300006086,5550056.473645999,4709259.730240564,random3_k3,3,0.760156402999454
cleanStatic,train,12,11.99024344,6,7,299506086,300006086,5550056.473645999,4709259.730240564,random4_k3,3,0.4363650600510802
cleanStatic,train,12,11.99024344,6,7,299506086,300006086,5550056.473645999,4709259.730240564,random5_k3,3,0.27296915605039923
cleanStatic,train,12,11.99024344,6,7,299506086,300006086,5550056.473645999,4709259.730240564,random1_k5,5,0.3039580614005513
cleanStatic,train,12,11.99024344,6,7,299506086,300006086,5550056.473645999,4709259.730240564,random2_k5,5,0.5294694893111697
cleanStatic,train,12,11.99024344,6,7,299506086,300006086,5550056.473645999,4709259.730240564,random3_k5,5,0.7509337439474816
cleanStatic,train,12,11.99024344,6,7,299506086,300006086,5550056.473645999,4709259.730240564,random4_k5,5,0.21746308373259873
cleanStatic,train,12,11.99024344,6,7,299506086,300006086,5550056.473645999,4709259.730240564,random5_k5,5,0.3429301181326041
cleanStatic,train,12,11.99024344,6,7,299506086,300006086,5550056.473645999,4709259.730240564,random1_k9,9,0.6922068005903669
cleanStatic,train,12,11.99024344,6,7,299506086,300006086,5550056.473645999,4709259.730240564,random2_k9,9,0.1680682891609106
cleanStatic,train,12,11.99024344,6,7,299506086,300006086,5550056.473645999,4709259.730240564,random3_k9,9,0.34209451894970094
cleanStatic,train,12,11.99024344,6,7,299506086,300006086,5550056.473645999,4709259.730240564,random4_k9,9,0.6401074912891034
cleanStatic,train,12,11.99024344,6,7,299506086,300006086,5550056.473645999,4709259.730240564,random5_k9,9,0.37874098441871834
cleanStatic,train,12,11.99039084,7,10,299509771,300009771,5549667.511604,2711190.119070922,dense_two_source_glrt,187,0.5323953505026312
cleanStatic,train,12,11.99039084,7,10,299509771,300009771,5549667.511604,2711190.119070922,dense_one_source_residual,187,2.350561768939489
cleanStatic,train,12,11.99039084,7,10,299509771,300009771,5549667.511604,2711190.119070922,raw_power_only,0,5549667.511604
cleanStatic,train,12,11.99039084,7,10,299509771,300009771,5549667.511604,2711190.119070922,analytic_sparse_k3,3,0.09638094266624576
cleanStatic,train,12,11.99039084,7,10,299509771,300009771,5549667.511604,2711190.119070922,uniform_k3,3,0.25487732301820276
cleanStatic,train,12,11.99039084,7,10,299509771,300009771,5549667.511604,2711190.119070922,shuffled_k3,3,0.4139315454514019
cleanStatic,train,12,11.99039084,7,10,299509771,300009771,5549667.511604,2711190.119070922,analytic_sparse_k5,5,0.5739401174466885
cleanStatic,train,12,11.99039084,7,10,299509771,300009771,5549667.511604,2711190.119070922,uniform_k5,5,0.3071058517520421
cleanStatic,train,12,11.99039084,7,10,299509771,300009771,5549667.511604,2711190.119070922,shuffled_k5,5,0.7566077320114947
cleanStatic,train,12,11.99039084,7,10,299509771,300009771,5549667.511604,2711190.119070922,analytic_sparse_k9,9,0.9674646237411607
cleanStatic,train,12,11.99039084,7,10,299509771,300009771,5549667.511604,2711190.119070922,uniform_k9,9,0.29603593841848647
cleanStatic,train,12,11.99039084,7,10,299509771,300009771,5549667.511604,2711190.119070922,shuffled_k9,9,1.3306803642259384
cleanStatic,train,12,11.99039084,7,10,299509771,300009771,5549667.511604,2711190.119070922,ai_sparse_k3,3,4.211857359059883
cleanStatic,train,12,11.99039084,7,10,299509771,300009771,5549667.511604,2711190.119070922,pg_scc_k3,3,3.248396686401892
cleanStatic,train,12,11.99039084,7,10,299509771,300009771,5549667.511604,2711190.119070922,ai_sparse_k5,5,1.4211593683888182
cleanStatic,train,12,11.99039084,7,10,299509771,300009771,5549667.511604,2711190.119070922,pg_scc_k5,5,0.9633958466736778
cleanStatic,train,12,11.99039084,7,10,299509771,300009771,5549667.511604,2711190.119070922,ai_sparse_k9,9,1.3822823999322498
cleanStatic,train,12,11.99039084,7,10,299509771,300009771,5549667.511604,2711190.119070922,pg_scc_k9,9,0.7902024469661811
cleanStatic,train,12,11.99039084,7,10,299509771,300009771,5549667.511604,2711190.119070922,epl3,3,1.9472589663307314
cleanStatic,train,12,11.99039084,7,10,299509771,300009771,5549667.511604,2711190.119070922,fixed9,9,2.2226666513323727
cleanStatic,train,12,11.99039084,7,10,299509771,300009771,5549667.511604,2711190.119070922,random1_k3,3,0.9964388002319037
cleanStatic,train,12,11.99039084,7,10,299509771,300009771,5549667.511604,2711190.119070922,random2_k3,3,1.6265882839822188
cleanStatic,train,12,11.99039084,7,10,299509771,300009771,5549667.511604,2711190.119070922,random3_k3,3,1.290829988837048
cleanStatic,train,12,11.99039084,7,10,299509771,300009771,5549667.511604,2711190.119070922,random4_k3,3,0.5845738607664216
cleanStatic,train,12,11.99039084,7,10,299509771,300009771,5549667.511604,2711190.119070922,random5_k3,3,1.1727843840630385
cleanStatic,train,12,11.99039084,7,10,299509771,300009771,5549667.511604,2711190.119070922,random1_k5,5,1.2048736282726176
cleanStatic,train,12,11.99039084,7,10,299509771,300009771,5549667.511604,2711190.119070922,random2_k5,5,0.7408525987563943
cleanStatic,train,12,11.99039084,7,10,299509771,300009771,5549667.511604,2711190.119070922,random3_k5,5,0.5829072427698213
cleanStatic,train,12,11.99039084,7,10,299509771,300009771,5549667.511604,2711190.119070922,random4_k5,5,0.35741342624448336
cleanStatic,train,12,11.99039084,7,10,299509771,300009771,5549667.511604,2711190.119070922,random5_k5,5,0.6421327632315699
cleanStatic,train,12,11.99039084,7,10,299509771,300009771,5549667.511604,2711190.119070922,random1_k9,9,1.0192792434357683
cleanStatic,train,12,11.99039084,7,10,299509771,300009771,5549667.511604,2711190.119070922,random2_k9,9,0.5129927507973994
cleanStatic,train,12,11.99039084,7,10,299509771,300009771,5549667.511604,2711190.119070922,random3_k9,9,1.347731446981615
cleanStatic,train,12,11.99039084,7,10,299509771,300009771,5549667.511604,2711190.119070922,random4_k9,9,0.7193725064891852
cleanStatic,train,12,11.99039084,7,10,299509771,300009771,5549667.511604,2711190.119070922,random5_k9,9,1.034457578430435
cleanStatic,train,12,11.9907196,8,13,299517990,300017990,5552450.202412,6520149.465465414,dense_two_source_glrt,187,0.03449443219678357
cleanStatic,train,12,11.9907196,8,13,299517990,300017990,5552450.202412,6520149.465465414,dense_one_source_residual,187,0.19173318343843995
cleanStatic,train,12,11.9907196,8,13,299517990,300017990,5552450.202412,6520149.465465414,raw_power_only,0,5552450.202412
cleanStatic,train,12,11.9907196,8,13,299517990,300017990,5552450.202412,6520149.465465414,analytic_sparse_k3,3,0.10267663641087511
cleanStatic,train,12,11.9907196,8,13,299517990,300017990,5552450.202412,6520149.465465414,uniform_k3,3,0.19800773968192198
cleanStatic,train,12,11.9907196,8,13,299517990,300017990,5552450.202412,6520149.465465414,shuffled_k3,3,0.15663183568906736
cleanStatic,train,12,11.9907196,8,13,299517990,300017990,5552450.202412,6520149.465465414,analytic_sparse_k5,5,0.15381390408267953
cleanStatic,train,12,11.9907196,8,13,299517990,300017990,5552450.202412,6520149.465465414,uniform_k5,5,0.09851548734995587
cleanStatic,train,12,11.9907196,8,13,299517990,300017990,5552450.202412,6520149.465465414,shuffled_k5,5,0.05127924949593178
cleanStatic,train,12,11.9907196,8,13,299517990,300017990,5552450.202412,6520149.465465414,analytic_sparse_k9,9,0.109382967596889
cleanStatic,train,12,11.9907196,8,13,299517990,300017990,5552450.202412,6520149.465465414,uniform_k9,9,0.015409583307374804
cleanStatic,train,12,11.9907196,8,13,299517990,300017990,5552450.202412,6520149.465465414,shuffled_k9,9,0.11466382539498582
cleanStatic,train,12,11.9907196,8,13,299517990,300017990,5552450.202412,6520149.465465414,ai_sparse_k3,3,0.15404857527426366
cleanStatic,train,12,11.9907196,8,13,299517990,300017990,5552450.202412,6520149.465465414,pg_scc_k3,3,0.08188278996786308
cleanStatic,train,12,11.9907196,8,13,299517990,300017990,5552450.202412,6520149.465465414,ai_sparse_k5,5,0.16997799636853198
cleanStatic,train,12,11.9907196,8,13,299517990,300017990,5552450.202412,6520149.465465414,pg_scc_k5,5,0.04949146278703838
cleanStatic,train,12,11.9907196,8,13,299517990,300017990,5552450.202412,6520149.465465414,ai_sparse_k9,9,0.13680485902058293
cleanStatic,train,12,11.9907196,8,13,299517990,300017990,5552450.202412,6520149.465465414,pg_scc_k9,9,0.042196297476427023
cleanStatic,train,12,11.9907196,8,13,299517990,300017990,5552450.202412,6520149.465465414,epl3,3,0.15387173734611317
cleanStatic,train,12,11.9907196,8,13,299517990,300017990,5552450.202412,6520149.465465414,fixed9,9,0.08593606032125543
cleanStatic,train,12,11.9907196,8,13,299517990,300017990,5552450.202412,6520149.465465414,random1_k3,3,0.21434602978939976
cleanStatic,train,12,11.9907196,8,13,299517990,300017990,5552450.202412,6520149.465465414,random2_k3,3,0.14790091673166947
cleanStatic,train,12,11.9907196,8,13,299517990,300017990,5552450.202412,6520149.465465414,random3_k3,3,0.024856748691956327
cleanStatic,train,12,11.9907196,8,13,299517990,300017990,5552450.202412,6520149.465465414,random4_k3,3,0.13941426380083227
cleanStatic,train,12,11.9907196,8,13,299517990,300017990,5552450.202412,6520149.465465414,random5_k3,3,0.05880910106526532
cleanStatic,train,12,11.9907196,8,13,299517990,300017990,5552450.202412,6520149.465465414,random1_k5,5,0.014709466269819204
cleanStatic,train,12,11.9907196,8,13,299517990,300017990,5552450.202412,6520149.465465414,random2_k5,5,0.06532174790697572
cleanStatic,train,12,11.9907196,8,13,299517990,300017990,5552450.202412,6520149.465465414,random3_k5,5,0.15661851985506642
cleanStatic,train,12,11.9907196,8,13,299517990,300017990,5552450.202412,6520149.465465414,random4_k5,5,0.03107133644734451
cleanStatic,train,12,11.9907196,8,13,299517990,300017990,5552450.202412,6520149.465465414,random5_k5,5,0.058073514980588305
cleanStatic,train,12,11.9907196,8,13,299517990,300017990,5552450.202412,6520149.465465414,random1_k9,9,0.09202117907283212
cleanStatic,train,12,11.9907196,8,13,299517990,300017990,5552450.202412,6520149.465465414,random2_k9,9,0.0495144150025678
cleanStatic,train,12,11.9907196,8,13,299517990,300017990,5552450.202412,6520149.465465414,random3_k9,9,0.01960606881116796
cleanStatic,train,12,11.9907196,8,13,299517990,300017990,5552450.202412,6520149.465465414,random4_k9,9,0.037163977443200005
cleanStatic,train,12,11.9907196,8,13,299517990,300017990,5552450.202412,6520149.465465414,random5_k9,9,0.0324086710302515
cleanStatic,train,12,11.9945752,9,19,299614380,300114380,5540697.067097999,4640443.747572384,dense_two_source_glrt,187,0.055775546583249444
cleanStatic,train,12,11.9945752,9,19,299614380,300114380,5540697.067097999,4640443.747572384,dense_one_source_residual,187,0.3953665223055256
cleanStatic,train,12,11.9945752,9,19,299614380,300114380,5540697.067097999,4640443.747572384,raw_power_only,0,5540697.067097999
cleanStatic,train,12,11.9945752,9,19,299614380,300114380,5540697.067097999,4640443.747572384,analytic_sparse_k3,3,0.07699490460315245
cleanStatic,train,12,11.9945752,9,19,299614380,300114380,5540697.067097999,4640443.747572384,uniform_k3,3,0.5649297022133527
cleanStatic,train,12,11.9945752,9,19,299614380,300114380,5540697.067097999,4640443.747572384,shuffled_k3,3,0.2567253463533623
cleanStatic,train,12,11.9945752,9,19,299614380,300114380,5540697.067097999,4640443.747572384,analytic_sparse_k5,5,0.10843132182287332
cleanStatic,train,12,11.9945752,9,19,299614380,300114380,5540697.067097999,4640443.747572384,uniform_k5,5,0.18855525914051463
cleanStatic,train,12,11.9945752,9,19,299614380,300114380,5540697.067097999,4640443.747572384,shuffled_k5,5,0.12348047315506117
cleanStatic,train,12,11.9945752,9,19,299614380,300114380,5540697.067097999,4640443.747572384,analytic_sparse_k9,9,0.09220628408024625
cleanStatic,train,12,11.9945752,9,19,299614380,300114380,5540697.067097999,4640443.747572384,uniform_k9,9,0.06698079077205267
cleanStatic,train,12,11.9945752,9,19,299614380,300114380,5540697.067097999,4640443.747572384,shuffled_k9,9,0.09405329987056198
cleanStatic,train,12,11.9945752,9,19,299614380,300114380,5540697.067097999,4640443.747572384,ai_sparse_k3,3,0.28244343556417134
cleanStatic,train,12,11.9945752,9,19,299614380,300114380,5540697.067097999,4640443.747572384,pg_scc_k3,3,0.15650588802907914
cleanStatic,train,12,11.9945752,9,19,299614380,300114380,5540697.067097999,4640443.747572384,ai_sparse_k5,5,0.21159669103891132
cleanStatic,train,12,11.9945752,9,19,299614380,300114380,5540697.067097999,4640443.747572384,pg_scc_k5,5,0.1617577816974613
cleanStatic,train,12,11.9945752,9,19,299614380,300114380,5540697.067097999,4640443.747572384,ai_sparse_k9,9,0.025995909017644776
cleanStatic,train,12,11.9945752,9,19,299614380,300114380,5540697.067097999,4640443.747572384,pg_scc_k9,9,0.0905701078180542
cleanStatic,train,12,11.9945752,9,19,299614380,300114380,5540697.067097999,4640443.747572384,epl3,3,0.10906214163456955
cleanStatic,train,12,11.9945752,9,19,299614380,300114380,5540697.067097999,4640443.747572384,fixed9,9,0.016766947173708538
cleanStatic,train,12,11.9945752,9,19,299614380,300114380,5540697.067097999,4640443.747572384,random1_k3,3,0.418880798682108
cleanStatic,train,12,11.9945752,9,19,299614380,300114380,5540697.067097999,4640443.747572384,random2_k3,3,0.07980541968899298
cleanStatic,train,12,11.9945752,9,19,299614380,300114380,5540697.067097999,4640443.747572384,random3_k3,3,0.051194561992292296
cleanStatic,train,12,11.9945752,9,19,299614380,300114380,5540697.067097999,4640443.747572384,random4_k3,3,0.2509577280677306
cleanStatic,train,12,11.9945752,9,19,299614380,300114380,5540697.067097999,4640443.747572384,random5_k3,3,0.07109650361880511
cleanStatic,train,12,11.9945752,9,19,299614380,300114380,5540697.067097999,4640443.747572384,random1_k5,5,0.11195251691439197
cleanStatic,train,12,11.9945752,9,19,299614380,300114380,5540697.067097999,4640443.747572384,random2_k5,5,0.03839380498663318
cleanStatic,train,12,11.9945752,9,19,299614380,300114380,5540697.067097999,4640443.747572384,random3_k5,5,0.19821045698948642
cleanStatic,train,12,11.9945752,9,19,299614380,300114380,5540697.067097999,4640443.747572384,random4_k5,5,0.136955067058084
cleanStatic,train,12,11.9945752,9,19,299614380,300114380,5540697.067097999,4640443.747572384,random5_k5,5,0.08416158656975423
cleanStatic,train,12,11.9945752,9,19,299614380,300114380,5540697.067097999,4640443.747572384,random1_k9,9,0.13511867223380009
cleanStatic,train,12,11.9945752,9,19,299614380,300114380,5540697.067097999,4640443.747572384,random2_k9,9,0.02257317875176226
cleanStatic,train,12,11.9945752,9,19,299614380,300114380,5540697.067097999,4640443.747572384,random3_k9,9,0.01887610444170398
cleanStatic,train,12,11.9945752,9,19,299614380,300114380,5540697.067097999,4640443.747572384,random4_k9,9,0.026392550771089842
cleanStatic,train,12,11.9945752,9,19,299614380,300114380,5540697.067097999,4640443.747572384,random5_k9,9,0.05277401565657315
cleanStatic,train,12,11.99060456,10,23,299515114,300015114,5551609.178235999,6998724.375389876,dense_two_source_glrt,187,0.06419945078513739
cleanStatic,train,12,11.99060456,10,23,299515114,300015114,5551609.178235999,6998724.375389876,dense_one_source_residual,187,0.3336481411147965
cleanStatic,train,12,11.99060456,10,23,299515114,300015114,5551609.178235999,6998724.375389876,raw_power_only,0,5551609.178235999
cleanStatic,train,12,11.99060456,10,23,299515114,300015114,5551609.178235999,6998724.375389876,analytic_sparse_k3,3,0.06167525543168301
cleanStatic,train,12,11.99060456,10,23,299515114,300015114,5551609.178235999,6998724.375389876,uniform_k3,3,0.29841902387494784
cleanStatic,train,12,11.99060456,10,23,299515114,300015114,5551609.178235999,6998724.375389876,shuffled_k3,3,0.07970587858397495
cleanStatic,train,12,11.99060456,10,23,299515114,300015114,5551609.178235999,6998724.375389876,analytic_sparse_k5,5,0.14688523516164415
cleanStatic,train,12,11.99060456,10,23,299515114,300015114,5551609.178235999,6998724.375389876,uniform_k5,5,0.12450856231213672
cleanStatic,train,12,11.99060456,10,23,299515114,300015114,5551609.178235999,6998724.375389876,shuffled_k5,5,0.45153531552268805
cleanStatic,train,12,11.99060456,10,23,299515114,300015114,5551609.178235999,6998724.375389876,analytic_sparse_k9,9,0.15199421834201443
cleanStatic,train,12,11.99060456,10,23,299515114,300015114,5551609.178235999,6998724.375389876,uniform_k9,9,0.06397784319778332
cleanStatic,train,12,11.99060456,10,23,299515114,300015114,5551609.178235999,6998724.375389876,shuffled_k9,9,0.18483978680070598
cleanStatic,train,12,11.99060456,10,23,299515114,300015114,5551609.178235999,6998724.375389876,ai_sparse_k3,3,0.2891364031469417
cleanStatic,train,12,11.99060456,10,23,299515114,300015114,5551609.178235999,6998724.375389876,pg_scc_k3,3,0.1736435811000868
cleanStatic,train,12,11.99060456,10,23,299515114,300015114,5551609.178235999,6998724.375389876,ai_sparse_k5,5,0.21397451458106936
cleanStatic,train,12,11.99060456,10,23,299515114,300015114,5551609.178235999,6998724.375389876,pg_scc_k5,5,0.04916672565909304
cleanStatic,train,12,11.99060456,10,23,299515114,300015114,5551609.178235999,6998724.375389876,ai_sparse_k9,9,0.1496174281365937
cleanStatic,train,12,11.99060456,10,23,299515114,300015114,5551609.178235999,6998724.375389876,pg_scc_k9,9,0.015015452435924429
cleanStatic,train,12,11.99060456,10,23,299515114,300015114,5551609.178235999,6998724.375389876,epl3,3,0.30032012797952623
cleanStatic,train,12,11.99060456,10,23,299515114,300015114,5551609.178235999,6998724.375389876,fixed9,9,0.16539426250178563
cleanStatic,train,12,11.99060456,10,23,299515114,300015114,5551609.178235999,6998724.375389876,random1_k3,3,0.12021210051153586
cleanStatic,train,12,11.99060456,10,23,299515114,300015114,5551609.178235999,6998724.375389876,random2_k3,3,0.2024965673164294
cleanStatic,train,12,11.99060456,10,23,299515114,300015114,5551609.178235999,6998724.375389876,random3_k3,3,0.2119873545993762
cleanStatic,train,12,11.99060456,10,23,299515114,300015114,5551609.178235999,6998724.375389876,random4_k3,3,0.0741288326285992
cleanStatic,train,12,11.99060456,10,23,299515114,300015114,5551609.178235999,6998724.375389876,random5_k3,3,0.07608788375323418
cleanStatic,train,12,11.99060456,10,23,299515114,300015114,5551609.178235999,6998724.375389876,random1_k5,5,0.14403578663806496
cleanStatic,train,12,11.99060456,10,23,299515114,300015114,5551609.178235999,6998724.375389876,random2_k5,5,0.3121973150653566
cleanStatic,train,12,11.99060456,10,23,299515114,300015114,5551609.178235999,6998724.375389876,random3_k5,5,0.27069857387610574
cleanStatic,train,12,11.99060456,10,23,299515114,300015114,5551609.178235999,6998724.375389876,random4_k5,5,0.12248432693065336
cleanStatic,train,12,11.99060456,10,23,299515114,300015114,5551609.178235999,6998724.375389876,random5_k5,5,0.10025690033752058
cleanStatic,train,12,11.99060456,10,23,299515114,300015114,5551609.178235999,6998724.375389876,random1_k9,9,0.2933764761611779
cleanStatic,train,12,11.99060456,10,23,299515114,300015114,5551609.178235999,6998724.375389876,random2_k9,9,0.051497285371330394
cleanStatic,train,12,11.99060456,10,23,299515114,300015114,5551609.178235999,6998724.375389876,random3_k9,9,0.05004943477578773
cleanStatic,train,12,11.99060456,10,23,299515114,300015114,5551609.178235999,6998724.375389876,random4_k9,9,0.056613555520366544
cleanStatic,train,12,11.99060456,10,23,299515114,300015114,5551609.178235999,6998724.375389876,random5_k9,9,0.038568962951824215
cleanStatic,train,14,14.00622808,0,16,349905702,350405702,5525772.981389999,5050601.33663878,dense_two_source_glrt,187,0.01577311360801729
cleanStatic,train,14,14.00622808,0,16,349905702,350405702,5525772.981389999,5050601.33663878,dense_one_source_residual,187,0.2371083529234328
cleanStatic,train,14,14.00622808,0,16,349905702,350405702,5525772.981389999,5050601.33663878,raw_power_only,0,5525772.981389999
cleanStatic,train,14,14.00622808,0,16,349905702,350405702,5525772.981389999,5050601.33663878,analytic_sparse_k3,3,0.030936821197013787
cleanStatic,train,14,14.00622808,0,16,349905702,350405702,5525772.981389999,5050601.33663878,uniform_k3,3,0.16850301002147808
cleanStatic,train,14,14.00622808,0,16,349905702,350405702,5525772.981389999,5050601.33663878,shuffled_k3,3,0.1234875093606102
cleanStatic,train,14,14.00622808,0,16,349905702,350405702,5525772.981389999,5050601.33663878,analytic_sparse_k5,5,0.07956694286834515
cleanStatic,train,14,14.00622808,0,16,349905702,350405702,5525772.981389999,5050601.33663878,uniform_k5,5,0.1998071383823575
cleanStatic,train,14,14.00622808,0,16,349905702,350405702,5525772.981389999,5050601.33663878,shuffled_k5,5,0.18294159340021474
cleanStatic,train,14,14.00622808,0,16,349905702,350405702,5525772.981389999,5050601.33663878,analytic_sparse_k9,9,0.09673936090161182
cleanStatic,train,14,14.00622808,0,16,349905702,350405702,5525772.981389999,5050601.33663878,uniform_k9,9,0.10812311013072654
cleanStatic,train,14,14.00622808,0,16,349905702,350405702,5525772.981389999,5050601.33663878,shuffled_k9,9,0.012235643267100348
cleanStatic,train,14,14.00622808,0,16,349905702,350405702,5525772.981389999,5050601.33663878,ai_sparse_k3,3,0.08397343060411604
cleanStatic,train,14,14.00622808,0,16,349905702,350405702,5525772.981389999,5050601.33663878,pg_scc_k3,3,0.07878449345689238
cleanStatic,train,14,14.00622808,0,16,349905702,350405702,5525772.981389999,5050601.33663878,ai_sparse_k5,5,0.01856446930553013
cleanStatic,train,14,14.00622808,0,16,349905702,350405702,5525772.981389999,5050601.33663878,pg_scc_k5,5,0.08006728836467177
cleanStatic,train,14,14.00622808,0,16,349905702,350405702,5525772.981389999,5050601.33663878,ai_sparse_k9,9,0.06893713936490392
cleanStatic,train,14,14.00622808,0,16,349905702,350405702,5525772.981389999,5050601.33663878,pg_scc_k9,9,0.048614256126542896
cleanStatic,train,14,14.00622808,0,16,349905702,350405702,5525772.981389999,5050601.33663878,epl3,3,0.25698308777303863
cleanStatic,train,14,14.00622808,0,16,349905702,350405702,5525772.981389999,5050601.33663878,fixed9,9,0.06279674339173472
cleanStatic,train,14,14.00622808,0,16,349905702,350405702,5525772.981389999,5050601.33663878,random1_k3,3,0.12966632499609151
cleanStatic,train,14,14.00622808,0,16,349905702,350405702,5525772.981389999,5050601.33663878,random2_k3,3,0.15991004422827548
cleanStatic,train,14,14.00622808,0,16,349905702,350405702,5525772.981389999,5050601.33663878,random3_k3,3,0.10748132337374429
cleanStatic,train,14,14.00622808,0,16,349905702,350405702,5525772.981389999,5050601.33663878,random4_k3,3,0.06651040004696453
cleanStatic,train,14,14.00622808,0,16,349905702,350405702,5525772.981389999,5050601.33663878,random5_k3,3,0.4947549717961576
cleanStatic,train,14,14.00622808,0,16,349905702,350405702,5525772.981389999,5050601.33663878,random1_k5,5,0.0838146191032734
cleanStatic,train,14,14.00622808,0,16,349905702,350405702,5525772.981389999,5050601.33663878,random2_k5,5,0.13248563860462445
cleanStatic,train,14,14.00622808,0,16,349905702,350405702,5525772.981389999,5050601.33663878,random3_k5,5,0.051708961362516036
cleanStatic,train,14,14.00622808,0,16,349905702,350405702,5525772.981389999,5050601.33663878,random4_k5,5,0.07937262198085077
cleanStatic,train,14,14.00622808,0,16,349905702,350405702,5525772.981389999,5050601.33663878,random5_k5,5,0.06414582474925319
cleanStatic,train,14,14.00622808,0,16,349905702,350405702,5525772.981389999,5050601.33663878,random1_k9,9,0.04180256678921906
cleanStatic,train,14,14.00622808,0,16,349905702,350405702,5525772.981389999,5050601.33663878,random2_k9,9,0.12405877242550106
cleanStatic,train,14,14.00622808,0,16,349905702,350405702,5525772.981389999,5050601.33663878,random3_k9,9,0.021874758554677146
cleanStatic,train,14,14.00622808,0,16,349905702,350405702,5525772.981389999,5050601.33663878,random4_k9,9,0.05498016893876883
cleanStatic,train,14,14.00622808,0,16,349905702,350405702,5525772.981389999,5050601.33663878,random5_k9,9,0.04963790028170689
cleanStatic,train,14,14.00056232,2,3,349764058,350264058,5521988.695324001,6080778.607065927,dense_two_source_glrt,187,0.10674139237482767
cleanStatic,train,14,14.00056232,2,3,349764058,350264058,5521988.695324001,6080778.607065927,dense_one_source_residual,187,0.40233145209382615
cleanStatic,train,14,14.00056232,2,3,349764058,350264058,5521988.695324001,6080778.607065927,raw_power_only,0,5521988.695324001
cleanStatic,train,14,14.00056232,2,3,349764058,350264058,5521988.695324001,6080778.607065927,analytic_sparse_k3,3,0.06608524701039759
cleanStatic,train,14,14.00056232,2,3,349764058,350264058,5521988.695324001,6080778.607065927,uniform_k3,3,0.05180461540865783
cleanStatic,train,14,14.00056232,2,3,349764058,350264058,5521988.695324001,6080778.607065927,shuffled_k3,3,0.09286013165079803
cleanStatic,train,14,14.00056232,2,3,349764058,350264058,5521988.695324001,6080778.607065927,analytic_sparse_k5,5,0.14660236891945694
cleanStatic,train,14,14.00056232,2,3,349764058,350264058,5521988.695324001,6080778.607065927,uniform_k5,5,0.08950542847454539
cleanStatic,train,14,14.00056232,2,3,349764058,350264058,5521988.695324001,6080778.607065927,shuffled_k5,5,0.09424701169664051
cleanStatic,train,14,14.00056232,2,3,349764058,350264058,5521988.695324001,6080778.607065927,analytic_sparse_k9,9,0.11815980624170114
cleanStatic,train,14,14.00056232,2,3,349764058,350264058,5521988.695324001,6080778.607065927,uniform_k9,9,0.019034899539565275
cleanStatic,train,14,14.00056232,2,3,349764058,350264058,5521988.695324001,6080778.607065927,shuffled_k9,9,0.28523300717994765
cleanStatic,train,14,14.00056232,2,3,349764058,350264058,5521988.695324001,6080778.607065927,ai_sparse_k3,3,0.28510116969268706
cleanStatic,train,14,14.00056232,2,3,349764058,350264058,5521988.695324001,6080778.607065927,pg_scc_k3,3,0.4837715191893582
cleanStatic,train,14,14.00056232,2,3,349764058,350264058,5521988.695324001,6080778.607065927,ai_sparse_k5,5,0.34704613832358044
cleanStatic,train,14,14.00056232,2,3,349764058,350264058,5521988.695324001,6080778.607065927,pg_scc_k5,5,0.21279974469882715
cleanStatic,train,14,14.00056232,2,3,349764058,350264058,5521988.695324001,6080778.607065927,ai_sparse_k9,9,0.3040802089812568
cleanStatic,train,14,14.00056232,2,3,349764058,350264058,5521988.695324001,6080778.607065927,pg_scc_k9,9,0.18196365539134376
cleanStatic,train,14,14.00056232,2,3,349764058,350264058,5521988.695324001,6080778.607065927,epl3,3,0.34534990966190154
cleanStatic,train,14,14.00056232,2,3,349764058,350264058,5521988.695324001,6080778.607065927,fixed9,9,0.44712888877728396
cleanStatic,train,14,14.00056232,2,3,349764058,350264058,5521988.695324001,6080778.607065927,random1_k3,3,0.4592583942222239
cleanStatic,train,14,14.00056232,2,3,349764058,350264058,5521988.695324001,6080778.607065927,random2_k3,3,0.379310546551679
cleanStatic,train,14,14.00056232,2,3,349764058,350264058,5521988.695324001,6080778.607065927,random3_k3,3,0.25064593977356625
cleanStatic,train,14,14.00056232,2,3,349764058,350264058,5521988.695324001,6080778.607065927,random4_k3,3,0.09522522223247458
cleanStatic,train,14,14.00056232,2,3,349764058,350264058,5521988.695324001,6080778.607065927,random5_k3,3,0.24845605296427706
cleanStatic,train,14,14.00056232,2,3,349764058,350264058,5521988.695324001,6080778.607065927,random1_k5,5,0.04092919575719052
cleanStatic,train,14,14.00056232,2,3,349764058,350264058,5521988.695324001,6080778.607065927,random2_k5,5,0.030891117106628875
cleanStatic,train,14,14.00056232,2,3,349764058,350264058,5521988.695324001,6080778.607065927,random3_k5,5,0.11226276508297986
cleanStatic,train,14,14.00056232,2,3,349764058,350264058,5521988.695324001,6080778.607065927,random4_k5,5,0.12393868343579281
cleanStatic,train,14,14.00056232,2,3,349764058,350264058,5521988.695324001,6080778.607065927,random5_k5,5,0.17526224865555834
cleanStatic,train,14,14.00056232,2,3,349764058,350264058,5521988.695324001,6080778.607065927,random1_k9,9,0.13131434054588859
cleanStatic,train,14,14.00056232,2,3,349764058,350264058,5521988.695324001,6080778.607065927,random2_k9,9,0.166977435522977
cleanStatic,train,14,14.00056232,2,3,349764058,350264058,5521988.695324001,6080778.607065927,random3_k9,9,0.23103209743789568
cleanStatic,train,14,14.00056232,2,3,349764058,350264058,5521988.695324001,6080778.607065927,random4_k9,9,0.23299646578358246
cleanStatic,train,14,14.00056232,2,3,349764058,350264058,5521988.695324001,6080778.607065927,random5_k9,9,0.3462514713712438
cleanStatic,train,14,13.990272,3,20,349506800,350006800,5531808.02025,2500430.9374903576,dense_two_source_glrt,187,0.4286792265910833
cleanStatic,train,14,13.990272,3,20,349506800,350006800,5531808.02025,2500430.9374903576,dense_one_source_residual,187,2.7709632073843418
cleanStatic,train,14,13.990272,3,20,349506800,350006800,5531808.02025,2500430.9374903576,raw_power_only,0,5531808.02025
cleanStatic,train,14,13.990272,3,20,349506800,350006800,5531808.02025,2500430.9374903576,analytic_sparse_k3,3,1.8557198656204488
cleanStatic,train,14,13.990272,3,20,349506800,350006800,5531808.02025,2500430.9374903576,uniform_k3,3,1.4878145588157456
cleanStatic,train,14,13.990272,3,20,349506800,350006800,5531808.02025,2500430.9374903576,shuffled_k3,3,0.7195407020231723
cleanStatic,train,14,13.990272,3,20,349506800,350006800,5531808.02025,2500430.9374903576,analytic_sparse_k5,5,1.0890765423289075
cleanStatic,train,14,13.990272,3,20,349506800,350006800,5531808.02025,2500430.9374903576,uniform_k5,5,0.1987316809375546
cleanStatic,train,14,13.990272,3,20,349506800,350006800,5531808.02025,2500430.9374903576,shuffled_k5,5,0.33536426141281644
cleanStatic,train,14,13.990272,3,20,349506800,350006800,5531808.02025,2500430.9374903576,analytic_sparse_k9,9,0.5757955919062656
cleanStatic,train,14,13.990272,3,20,349506800,350006800,5531808.02025,2500430.9374903576,uniform_k9,9,0.07275259970733157
cleanStatic,train,14,13.990272,3,20,349506800,350006800,5531808.02025,2500430.9374903576,shuffled_k9,9,0.9748631430368435
cleanStatic,train,14,13.990272,3,20,349506800,350006800,5531808.02025,2500430.9374903576,ai_sparse_k3,3,2.197204598909262
cleanStatic,train,14,13.990272,3,20,349506800,350006800,5531808.02025,2500430.9374903576,pg_scc_k3,3,3.238473142010896
cleanStatic,train,14,13.990272,3,20,349506800,350006800,5531808.02025,2500430.9374903576,ai_sparse_k5,5,2.084072563275204
cleanStatic,train,14,13.990272,3,20,349506800,350006800,5531808.02025,2500430.9374903576,pg_scc_k5,5,1.1678561365074522
cleanStatic,train,14,13.990272,3,20,349506800,350006800,5531808.02025,2500430.9374903576,ai_sparse_k9,9,1.6804551778460939
cleanStatic,train,14,13.990272,3,20,349506800,350006800,5531808.02025,2500430.9374903576,pg_scc_k9,9,1.1260760509230705
cleanStatic,train,14,13.990272,3,20,349506800,350006800,5531808.02025,2500430.9374903576,epl3,3,1.0547145254523749
cleanStatic,train,14,13.990272,3,20,349506800,350006800,5531808.02025,2500430.9374903576,fixed9,9,2.1702622419441537
cleanStatic,train,14,13.990272,3,20,349506800,350006800,5531808.02025,2500430.9374903576,random1_k3,3,2.5928397489559654
cleanStatic,train,14,13.990272,3,20,349506800,350006800,5531808.02025,2500430.9374903576,random2_k3,3,0.8917759419005451
cleanStatic,train,14,13.990272,3,20,349506800,350006800,5531808.02025,2500430.9374903576,random3_k3,3,2.697131831786846
cleanStatic,train,14,13.990272,3,20,349506800,350006800,5531808.02025,2500430.9374903576,random4_k3,3,2.2924700789956085
cleanStatic,train,14,13.990272,3,20,349506800,350006800,5531808.02025,2500430.9374903576,random5_k3,3,3.386317866903372
cleanStatic,train,14,13.990272,3,20,349506800,350006800,5531808.02025,2500430.9374903576,random1_k5,5,0.4363596829816533
cleanStatic,train,14,13.990272,3,20,349506800,350006800,5531808.02025,2500430.9374903576,random2_k5,5,1.0160440632665662
cleanStatic,train,14,13.990272,3,20,349506800,350006800,5531808.02025,2500430.9374903576,random3_k5,5,0.3667741859407951
cleanStatic,train,14,13.990272,3,20,349506800,350006800,5531808.02025,2500430.9374903576,random4_k5,5,0.5497661583668216
cleanStatic,train,14,13.990272,3,20,349506800,350006800,5531808.02025,2500430.9374903576,random5_k5,5,1.184680352275673
cleanStatic,train,14,13.990272,3,20,349506800,350006800,5531808.02025,2500430.9374903576,random1_k9,9,1.3225907168457003
cleanStatic,train,14,13.990272,3,20,349506800,350006800,5531808.02025,2500430.9374903576,random2_k9,9,0.5097196531447238
cleanStatic,train,14,13.990272,3,20,349506800,350006800,5531808.02025,2500430.9374903576,random3_k9,9,0.21264109151295132
cleanStatic,train,14,13.990272,3,20,349506800,350006800,5531808.02025,2500430.9374903576,random4_k9,9,1.4770743088063423
cleanStatic,train,14,13.990272,3,20,349506800,350006800,5531808.02025,2500430.9374903576,random5_k9,9,1.3835022336943372
cleanStatic,train,14,14.04257276,4,30,350814319,351314319,5523263.65143,2181482.6960695502,dense_two_source_glrt,187,0.3645508795143046
cleanStatic,train,14,14.04257276,4,30,350814319,351314319,5523263.65143,2181482.6960695502,dense_one_source_residual,187,1.9215585703248743
cleanStatic,train,14,14.04257276,4,30,350814319,351314319,5523263.65143,2181482.6960695502,raw_power_only,0,5523263.65143
cleanStatic,train,14,14.04257276,4,30,350814319,351314319,5523263.65143,2181482.6960695502,analytic_sparse_k3,3,0.3527113175050218
cleanStatic,train,14,14.04257276,4,30,350814319,351314319,5523263.65143,2181482.6960695502,uniform_k3,3,0.9236838150158203
cleanStatic,train,14,14.04257276,4,30,350814319,351314319,5523263.65143,2181482.6960695502,shuffled_k3,3,0.34858160932305116
cleanStatic,train,14,14.04257276,4,30,350814319,351314319,5523263.65143,2181482.6960695502,analytic_sparse_k5,5,0.46441177984416926
cleanStatic,train,14,14.04257276,4,30,350814319,351314319,5523263.65143,2181482.6960695502,uniform_k5,5,0.4778866021992137
cleanStatic,train,14,14.04257276,4,30,350814319,351314319,5523263.65143,2181482.6960695502,shuffled_k5,5,1.0116944187851071
cleanStatic,train,14,14.04257276,4,30,350814319,351314319,5523263.65143,2181482.6960695502,analytic_sparse_k9,9,0.8126951358967853
cleanStatic,train,14,14.04257276,4,30,350814319,351314319,5523263.65143,2181482.6960695502,uniform_k9,9,0.15364940383992437
cleanStatic,train,14,14.04257276,4,30,350814319,351314319,5523263.65143,2181482.6960695502,shuffled_k9,9,1.0755954166312975
cleanStatic,train,14,14.04257276,4,30,350814319,351314319,5523263.65143,2181482.6960695502,ai_sparse_k3,3,0.819788830186689
cleanStatic,train,14,14.04257276,4,30,350814319,351314319,5523263.65143,2181482.6960695502,pg_scc_k3,3,0.8307193062837378
cleanStatic,train,14,14.04257276,4,30,350814319,351314319,5523263.65143,2181482.6960695502,ai_sparse_k5,5,0.6528857733037712
cleanStatic,train,14,14.04257276,4,30,350814319,351314319,5523263.65143,2181482.6960695502,pg_scc_k5,5,0.5872194447709311
cleanStatic,train,14,14.04257276,4,30,350814319,351314319,5523263.65143,2181482.6960695502,ai_sparse_k9,9,0.5993768159963181
cleanStatic,train,14,14.04257276,4,30,350814319,351314319,5523263.65143,2181482.6960695502,pg_scc_k9,9,0.4250025850410708
cleanStatic,train,14,14.04257276,4,30,350814319,351314319,5523263.65143,2181482.6960695502,epl3,3,0.840122713513798
cleanStatic,train,14,14.04257276,4,30,350814319,351314319,5523263.65143,2181482.6960695502,fixed9,9,0.7606327226005727
cleanStatic,train,14,14.04257276,4,30,350814319,351314319,5523263.65143,2181482.6960695502,random1_k3,3,0.7805578790916291
cleanStatic,train,14,14.04257276,4,30,350814319,351314319,5523263.65143,2181482.6960695502,random2_k3,3,1.3047057187008864
cleanStatic,train,14,14.04257276,4,30,350814319,351314319,5523263.65143,2181482.6960695502,random3_k3,3,2.582238499379751
cleanStatic,train,14,14.04257276,4,30,350814319,351314319,5523263.65143,2181482.6960695502,random4_k3,3,0.2406808712288684
cleanStatic,train,14,14.04257276,4,30,350814319,351314319,5523263.65143,2181482.6960695502,random5_k3,3,0.765741669726325
cleanStatic,train,14,14.04257276,4,30,350814319,351314319,5523263.65143,2181482.6960695502,random1_k5,5,0.45870888425220696
cleanStatic,train,14,14.04257276,4,30,350814319,351314319,5523263.65143,2181482.6960695502,random2_k5,5,0.39509791301497843
cleanStatic,train,14,14.04257276,4,30,350814319,351314319,5523263.65143,2181482.6960695502,random3_k5,5,1.1319411299694628
cleanStatic,train,14,14.04257276,4,30,350814319,351314319,5523263.65143,2181482.6960695502,random4_k5,5,1.2372206464014737
cleanStatic,train,14,14.04257276,4,30,350814319,351314319,5523263.65143,2181482.6960695502,random5_k5,5,0.9612767222786879
cleanStatic,train,14,14.04257276,4,30,350814319,351314319,5523263.65143,2181482.6960695502,random1_k9,9,0.2169352655809386
cleanStatic,train,14,14.04257276,4,30,350814319,351314319,5523263.65143,2181482.6960695502,random2_k9,9,0.21673567402514018
cleanStatic,train,14,14.04257276,4,30,350814319,351314319,5523263.65143,2181482.6960695502,random3_k9,9,0.810885438048413
cleanStatic,train,14,14.04257276,4,30,350814319,351314319,5523263.65143,2181482.6960695502,random4_k9,9,1.0807162969516868
cleanStatic,train,14,14.04257276,4,30,350814319,351314319,5523263.65143,2181482.6960695502,random5_k9,9,0.9304703467985358
cleanStatic,train,14,13.99064628,5,6,349516157,350016157,5532410.178764001,4661206.039202472,dense_two_source_glrt,187,0.047919315654842774
cleanStatic,train,14,13.99064628,5,6,349516157,350016157,5532410.178764001,4661206.039202472,dense_one_source_residual,187,0.22353209280549807
cleanStatic,train,14,13.99064628,5,6,349516157,350016157,5532410.178764001,4661206.039202472,raw_power_only,0,5532410.178764001
cleanStatic,train,14,13.99064628,5,6,349516157,350016157,5532410.178764001,4661206.039202472,analytic_sparse_k3,3,0.03549711089283841
cleanStatic,train,14,13.99064628,5,6,349516157,350016157,5532410.178764001,4661206.039202472,uniform_k3,3,0.16489409061603297
cleanStatic,train,14,13.99064628,5,6,349516157,350016157,5532410.178764001,4661206.039202472,shuffled_k3,3,0.11161563653203792
cleanStatic,train,14,13.99064628,5,6,349516157,350016157,5532410.178764001,4661206.039202472,analytic_sparse_k5,5,0.058154309641515335
cleanStatic,train,14,13.99064628,5,6,349516157,350016157,5532410.178764001,4661206.039202472,uniform_k5,5,0.08124711197543685
cleanStatic,train,14,13.99064628,5,6,349516157,350016157,5532410.178764001,4661206.039202472,shuffled_k5,5,0.016398585010131306
cleanStatic,train,14,13.99064628,5,6,349516157,350016157,5532410.178764001,4661206.039202472,analytic_sparse_k9,9,0.08767651146338033
cleanStatic,train,14,13.99064628,5,6,349516157,350016157,5532410.178764001,4661206.039202472,uniform_k9,9,0.06888734742317526
cleanStatic,train,14,13.99064628,5,6,349516157,350016157,5532410.178764001,4661206.039202472,shuffled_k9,9,0.1014644170160351
cleanStatic,train,14,13.99064628,5,6,349516157,350016157,5532410.178764001,4661206.039202472,ai_sparse_k3,3,0.16177777941851929
cleanStatic,train,14,13.99064628,5,6,349516157,350016157,5532410.178764001,4661206.039202472,pg_scc_k3,3,0.13787002770693038
cleanStatic,train,14,13.99064628,5,6,349516157,350016157,5532410.178764001,4661206.039202472,ai_sparse_k5,5,0.1881368822393445
cleanStatic,train,14,13.99064628,5,6,349516157,350016157,5532410.178764001,4661206.039202472,pg_scc_k5,5,0.13892471809393597
cleanStatic,train,14,13.99064628,5,6,349516157,350016157,5532410.178764001,4661206.039202472,ai_sparse_k9,9,0.07089628720697758
cleanStatic,train,14,13.99064628,5,6,349516157,350016157,5532410.178764001,4661206.039202472,pg_scc_k9,9,0.12303294243072524
cleanStatic,train,14,13.99064628,5,6,349516157,350016157,5532410.178764001,4661206.039202472,epl3,3,0.051427757593998334
cleanStatic,train,14,13.99064628,5,6,349516157,350016157,5532410.178764001,4661206.039202472,fixed9,9,0.10817451009451193
cleanStatic,train,14,13.99064628,5,6,349516157,350016157,5532410.178764001,4661206.039202472,random1_k3,3,0.059903244101281755
cleanStatic,train,14,13.99064628,5,6,349516157,350016157,5532410.178764001,4661206.039202472,random2_k3,3,0.1433935333206789
cleanStatic,train,14,13.99064628,5,6,349516157,350016157,5532410.178764001,4661206.039202472,random3_k3,3,0.101468948401898
cleanStatic,train,14,13.99064628,5,6,349516157,350016157,5532410.178764001,4661206.039202472,random4_k3,3,0.20166605052806363
cleanStatic,train,14,13.99064628,5,6,349516157,350016157,5532410.178764001,4661206.039202472,random5_k3,3,0.12965913762940648
cleanStatic,train,14,13.99064628,5,6,349516157,350016157,5532410.178764001,4661206.039202472,random1_k5,5,0.07823130037883029
cleanStatic,train,14,13.99064628,5,6,349516157,350016157,5532410.178764001,4661206.039202472,random2_k5,5,0.05433462522223089
cleanStatic,train,14,13.99064628,5,6,349516157,350016157,5532410.178764001,4661206.039202472,random3_k5,5,0.10343963857818746
cleanStatic,train,14,13.99064628,5,6,349516157,350016157,5532410.178764001,4661206.039202472,random4_k5,5,0.0749056550730511
cleanStatic,train,14,13.99064628,5,6,349516157,350016157,5532410.178764001,4661206.039202472,random5_k5,5,0.12777328665731144
cleanStatic,train,14,13.99064628,5,6,349516157,350016157,5532410.178764001,4661206.039202472,random1_k9,9,0.051875517007757006
cleanStatic,train,14,13.99064628,5,6,349516157,350016157,5532410.178764001,4661206.039202472,random2_k9,9,0.052985281126185946
cleanStatic,train,14,13.99064628,5,6,349516157,350016157,5532410.178764001,4661206.039202472,random3_k9,9,0.05337174432128059
cleanStatic,train,14,13.99064628,5,6,349516157,350016157,5532410.178764001,4661206.039202472,random4_k9,9,0.07288472912762738
cleanStatic,train,14,13.99064628,5,6,349516157,350016157,5532410.178764001,4661206.039202472,random5_k9,9,0.06891543438998927
cleanStatic,train,14,13.99024108,6,7,349506027,350006027,5531771.542596,4762903.361269349,dense_two_source_glrt,187,0.22675976631146197
cleanStatic,train,14,13.99024108,6,7,349506027,350006027,5531771.542596,4762903.361269349,dense_one_source_residual,187,1.7601123957941658
cleanStatic,train,14,13.99024108,6,7,349506027,350006027,5531771.542596,4762903.361269349,raw_power_only,0,5531771.542596
cleanStatic,train,14,13.99024108,6,7,349506027,350006027,5531771.542596,4762903.361269349,analytic_sparse_k3,3,1.1429256583975311
cleanStatic,train,14,13.99024108,6,7,349506027,350006027,5531771.542596,4762903.361269349,uniform_k3,3,1.573595016702991
cleanStatic,train,14,13.99024108,6,7,349506027,350006027,5531771.542596,4762903.361269349,shuffled_k3,3,1.2652675527350359
cleanStatic,train,14,13.99024108,6,7,349506027,350006027,5531771.542596,4762903.361269349,analytic_sparse_k5,5,1.5123567952199386
cleanStatic,train,14,13.99024108,6,7,349506027,350006027,5531771.542596,4762903.361269349,uniform_k5,5,0.672515402924524
cleanStatic,train,14,13.99024108,6,7,349506027,350006027,5531771.542596,4762903.361269349,shuffled_k5,5,1.5634811632460146
cleanStatic,train,14,13.99024108,6,7,349506027,350006027,5531771.542596,4762903.361269349,analytic_sparse_k9,9,1.3420392350813728
cleanStatic,train,14,13.99024108,6,7,349506027,350006027,5531771.542596,4762903.361269349,uniform_k9,9,0.08217906186638875
cleanStatic,train,14,13.99024108,6,7,349506027,350006027,5531771.542596,4762903.361269349,shuffled_k9,9,0.4401930523855524
cleanStatic,train,14,13.99024108,6,7,349506027,350006027,5531771.542596,4762903.361269349,ai_sparse_k3,3,1.4216774676436443
cleanStatic,train,14,13.99024108,6,7,349506027,350006027,5531771.542596,4762903.361269349,pg_scc_k3,3,0.6490706774845018
cleanStatic,train,14,13.99024108,6,7,349506027,350006027,5531771.542596,4762903.361269349,ai_sparse_k5,5,1.2463922955603786
cleanStatic,train,14,13.99024108,6,7,349506027,350006027,5531771.542596,4762903.361269349,pg_scc_k5,5,0.19949427770235104
cleanStatic,train,14,13.99024108,6,7,349506027,350006027,5531771.542596,4762903.361269349,ai_sparse_k9,9,1.20897997357019
cleanStatic,train,14,13.99024108,6,7,349506027,350006027,5531771.542596,4762903.361269349,pg_scc_k9,9,0.2600652388917466
cleanStatic,train,14,13.99024108,6,7,349506027,350006027,5531771.542596,4762903.361269349,epl3,3,0.8855881150440341
cleanStatic,train,14,13.99024108,6,7,349506027,350006027,5531771.542596,4762903.361269349,fixed9,9,1.03005310789533
cleanStatic,train,14,13.99024108,6,7,349506027,350006027,5531771.542596,4762903.361269349,random1_k3,3,1.9789131032187584
cleanStatic,train,14,13.99024108,6,7,349506027,350006027,5531771.542596,4762903.361269349,random2_k3,3,0.9182468138989579
cleanStatic,train,14,13.99024108,6,7,349506027,350006027,5531771.542596,4762903.361269349,random3_k3,3,0.4529765068604778
cleanStatic,train,14,13.99024108,6,7,349506027,350006027,5531771.542596,4762903.361269349,random4_k3,3,0.7402899951474553
cleanStatic,train,14,13.99024108,6,7,349506027,350006027,5531771.542596,4762903.361269349,random5_k3,3,0.9029627459941941
cleanStatic,train,14,13.99024108,6,7,349506027,350006027,5531771.542596,4762903.361269349,random1_k5,5,0.5452525710339513
cleanStatic,train,14,13.99024108,6,7,349506027,350006027,5531771.542596,4762903.361269349,random2_k5,5,0.991935429601703
cleanStatic,train,14,13.99024108,6,7,349506027,350006027,5531771.542596,4762903.361269349,random3_k5,5,0.6745619906791436
cleanStatic,train,14,13.99024108,6,7,349506027,350006027,5531771.542596,4762903.361269349,random4_k5,5,0.5792552893224273
cleanStatic,train,14,13.99024108,6,7,349506027,350006027,5531771.542596,4762903.361269349,random5_k5,5,0.6732623007153993
cleanStatic,train,14,13.99024108,6,7,349506027,350006027,5531771.542596,4762903.361269349,random1_k9,9,0.9708883924151428
cleanStatic,train,14,13.99024108,6,7,349506027,350006027,5531771.542596,4762903.361269349,random2_k9,9,0.5054569126678088
cleanStatic,train,14,13.99024108,6,7,349506027,350006027,5531771.542596,4762903.361269349,random3_k9,9,0.593747051209795
cleanStatic,train,14,13.99024108,6,7,349506027,350006027,5531771.542596,4762903.361269349,random4_k9,9,0.7683263963326475
cleanStatic,train,14,13.99024108,6,7,349506027,350006027,5531771.542596,4762903.361269349,random5_k9,9,0.5732396596908538
cleanStatic,train,14,14.00839,7,10,349959750,350459750,5530526.357686,2797106.4306628043,dense_two_source_glrt,187,0.11922310139455161
cleanStatic,train,14,14.00839,7,10,349959750,350459750,5530526.357686,2797106.4306628043,dense_one_source_residual,187,0.986367742732337
cleanStatic,train,14,14.00839,7,10,349959750,350459750,5530526.357686,2797106.4306628043,raw_power_only,0,5530526.357686
cleanStatic,train,14,14.00839,7,10,349959750,350459750,5530526.357686,2797106.4306628043,analytic_sparse_k3,3,0.08869728644293529
cleanStatic,train,14,14.00839,7,10,349959750,350459750,5530526.357686,2797106.4306628043,uniform_k3,3,1.031237436898308
cleanStatic,train,14,14.00839,7,10,349959750,350459750,5530526.357686,2797106.4306628043,shuffled_k3,3,0.26673176789891423
cleanStatic,train,14,14.00839,7,10,349959750,350459750,5530526.357686,2797106.4306628043,analytic_sparse_k5,5,0.3519983936703238
cleanStatic,train,14,14.00839,7,10,349959750,350459750,5530526.357686,2797106.4306628043,uniform_k5,5,0.2558425013762922
cleanStatic,train,14,14.00839,7,10,349959750,350459750,5530526.357686,2797106.4306628043,shuffled_k5,5,0.261689751170735
cleanStatic,train,14,14.00839,7,10,349959750,350459750,5530526.357686,2797106.4306628043,analytic_sparse_k9,9,0.2293881890190065
cleanStatic,train,14,14.00839,7,10,349959750,350459750,5530526.357686,2797106.4306628043,uniform_k9,9,0.0699486953052074
cleanStatic,train,14,14.00839,7,10,349959750,350459750,5530526.357686,2797106.4306628043,shuffled_k9,9,0.28031654606354867
cleanStatic,train,14,14.00839,7,10,349959750,350459750,5530526.357686,2797106.4306628043,ai_sparse_k3,3,0.4908616443010487
cleanStatic,train,14,14.00839,7,10,349959750,350459750,5530526.357686,2797106.4306628043,pg_scc_k3,3,0.3282949769456506
cleanStatic,train,14,14.00839,7,10,349959750,350459750,5530526.357686,2797106.4306628043,ai_sparse_k5,5,0.3728850892106365
cleanStatic,train,14,14.00839,7,10,349959750,350459750,5530526.357686,2797106.4306628043,pg_scc_k5,5,0.2751524989445687
cleanStatic,train,14,14.00839,7,10,349959750,350459750,5530526.357686,2797106.4306628043,ai_sparse_k9,9,0.15182446754106652
cleanStatic,train,14,14.00839,7,10,349959750,350459750,5530526.357686,2797106.4306628043,pg_scc_k9,9,0.23577426936847454
cleanStatic,train,14,14.00839,7,10,349959750,350459750,5530526.357686,2797106.4306628043,epl3,3,0.41779550844597835
cleanStatic,train,14,14.00839,7,10,349959750,350459750,5530526.357686,2797106.4306628043,fixed9,9,0.19583165180114392
cleanStatic,train,14,14.00839,7,10,349959750,350459750,5530526.357686,2797106.4306628043,random1_k3,3,0.3552382707814968
cleanStatic,train,14,14.00839,7,10,349959750,350459750,5530526.357686,2797106.4306628043,random2_k3,3,0.8510101810905546
cleanStatic,train,14,14.00839,7,10,349959750,350459750,5530526.357686,2797106.4306628043,random3_k3,3,0.43769108865815437
cleanStatic,train,14,14.00839,7,10,349959750,350459750,5530526.357686,2797106.4306628043,random4_k3,3,0.3793868063290797
cleanStatic,train,14,14.00839,7,10,349959750,350459750,5530526.357686,2797106.4306628043,random5_k3,3,0.3492204894827016
cleanStatic,train,14,14.00839,7,10,349959750,350459750,5530526.357686,2797106.4306628043,random1_k5,5,0.45119188021072876
cleanStatic,train,14,14.00839,7,10,349959750,350459750,5530526.357686,2797106.4306628043,random2_k5,5,0.3734840281821425
cleanStatic,train,14,14.00839,7,10,349959750,350459750,5530526.357686,2797106.4306628043,random3_k5,5,0.4654872192003789
cleanStatic,train,14,14.00839,7,10,349959750,350459750,5530526.357686,2797106.4306628043,random4_k5,5,0.5668800636400846
cleanStatic,train,14,14.00839,7,10,349959750,350459750,5530526.357686,2797106.4306628043,random5_k5,5,0.20580714983615706
cleanStatic,train,14,14.00839,7,10,349959750,350459750,5530526.357686,2797106.4306628043,random1_k9,9,0.6002911732691903
cleanStatic,train,14,14.00839,7,10,349959750,350459750,5530526.357686,2797106.4306628043,random2_k9,9,0.15354300212254143
cleanStatic,train,14,14.00839,7,10,349959750,350459750,5530526.357686,2797106.4306628043,random3_k9,9,0.2073185890884796
cleanStatic,train,14,14.00839,7,10,349959750,350459750,5530526.357686,2797106.4306628043,random4_k9,9,0.193404216265378
cleanStatic,train,14,14.00839,7,10,349959750,350459750,5530526.357686,2797106.4306628043,random5_k9,9,0.19401213816591648
cleanStatic,train,14,14.00771724,8,13,349942931,350442931,5529250.039638,6632744.859712153,dense_two_source_glrt,187,0.044161796616982975
cleanStatic,train,14,14.00771724,8,13,349942931,350442931,5529250.039638,6632744.859712153,dense_one_source_residual,187,0.30986618945686356
cleanStatic,train,14,14.00771724,8,13,349942931,350442931,5529250.039638,6632744.859712153,raw_power_only,0,5529250.039638
cleanStatic,train,14,14.00771724,8,13,349942931,350442931,5529250.039638,6632744.859712153,analytic_sparse_k3,3,0.1720215042224904
cleanStatic,train,14,14.00771724,8,13,349942931,350442931,5529250.039638,6632744.859712153,uniform_k3,3,0.12500855155494653
cleanStatic,train,14,14.00771724,8,13,349942931,350442931,5529250.039638,6632744.859712153,shuffled_k3,3,0.2944537927888567
cleanStatic,train,14,14.00771724,8,13,349942931,350442931,5529250.039638,6632744.859712153,analytic_sparse_k5,5,0.23322831298000204
cleanStatic,train,14,14.00771724,8,13,349942931,350442931,5529250.039638,6632744.859712153,uniform_k5,5,0.16929153466763053
cleanStatic,train,14,14.00771724,8,13,349942931,350442931,5529250.039638,6632744.859712153,shuffled_k5,5,0.18714221260505953
cleanStatic,train,14,14.00771724,8,13,349942931,350442931,5529250.039638,6632744.859712153,analytic_sparse_k9,9,0.14206600338173214
cleanStatic,train,14,14.00771724,8,13,349942931,350442931,5529250.039638,6632744.859712153,uniform_k9,9,0.030557133213408496
cleanStatic,train,14,14.00771724,8,13,349942931,350442931,5529250.039638,6632744.859712153,shuffled_k9,9,0.09326251397863576
cleanStatic,train,14,14.00771724,8,13,349942931,350442931,5529250.039638,6632744.859712153,ai_sparse_k3,3,0.2836832849261463
cleanStatic,train,14,14.00771724,8,13,349942931,350442931,5529250.039638,6632744.859712153,pg_scc_k3,3,0.11370415403465362
cleanStatic,train,14,14.00771724,8,13,349942931,350442931,5529250.039638,6632744.859712153,ai_sparse_k5,5,0.20620353209901304
cleanStatic,train,14,14.00771724,8,13,349942931,350442931,5529250.039638,6632744.859712153,pg_scc_k5,5,0.09347577889586996
cleanStatic,train,14,14.00771724,8,13,349942931,350442931,5529250.039638,6632744.859712153,ai_sparse_k9,9,0.053639793747430144
cleanStatic,train,14,14.00771724,8,13,349942931,350442931,5529250.039638,6632744.859712153,pg_scc_k9,9,0.06065334711809703
cleanStatic,train,14,14.00771724,8,13,349942931,350442931,5529250.039638,6632744.859712153,epl3,3,0.198173249141646
cleanStatic,train,14,14.00771724,8,13,349942931,350442931,5529250.039638,6632744.859712153,fixed9,9,0.03100928856296127
cleanStatic,train,14,14.00771724,8,13,349942931,350442931,5529250.039638,6632744.859712153,random1_k3,3,0.41077554133316196
cleanStatic,train,14,14.00771724,8,13,349942931,350442931,5529250.039638,6632744.859712153,random2_k3,3,0.14311045197690378
cleanStatic,train,14,14.00771724,8,13,349942931,350442931,5529250.039638,6632744.859712153,random3_k3,3,0.06346047108891019
cleanStatic,train,14,14.00771724,8,13,349942931,350442931,5529250.039638,6632744.859712153,random4_k3,3,0.28415658930503257
cleanStatic,train,14,14.00771724,8,13,349942931,350442931,5529250.039638,6632744.859712153,random5_k3,3,0.07069852892519174
cleanStatic,train,14,14.00771724,8,13,349942931,350442931,5529250.039638,6632744.859712153,random1_k5,5,0.11529749782898886
cleanStatic,train,14,14.00771724,8,13,349942931,350442931,5529250.039638,6632744.859712153,random2_k5,5,0.1586355267535709
cleanStatic,train,14,14.00771724,8,13,349942931,350442931,5529250.039638,6632744.859712153,random3_k5,5,0.15329514279195772
cleanStatic,train,14,14.00771724,8,13,349942931,350442931,5529250.039638,6632744.859712153,random4_k5,5,0.11710291456072845
cleanStatic,train,14,14.00771724,8,13,349942931,350442931,5529250.039638,6632744.859712153,random5_k5,5,0.18314841372001783
cleanStatic,train,14,14.00771724,8,13,349942931,350442931,5529250.039638,6632744.859712153,random1_k9,9,0.09365800359792845
cleanStatic,train,14,14.00771724,8,13,349942931,350442931,5529250.039638,6632744.859712153,random2_k9,9,0.12991432850174606
cleanStatic,train,14,14.00771724,8,13,349942931,350442931,5529250.039638,6632744.859712153,random3_k9,9,0.19810081258893097
cleanStatic,train,14,14.00771724,8,13,349942931,350442931,5529250.039638,6632744.859712153,random4_k9,9,0.10531465005981196
cleanStatic,train,14,14.00771724,8,13,349942931,350442931,5529250.039638,6632744.859712153,random5_k9,9,0.15941425964647976
cleanStatic,train,14,13.99157188,9,19,349539297,350039297,5535903.915457999,4781608.256720663,dense_two_source_glrt,187,0.022568631828017133
cleanStatic,train,14,13.99157188,9,19,349539297,350039297,5535903.915457999,4781608.256720663,dense_one_source_residual,187,0.26992179808329125
cleanStatic,train,14,13.99157188,9,19,349539297,350039297,5535903.915457999,4781608.256720663,raw_power_only,0,5535903.915457999
cleanStatic,train,14,13.99157188,9,19,349539297,350039297,5535903.915457999,4781608.256720663,analytic_sparse_k3,3,0.07631528699814662
cleanStatic,train,14,13.99157188,9,19,349539297,350039297,5535903.915457999,4781608.256720663,uniform_k3,3,0.0888878786845705
cleanStatic,train,14,13.99157188,9,19,349539297,350039297,5535903.915457999,4781608.256720663,shuffled_k3,3,0.29729932895702155
cleanStatic,train,14,13.99157188,9,19,349539297,350039297,5535903.915457999,4781608.256720663,analytic_sparse_k5,5,0.09393644429949491
cleanStatic,train,14,13.99157188,9,19,349539297,350039297,5535903.915457999,4781608.256720663,uniform_k5,5,0.06454724033538037
cleanStatic,train,14,13.99157188,9,19,349539297,350039297,5535903.915457999,4781608.256720663,shuffled_k5,5,0.14287386620341638
cleanStatic,train,14,13.99157188,9,19,349539297,350039297,5535903.915457999,4781608.256720663,analytic_sparse_k9,9,0.09686579102298741
cleanStatic,train,14,13.99157188,9,19,349539297,350039297,5535903.915457999,4781608.256720663,uniform_k9,9,0.06562820853785735
cleanStatic,train,14,13.99157188,9,19,349539297,350039297,5535903.915457999,4781608.256720663,shuffled_k9,9,0.13191879698187592
cleanStatic,train,14,13.99157188,9,19,349539297,350039297,5535903.915457999,4781608.256720663,ai_sparse_k3,3,0.33914157269775114
cleanStatic,train,14,13.99157188,9,19,349539297,350039297,5535903.915457999,4781608.256720663,pg_scc_k3,3,0.1045166149494332
cleanStatic,train,14,13.99157188,9,19,349539297,350039297,5535903.915457999,4781608.256720663,ai_sparse_k5,5,0.09797535856699469
cleanStatic,train,14,13.99157188,9,19,349539297,350039297,5535903.915457999,4781608.256720663,pg_scc_k5,5,0.02288636651563043
cleanStatic,train,14,13.99157188,9,19,349539297,350039297,5535903.915457999,4781608.256720663,ai_sparse_k9,9,0.029646428021070377
cleanStatic,train,14,13.99157188,9,19,349539297,350039297,5535903.915457999,4781608.256720663,pg_scc_k9,9,0.01036221223112103
cleanStatic,train,14,13.99157188,9,19,349539297,350039297,5535903.915457999,4781608.256720663,epl3,3,0.4181413298525958
cleanStatic,train,14,13.99157188,9,19,349539297,350039297,5535903.915457999,4781608.256720663,fixed9,9,0.12192715048261323
cleanStatic,train,14,13.99157188,9,19,349539297,350039297,5535903.915457999,4781608.256720663,random1_k3,3,0.16818716106521225
cleanStatic,train,14,13.99157188,9,19,349539297,350039297,5535903.915457999,4781608.256720663,random2_k3,3,0.09700774114195859
cleanStatic,train,14,13.99157188,9,19,349539297,350039297,5535903.915457999,4781608.256720663,random3_k3,3,0.25773122985263525
cleanStatic,train,14,13.99157188,9,19,349539297,350039297,5535903.915457999,4781608.256720663,random4_k3,3,0.3064653511336983
cleanStatic,train,14,13.99157188,9,19,349539297,350039297,5535903.915457999,4781608.256720663,random5_k3,3,0.04706900530086889
cleanStatic,train,14,13.99157188,9,19,349539297,350039297,5535903.915457999,4781608.256720663,random1_k5,5,0.11455986777366531
cleanStatic,train,14,13.99157188,9,19,349539297,350039297,5535903.915457999,4781608.256720663,random2_k5,5,0.05731475009216438
cleanStatic,train,14,13.99157188,9,19,349539297,350039297,5535903.915457999,4781608.256720663,random3_k5,5,0.13928100856112705
cleanStatic,train,14,13.99157188,9,19,349539297,350039297,5535903.915457999,4781608.256720663,random4_k5,5,0.2345648561984408
cleanStatic,train,14,13.99157188,9,19,349539297,350039297,5535903.915457999,4781608.256720663,random5_k5,5,0.06280209223247665
cleanStatic,train,14,13.99157188,9,19,349539297,350039297,5535903.915457999,4781608.256720663,random1_k9,9,0.09815583689641917
cleanStatic,train,14,13.99157188,9,19,349539297,350039297,5535903.915457999,4781608.256720663,random2_k9,9,0.039061199572980425
cleanStatic,train,14,13.99157188,9,19,349539297,350039297,5535903.915457999,4781608.256720663,random3_k9,9,0.05464847090269324
cleanStatic,train,14,13.99157188,9,19,349539297,350039297,5535903.915457999,4781608.256720663,random4_k9,9,0.08612210362359089
cleanStatic,train,14,13.99157188,9,19,349539297,350039297,5535903.915457999,4781608.256720663,random5_k9,9,0.014779681795530845
cleanStatic,train,14,13.99060512,10,23,349515128,350015128,5531828.153915999,6815150.263125261,dense_two_source_glrt,187,0.013219128613348074
cleanStatic,train,14,13.99060512,10,23,349515128,350015128,5531828.153915999,6815150.263125261,dense_one_source_residual,187,0.3050596750279605
cleanStatic,train,14,13.99060512,10,23,349515128,350015128,5531828.153915999,6815150.263125261,raw_power_only,0,5531828.153915999
cleanStatic,train,14,13.99060512,10,23,349515128,350015128,5531828.153915999,6815150.263125261,analytic_sparse_k3,3,0.18651447576432337
cleanStatic,train,14,13.99060512,10,23,349515128,350015128,5531828.153915999,6815150.263125261,uniform_k3,3,0.21738970689506912
cleanStatic,train,14,13.99060512,10,23,349515128,350015128,5531828.153915999,6815150.263125261,shuffled_k3,3,0.1967843468224241
cleanStatic,train,14,13.99060512,10,23,349515128,350015128,5531828.153915999,6815150.263125261,analytic_sparse_k5,5,0.2506042383924715
cleanStatic,train,14,13.99060512,10,23,349515128,350015128,5531828.153915999,6815150.263125261,uniform_k5,5,0.25184676797010075
cleanStatic,train,14,13.99060512,10,23,349515128,350015128,5531828.153915999,6815150.263125261,shuffled_k5,5,0.1779452891203735
cleanStatic,train,14,13.99060512,10,23,349515128,350015128,5531828.153915999,6815150.263125261,analytic_sparse_k9,9,0.16040300885467654
cleanStatic,train,14,13.99060512,10,23,349515128,350015128,5531828.153915999,6815150.263125261,uniform_k9,9,0.0163055322142514
cleanStatic,train,14,13.99060512,10,23,349515128,350015128,5531828.153915999,6815150.263125261,shuffled_k9,9,0.07656829922386683
cleanStatic,train,14,13.99060512,10,23,349515128,350015128,5531828.153915999,6815150.263125261,ai_sparse_k3,3,0.08862220737618438
cleanStatic,train,14,13.99060512,10,23,349515128,350015128,5531828.153915999,6815150.263125261,pg_scc_k3,3,0.08398279541805015
cleanStatic,train,14,13.99060512,10,23,349515128,350015128,5531828.153915999,6815150.263125261,ai_sparse_k5,5,0.029794206695271774
cleanStatic,train,14,13.99060512,10,23,349515128,350015128,5531828.153915999,6815150.263125261,pg_scc_k5,5,0.03780323435784387
cleanStatic,train,14,13.99060512,10,23,349515128,350015128,5531828.153915999,6815150.263125261,ai_sparse_k9,9,0.01648025073468378
cleanStatic,train,14,13.99060512,10,23,349515128,350015128,5531828.153915999,6815150.263125261,pg_scc_k9,9,0.03652131884376332
cleanStatic,train,14,13.99060512,10,23,349515128,350015128,5531828.153915999,6815150.263125261,epl3,3,0.16150100971229855
cleanStatic,train,14,13.99060512,10,23,349515128,350015128,5531828.153915999,6815150.263125261,fixed9,9,0.05875091985681423
cleanStatic,train,14,13.99060512,10,23,349515128,350015128,5531828.153915999,6815150.263125261,random1_k3,3,0.2528452202445319
cleanStatic,train,14,13.99060512,10,23,349515128,350015128,5531828.153915999,6815150.263125261,random2_k3,3,0.17409992268613636
cleanStatic,train,14,13.99060512,10,23,349515128,350015128,5531828.153915999,6815150.263125261,random3_k3,3,0.02810668524437743
cleanStatic,train,14,13.99060512,10,23,349515128,350015128,5531828.153915999,6815150.263125261,random4_k3,3,0.29509597561182416
cleanStatic,train,14,13.99060512,10,23,349515128,350015128,5531828.153915999,6815150.263125261,random5_k3,3,0.13318672699175982
cleanStatic,train,14,13.99060512,10,23,349515128,350015128,5531828.153915999,6815150.263125261,random1_k5,5,0.048624981636094695
cleanStatic,train,14,13.99060512,10,23,349515128,350015128,5531828.153915999,6815150.263125261,random2_k5,5,0.06267198531856688
cleanStatic,train,14,13.99060512,10,23,349515128,350015128,5531828.153915999,6815150.263125261,random3_k5,5,0.056421109539468495
cleanStatic,train,14,13.99060512,10,23,349515128,350015128,5531828.153915999,6815150.263125261,random4_k5,5,0.11642396172975238
cleanStatic,train,14,13.99060512,10,23,349515128,350015128,5531828.153915999,6815150.263125261,random5_k5,5,0.1225066024709617
cleanStatic,train,14,13.99060512,10,23,349515128,350015128,5531828.153915999,6815150.263125261,random1_k9,9,0.03076843767558494
cleanStatic,train,14,13.99060512,10,23,349515128,350015128,5531828.153915999,6815150.263125261,random2_k9,9,0.042702411294899316
cleanStatic,train,14,13.99060512,10,23,349515128,350015128,5531828.153915999,6815150.263125261,random3_k9,9,0.08207100391293487
cleanStatic,train,14,13.99060512,10,23,349515128,350015128,5531828.153915999,6815150.263125261,random4_k9,9,0.1135744879212133
cleanStatic,train,14,13.99060512,10,23,349515128,350015128,5531828.153915999,6815150.263125261,random5_k9,9,0.1268478979045378
cleanStatic,train,16,16.00723164,0,16,399930791,400430791,5533308.47334,5189818.983063133,dense_two_source_glrt,187,0.04372947195321536
cleanStatic,train,16,16.00723164,0,16,399930791,400430791,5533308.47334,5189818.983063133,dense_one_source_residual,187,0.3997659357752106
cleanStatic,train,16,16.00723164,0,16,399930791,400430791,5533308.47334,5189818.983063133,raw_power_only,0,5533308.47334
cleanStatic,train,16,16.00723164,0,16,399930791,400430791,5533308.47334,5189818.983063133,analytic_sparse_k3,3,0.08514267997746727
cleanStatic,train,16,16.00723164,0,16,399930791,400430791,5533308.47334,5189818.983063133,uniform_k3,3,0.696194778572241
cleanStatic,train,16,16.00723164,0,16,399930791,400430791,5533308.47334,5189818.983063133,shuffled_k3,3,0.09618721634637944
cleanStatic,train,16,16.00723164,0,16,399930791,400430791,5533308.47334,5189818.983063133,analytic_sparse_k5,5,0.16531226166543517
cleanStatic,train,16,16.00723164,0,16,399930791,400430791,5533308.47334,5189818.983063133,uniform_k5,5,0.36570174790363713
cleanStatic,train,16,16.00723164,0,16,399930791,400430791,5533308.47334,5189818.983063133,shuffled_k5,5,0.3330214040266276
cleanStatic,train,16,16.00723164,0,16,399930791,400430791,5533308.47334,5189818.983063133,analytic_sparse_k9,9,0.21829048350143
cleanStatic,train,16,16.00723164,0,16,399930791,400430791,5533308.47334,5189818.983063133,uniform_k9,9,0.1564016514457086
cleanStatic,train,16,16.00723164,0,16,399930791,400430791,5533308.47334,5189818.983063133,shuffled_k9,9,0.15758724161408122
cleanStatic,train,16,16.00723164,0,16,399930791,400430791,5533308.47334,5189818.983063133,ai_sparse_k3,3,0.2772898222349718
cleanStatic,train,16,16.00723164,0,16,399930791,400430791,5533308.47334,5189818.983063133,pg_scc_k3,3,0.23480894262464744
cleanStatic,train,16,16.00723164,0,16,399930791,400430791,5533308.47334,5189818.983063133,ai_sparse_k5,5,0.36596461643172057
cleanStatic,train,16,16.00723164,0,16,399930791,400430791,5533308.47334,5189818.983063133,pg_scc_k5,5,0.2548917659184562
cleanStatic,train,16,16.00723164,0,16,399930791,400430791,5533308.47334,5189818.983063133,ai_sparse_k9,9,0.3424176468377571
cleanStatic,train,16,16.00723164,0,16,399930791,400430791,5533308.47334,5189818.983063133,pg_scc_k9,9,0.21065927413613592
cleanStatic,train,16,16.00723164,0,16,399930791,400430791,5533308.47334,5189818.983063133,epl3,3,0.05016806228526296
cleanStatic,train,16,16.00723164,0,16,399930791,400430791,5533308.47334,5189818.983063133,fixed9,9,0.17164364559903086
cleanStatic,train,16,16.00723164,0,16,399930791,400430791,5533308.47334,5189818.983063133,random1_k3,3,0.08522692826427901
cleanStatic,train,16,16.00723164,0,16,399930791,400430791,5533308.47334,5189818.983063133,random2_k3,3,0.2717645195997221
cleanStatic,train,16,16.00723164,0,16,399930791,400430791,5533308.47334,5189818.983063133,random3_k3,3,0.07213538518238423
cleanStatic,train,16,16.00723164,0,16,399930791,400430791,5533308.47334,5189818.983063133,random4_k3,3,0.13041250509080168
cleanStatic,train,16,16.00723164,0,16,399930791,400430791,5533308.47334,5189818.983063133,random5_k3,3,0.20516188613974365
cleanStatic,train,16,16.00723164,0,16,399930791,400430791,5533308.47334,5189818.983063133,random1_k5,5,0.10067595798255288
cleanStatic,train,16,16.00723164,0,16,399930791,400430791,5533308.47334,5189818.983063133,random2_k5,5,0.4709880682368441
cleanStatic,train,16,16.00723164,0,16,399930791,400430791,5533308.47334,5189818.983063133,random3_k5,5,0.17916815854764473
cleanStatic,train,16,16.00723164,0,16,399930791,400430791,5533308.47334,5189818.983063133,random4_k5,5,0.17026278458611538
cleanStatic,train,16,16.00723164,0,16,399930791,400430791,5533308.47334,5189818.983063133,random5_k5,5,0.28874638706913
cleanStatic,train,16,16.00723164,0,16,399930791,400430791,5533308.47334,5189818.983063133,random1_k9,9,0.27602677196379455
cleanStatic,train,16,16.00723164,0,16,399930791,400430791,5533308.47334,5189818.983063133,random2_k9,9,0.10909934261760086
cleanStatic,train,16,16.00723164,0,16,399930791,400430791,5533308.47334,5189818.983063133,random3_k9,9,0.08639195451574978
cleanStatic,train,16,16.00723164,0,16,399930791,400430791,5533308.47334,5189818.983063133,random4_k9,9,0.12503598334609334
cleanStatic,train,16,16.00723164,0,16,399930791,400430791,5533308.47334,5189818.983063133,random5_k9,9,0.12510917857226186
cleanStatic,train,16,15.99056136,2,3,399514034,400014034,5518034.337432001,5874204.139219,dense_two_source_glrt,187,0.046961751790686124
cleanStatic,train,16,15.99056136,2,3,399514034,400014034,5518034.337432001,5874204.139219,dense_one_source_residual,187,0.34308225723273345
cleanStatic,train,16,15.99056136,2,3,399514034,400014034,5518034.337432001,5874204.139219,raw_power_only,0,5518034.337432001
cleanStatic,train,16,15.99056136,2,3,399514034,400014034,5518034.337432001,5874204.139219,analytic_sparse_k3,3,0.1339018523644773
cleanStatic,train,16,15.99056136,2,3,399514034,400014034,5518034.337432001,5874204.139219,uniform_k3,3,0.40046916791556103
cleanStatic,train,16,15.99056136,2,3,399514034,400014034,5518034.337432001,5874204.139219,shuffled_k3,3,0.05903291201547727
cleanStatic,train,16,15.99056136,2,3,399514034,400014034,5518034.337432001,5874204.139219,analytic_sparse_k5,5,0.14341133710044107
cleanStatic,train,16,15.99056136,2,3,399514034,400014034,5518034.337432001,5874204.139219,uniform_k5,5,0.2533251615851438
cleanStatic,train,16,15.99056136,2,3,399514034,400014034,5518034.337432001,5874204.139219,shuffled_k5,5,0.11573771239059263
cleanStatic,train,16,15.99056136,2,3,399514034,400014034,5518034.337432001,5874204.139219,analytic_sparse_k9,9,0.0506166078439276
cleanStatic,train,16,15.99056136,2,3,399514034,400014034,5518034.337432001,5874204.139219,uniform_k9,9,0.0468042278099656
cleanStatic,train,16,15.99056136,2,3,399514034,400014034,5518034.337432001,5874204.139219,shuffled_k9,9,0.0948287649428001
cleanStatic,train,16,15.99056136,2,3,399514034,400014034,5518034.337432001,5874204.139219,ai_sparse_k3,3,0.1904542778636722
cleanStatic,train,16,15.99056136,2,3,399514034,400014034,5518034.337432001,5874204.139219,pg_scc_k3,3,0.24212816140351287
cleanStatic,train,16,15.99056136,2,3,399514034,400014034,5518034.337432001,5874204.139219,ai_sparse_k5,5,0.09750439424653326
cleanStatic,train,16,15.99056136,2,3,399514034,400014034,5518034.337432001,5874204.139219,pg_scc_k5,5,0.12917026850695218
cleanStatic,train,16,15.99056136,2,3,399514034,400014034,5518034.337432001,5874204.139219,ai_sparse_k9,9,0.20589283443329692
cleanStatic,train,16,15.99056136,2,3,399514034,400014034,5518034.337432001,5874204.139219,pg_scc_k9,9,0.08709035932719368
cleanStatic,train,16,15.99056136,2,3,399514034,400014034,5518034.337432001,5874204.139219,epl3,3,0.13469399791644823
cleanStatic,train,16,15.99056136,2,3,399514034,400014034,5518034.337432001,5874204.139219,fixed9,9,0.05125002481238464
cleanStatic,train,16,15.99056136,2,3,399514034,400014034,5518034.337432001,5874204.139219,random1_k3,3,0.3054413145034252
cleanStatic,train,16,15.99056136,2,3,399514034,400014034,5518034.337432001,5874204.139219,random2_k3,3,0.1824842031216932
cleanStatic,train,16,15.99056136,2,3,399514034,400014034,5518034.337432001,5874204.139219,random3_k3,3,0.19509152567183555
cleanStatic,train,16,15.99056136,2,3,399514034,400014034,5518034.337432001,5874204.139219,random4_k3,3,0.18235841412807866
cleanStatic,train,16,15.99056136,2,3,399514034,400014034,5518034.337432001,5874204.139219,random5_k3,3,0.14221353476942591
cleanStatic,train,16,15.99056136,2,3,399514034,400014034,5518034.337432001,5874204.139219,random1_k5,5,0.06533046220772243
cleanStatic,train,16,15.99056136,2,3,399514034,400014034,5518034.337432001,5874204.139219,random2_k5,5,0.09570112333078691
cleanStatic,train,16,15.99056136,2,3,399514034,400014034,5518034.337432001,5874204.139219,random3_k5,5,0.14375039685081573
cleanStatic,train,16,15.99056136,2,3,399514034,400014034,5518034.337432001,5874204.139219,random4_k5,5,0.08651518360117016
cleanStatic,train,16,15.99056136,2,3,399514034,400014034,5518034.337432001,5874204.139219,random5_k5,5,0.24565155433487523
cleanStatic,train,16,15.99056136,2,3,399514034,400014034,5518034.337432001,5874204.139219,random1_k9,9,0.04183173104982366
cleanStatic,train,16,15.99056136,2,3,399514034,400014034,5518034.337432001,5874204.139219,random2_k9,9,0.06843920864554054
cleanStatic,train,16,15.99056136,2,3,399514034,400014034,5518034.337432001,5874204.139219,random3_k9,9,0.16521408850195676
cleanStatic,train,16,15.99056136,2,3,399514034,400014034,5518034.337432001,5874204.139219,random4_k9,9,0.22594975679980067
cleanStatic,train,16,15.99056136,2,3,399514034,400014034,5518034.337432001,5874204.139219,random5_k9,9,0.11975550803368613
cleanStatic,train,16,16.0052758,3,20,399881895,400381895,5532343.3377640005,2264246.8334226543,dense_two_source_glrt,187,0.3183943538145501
cleanStatic,train,16,16.0052758,3,20,399881895,400381895,5532343.3377640005,2264246.8334226543,dense_one_source_residual,187,1.622369160621204
cleanStatic,train,16,16.0052758,3,20,399881895,400381895,5532343.3377640005,2264246.8334226543,raw_power_only,0,5532343.3377640005
cleanStatic,train,16,16.0052758,3,20,399881895,400381895,5532343.3377640005,2264246.8334226543,analytic_sparse_k3,3,0.5105968977659457
cleanStatic,train,16,16.0052758,3,20,399881895,400381895,5532343.3377640005,2264246.8334226543,uniform_k3,3,0.5370380927152489
cleanStatic,train,16,16.0052758,3,20,399881895,400381895,5532343.3377640005,2264246.8334226543,shuffled_k3,3,0.7434826586271007
cleanStatic,train,16,16.0052758,3,20,399881895,400381895,5532343.3377640005,2264246.8334226543,analytic_sparse_k5,5,0.8331948883121992
cleanStatic,train,16,16.0052758,3,20,399881895,400381895,5532343.3377640005,2264246.8334226543,uniform_k5,5,1.0957191837374574
cleanStatic,train,16,16.0052758,3,20,399881895,400381895,5532343.3377640005,2264246.8334226543,shuffled_k5,5,0.19604108270381532
cleanStatic,train,16,16.0052758,3,20,399881895,400381895,5532343.3377640005,2264246.8334226543,analytic_sparse_k9,9,0.3058671303580791
cleanStatic,train,16,16.0052758,3,20,399881895,400381895,5532343.3377640005,2264246.8334226543,uniform_k9,9,0.6028595730578544
cleanStatic,train,16,16.0052758,3,20,399881895,400381895,5532343.3377640005,2264246.8334226543,shuffled_k9,9,0.8683000365850511
cleanStatic,train,16,16.0052758,3,20,399881895,400381895,5532343.3377640005,2264246.8334226543,ai_sparse_k3,3,0.5057709407530769
cleanStatic,train,16,16.0052758,3,20,399881895,400381895,5532343.3377640005,2264246.8334226543,pg_scc_k3,3,1.0180791795623416
cleanStatic,train,16,16.0052758,3,20,399881895,400381895,5532343.3377640005,2264246.8334226543,ai_sparse_k5,5,1.5920032189065993
cleanStatic,train,16,16.0052758,3,20,399881895,400381895,5532343.3377640005,2264246.8334226543,pg_scc_k5,5,0.3983754350346521
cleanStatic,train,16,16.0052758,3,20,399881895,400381895,5532343.3377640005,2264246.8334226543,ai_sparse_k9,9,0.9985383547509845
cleanStatic,train,16,16.0052758,3,20,399881895,400381895,5532343.3377640005,2264246.8334226543,pg_scc_k9,9,0.3299083462820786
cleanStatic,train,16,16.0052758,3,20,399881895,400381895,5532343.3377640005,2264246.8334226543,epl3,3,0.8203071039310662
cleanStatic,train,16,16.0052758,3,20,399881895,400381895,5532343.3377640005,2264246.8334226543,fixed9,9,0.6938059915778596
cleanStatic,train,16,16.0052758,3,20,399881895,400381895,5532343.3377640005,2264246.8334226543,random1_k3,3,1.091727587557009
cleanStatic,train,16,16.0052758,3,20,399881895,400381895,5532343.3377640005,2264246.8334226543,random2_k3,3,0.9106813358007337
cleanStatic,train,16,16.0052758,3,20,399881895,400381895,5532343.3377640005,2264246.8334226543,random3_k3,3,0.016191164546272813
cleanStatic,train,16,16.0052758,3,20,399881895,400381895,5532343.3377640005,2264246.8334226543,random4_k3,3,1.712931514760086
cleanStatic,train,16,16.0052758,3,20,399881895,400381895,5532343.3377640005,2264246.8334226543,random5_k3,3,1.3989120538817277
cleanStatic,train,16,16.0052758,3,20,399881895,400381895,5532343.3377640005,2264246.8334226543,random1_k5,5,0.3442117664045389
cleanStatic,train,16,16.0052758,3,20,399881895,400381895,5532343.3377640005,2264246.8334226543,random2_k5,5,0.07854955094935914
cleanStatic,train,16,16.0052758,3,20,399881895,400381895,5532343.3377640005,2264246.8334226543,random3_k5,5,0.5394852724680399
cleanStatic,train,16,16.0052758,3,20,399881895,400381895,5532343.3377640005,2264246.8334226543,random4_k5,5,1.3573248403091127
cleanStatic,train,16,16.0052758,3,20,399881895,400381895,5532343.3377640005,2264246.8334226543,random5_k5,5,0.5812363435817721
cleanStatic,train,16,16.0052758,3,20,399881895,400381895,5532343.3377640005,2264246.8334226543,random1_k9,9,0.3730898412811643
cleanStatic,train,16,16.0052758,3,20,399881895,400381895,5532343.3377640005,2264246.8334226543,random2_k9,9,0.49531758211026283
cleanStatic,train,16,16.0052758,3,20,399881895,400381895,5532343.3377640005,2264246.8334226543,random3_k9,9,0.5119400245808122
cleanStatic,train,16,16.0052758,3,20,399881895,400381895,5532343.3377640005,2264246.8334226543,random4_k9,9,0.7000979820637068
cleanStatic,train,16,16.0052758,3,20,399881895,400381895,5532343.3377640005,2264246.8334226543,random5_k9,9,0.20721584543926713
cleanStatic,train,16,16.01657692,4,30,400164423,400664423,5520877.130104,1986878.4028157082,dense_two_source_glrt,187,0.422967792626389
cleanStatic,train,16,16.01657692,4,30,400164423,400664423,5520877.130104,1986878.4028157082,dense_one_source_residual,187,2.5672038968490125
cleanStatic,train,16,16.01657692,4,30,400164423,400664423,5520877.130104,1986878.4028157082,raw_power_only,0,5520877.130104
cleanStatic,train,16,16.01657692,4,30,400164423,400664423,5520877.130104,1986878.4028157082,analytic_sparse_k3,3,1.8663101467373873
cleanStatic,train,16,16.01657692,4,30,400164423,400664423,5520877.130104,1986878.4028157082,uniform_k3,3,0.6721726857008968
cleanStatic,train,16,16.01657692,4,30,400164423,400664423,5520877.130104,1986878.4028157082,shuffled_k3,3,0.5867315050401657
cleanStatic,train,16,16.01657692,4,30,400164423,400664423,5520877.130104,1986878.4028157082,analytic_sparse_k5,5,1.0484721648543833
cleanStatic,train,16,16.01657692,4,30,400164423,400664423,5520877.130104,1986878.4028157082,uniform_k5,5,0.6277064845207931
cleanStatic,train,16,16.01657692,4,30,400164423,400664423,5520877.130104,1986878.4028157082,shuffled_k5,5,0.20037581683035627
cleanStatic,train,16,16.01657692,4,30,400164423,400664423,5520877.130104,1986878.4028157082,analytic_sparse_k9,9,0.6961146786772626
cleanStatic,train,16,16.01657692,4,30,400164423,400664423,5520877.130104,1986878.4028157082,uniform_k9,9,0.2505312794345578
cleanStatic,train,16,16.01657692,4,30,400164423,400664423,5520877.130104,1986878.4028157082,shuffled_k9,9,1.9293527044083527
cleanStatic,train,16,16.01657692,4,30,400164423,400664423,5520877.130104,1986878.4028157082,ai_sparse_k3,3,0.45274380849947776
cleanStatic,train,16,16.01657692,4,30,400164423,400664423,5520877.130104,1986878.4028157082,pg_scc_k3,3,1.5586435557965943
cleanStatic,train,16,16.01657692,4,30,400164423,400664423,5520877.130104,1986878.4028157082,ai_sparse_k5,5,1.521519264162662
cleanStatic,train,16,16.01657692,4,30,400164423,400664423,5520877.130104,1986878.4028157082,pg_scc_k5,5,0.6241775955293282
cleanStatic,train,16,16.01657692,4,30,400164423,400664423,5520877.130104,1986878.4028157082,ai_sparse_k9,9,2.072209334567014
cleanStatic,train,16,16.01657692,4,30,400164423,400664423,5520877.130104,1986878.4028157082,pg_scc_k9,9,0.790164076430001
cleanStatic,train,16,16.01657692,4,30,400164423,400664423,5520877.130104,1986878.4028157082,epl3,3,2.7112270661805717
cleanStatic,train,16,16.01657692,4,30,400164423,400664423,5520877.130104,1986878.4028157082,fixed9,9,2.224847990560532
cleanStatic,train,16,16.01657692,4,30,400164423,400664423,5520877.130104,1986878.4028157082,random1_k3,3,2.0857031242567654
cleanStatic,train,16,16.01657692,4,30,400164423,400664423,5520877.130104,1986878.4028157082,random2_k3,3,1.1144186805097716
cleanStatic,train,16,16.01657692,4,30,400164423,400664423,5520877.130104,1986878.4028157082,random3_k3,3,0.23927439864820155
cleanStatic,train,16,16.01657692,4,30,400164423,400664423,5520877.130104,1986878.4028157082,random4_k3,3,1.7493915607989745
cleanStatic,train,16,16.01657692,4,30,400164423,400664423,5520877.130104,1986878.4028157082,random5_k3,3,1.3462490725697343
cleanStatic,train,16,16.01657692,4,30,400164423,400664423,5520877.130104,1986878.4028157082,random1_k5,5,0.8385836327337166
cleanStatic,train,16,16.01657692,4,30,400164423,400664423,5520877.130104,1986878.4028157082,random2_k5,5,0.47826922794875426
cleanStatic,train,16,16.01657692,4,30,400164423,400664423,5520877.130104,1986878.4028157082,random3_k5,5,0.8585504014828121
cleanStatic,train,16,16.01657692,4,30,400164423,400664423,5520877.130104,1986878.4028157082,random4_k5,5,1.184231198580371
cleanStatic,train,16,16.01657692,4,30,400164423,400664423,5520877.130104,1986878.4028157082,random5_k5,5,0.8181587303398498
cleanStatic,train,16,16.01657692,4,30,400164423,400664423,5520877.130104,1986878.4028157082,random1_k9,9,0.4846472507017354
cleanStatic,train,16,16.01657692,4,30,400164423,400664423,5520877.130104,1986878.4028157082,random2_k9,9,0.4448493952347216
cleanStatic,train,16,16.01657692,4,30,400164423,400664423,5520877.130104,1986878.4028157082,random3_k9,9,1.0490547940980361
cleanStatic,train,16,16.01657692,4,30,400164423,400664423,5520877.130104,1986878.4028157082,random4_k9,9,0.8943752173023408
cleanStatic,train,16,16.01657692,4,30,400164423,400664423,5520877.130104,1986878.4028157082,random5_k9,9,0.5653631097101166
cleanStatic,train,16,15.99064692,5,6,399516173,400016173,5518701.75953,4695737.59508146,dense_two_source_glrt,187,0.01873092625528013
cleanStatic,train,16,15.99064692,5,6,399516173,400016173,5518701.75953,4695737.59508146,dense_one_source_residual,187,0.37709327038971774
cleanStatic,train,16,15.99064692,5,6,399516173,400016173,5518701.75953,4695737.59508146,raw_power_only,0,5518701.75953
cleanStatic,train,16,15.99064692,5,6,399516173,400016173,5518701.75953,4695737.59508146,analytic_sparse_k3,3,0.227332528652339
cleanStatic,train,16,15.99064692,5,6,399516173,400016173,5518701.75953,4695737.59508146,uniform_k3,3,0.13379614195411085
cleanStatic,train,16,15.99064692,5,6,399516173,400016173,5518701.75953,4695737.59508146,shuffled_k3,3,0.29899016753558627
cleanStatic,train,16,15.99064692,5,6,399516173,400016173,5518701.75953,4695737.59508146,analytic_sparse_k5,5,0.2735497452528234
cleanStatic,train,16,15.99064692,5,6,399516173,400016173,5518701.75953,4695737.59508146,uniform_k5,5,0.0973503483016855
cleanStatic,train,16,15.99064692,5,6,399516173,400016173,5518701.75953,4695737.59508146,shuffled_k5,5,0.2860367136971044
cleanStatic,train,16,15.99064692,5,6,399516173,400016173,5518701.75953,4695737.59508146,analytic_sparse_k9,9,0.29939249512881866
cleanStatic,train,16,15.99064692,5,6,399516173,400016173,5518701.75953,4695737.59508146,uniform_k9,9,0.01959632160325575
cleanStatic,train,16,15.99064692,5,6,399516173,400016173,5518701.75953,4695737.59508146,shuffled_k9,9,0.07838916892730222
cleanStatic,train,16,15.99064692,5,6,399516173,400016173,5518701.75953,4695737.59508146,ai_sparse_k3,3,0.11482846781519161
cleanStatic,train,16,15.99064692,5,6,399516173,400016173,5518701.75953,4695737.59508146,pg_scc_k3,3,0.3978492764756327
cleanStatic,train,16,15.99064692,5,6,399516173,400016173,5518701.75953,4695737.59508146,ai_sparse_k5,5,0.15319051162288638
cleanStatic,train,16,15.99064692,5,6,399516173,400016173,5518701.75953,4695737.59508146,pg_scc_k5,5,0.18688926110498216
cleanStatic,train,16,15.99064692,5,6,399516173,400016173,5518701.75953,4695737.59508146,ai_sparse_k9,9,0.17529127066204261
cleanStatic,train,16,15.99064692,5,6,399516173,400016173,5518701.75953,4695737.59508146,pg_scc_k9,9,0.098364218943385
cleanStatic,train,16,15.99064692,5,6,399516173,400016173,5518701.75953,4695737.59508146,epl3,3,0.2912480881419533
cleanStatic,train,16,15.99064692,5,6,399516173,400016173,5518701.75953,4695737.59508146,fixed9,9,0.14951628922717106
cleanStatic,train,16,15.99064692,5,6,399516173,400016173,5518701.75953,4695737.59508146,random1_k3,3,0.4349557676812372
cleanStatic,train,16,15.99064692,5,6,399516173,400016173,5518701.75953,4695737.59508146,random2_k3,3,0.1361310087113273
cleanStatic,train,16,15.99064692,5,6,399516173,400016173,5518701.75953,4695737.59508146,random3_k3,3,0.1606538849088167
cleanStatic,train,16,15.99064692,5,6,399516173,400016173,5518701.75953,4695737.59508146,random4_k3,3,0.2180782126626242
cleanStatic,train,16,15.99064692,5,6,399516173,400016173,5518701.75953,4695737.59508146,random5_k3,3,0.06526541720756354
cleanStatic,train,16,15.99064692,5,6,399516173,400016173,5518701.75953,4695737.59508146,random1_k5,5,0.14369807286321473
cleanStatic,train,16,15.99064692,5,6,399516173,400016173,5518701.75953,4695737.59508146,random2_k5,5,0.2484117152031282
cleanStatic,train,16,15.99064692,5,6,399516173,400016173,5518701.75953,4695737.59508146,random3_k5,5,0.07010256301007448
cleanStatic,train,16,15.99064692,5,6,399516173,400016173,5518701.75953,4695737.59508146,random4_k5,5,0.05552186565415722
cleanStatic,train,16,15.99064692,5,6,399516173,400016173,5518701.75953,4695737.59508146,random5_k5,5,0.23476638577091796
cleanStatic,train,16,15.99064692,5,6,399516173,400016173,5518701.75953,4695737.59508146,random1_k9,9,0.08304218829209947
cleanStatic,train,16,15.99064692,5,6,399516173,400016173,5518701.75953,4695737.59508146,random2_k9,9,0.05831288147953225
cleanStatic,train,16,15.99064692,5,6,399516173,400016173,5518701.75953,4695737.59508146,random3_k9,9,0.1921293747888734
cleanStatic,train,16,15.99064692,5,6,399516173,400016173,5518701.75953,4695737.59508146,random4_k9,9,0.10868141521641202
cleanStatic,train,16,15.99064692,5,6,399516173,400016173,5518701.75953,4695737.59508146,random5_k9,9,0.12265807197294684
cleanStatic,train,16,15.99023872,6,7,399505968,400005968,5520433.15418,4825656.199600151,dense_two_source_glrt,187,0.18770565097145178
cleanStatic,train,16,15.99023872,6,7,399505968,400005968,5520433.15418,4825656.199600151,dense_one_source_residual,187,1.7871324998780755
cleanStatic,train,16,15.99023872,6,7,399505968,400005968,5520433.15418,4825656.199600151,raw_power_only,0,5520433.15418
cleanStatic,train,16,15.99023872,6,7,399505968,400005968,5520433.15418,4825656.199600151,analytic_sparse_k3,3,0.9013055888557288
cleanStatic,train,16,15.99023872,6,7,399505968,400005968,5520433.15418,4825656.199600151,uniform_k3,3,1.1394555087216698
cleanStatic,train,16,15.99023872,6,7,399505968,400005968,5520433.15418,4825656.199600151,shuffled_k3,3,0.715063075560293
cleanStatic,train,16,15.99023872,6,7,399505968,400005968,5520433.15418,4825656.199600151,analytic_sparse_k5,5,0.7973810589694692
cleanStatic,train,16,15.99023872,6,7,399505968,400005968,5520433.15418,4825656.199600151,uniform_k5,5,1.2378199479806224
cleanStatic,train,16,15.99023872,6,7,399505968,400005968,5520433.15418,4825656.199600151,shuffled_k5,5,0.5484227596785688
cleanStatic,train,16,15.99023872,6,7,399505968,400005968,5520433.15418,4825656.199600151,analytic_sparse_k9,9,0.5155786614723704
cleanStatic,train,16,15.99023872,6,7,399505968,400005968,5520433.15418,4825656.199600151,uniform_k9,9,0.25580049571876196
cleanStatic,train,16,15.99023872,6,7,399505968,400005968,5520433.15418,4825656.199600151,shuffled_k9,9,0.41628842064002947
cleanStatic,train,16,15.99023872,6,7,399505968,400005968,5520433.15418,4825656.199600151,ai_sparse_k3,3,0.6821945819178193
cleanStatic,train,16,15.99023872,6,7,399505968,400005968,5520433.15418,4825656.199600151,pg_scc_k3,3,0.05224699626425918
cleanStatic,train,16,15.99023872,6,7,399505968,400005968,5520433.15418,4825656.199600151,ai_sparse_k5,5,0.666530173410015
cleanStatic,train,16,15.99023872,6,7,399505968,400005968,5520433.15418,4825656.199600151,pg_scc_k5,5,0.2641038975351061
cleanStatic,train,16,15.99023872,6,7,399505968,400005968,5520433.15418,4825656.199600151,ai_sparse_k9,9,0.1858492555455734
cleanStatic,train,16,15.99023872,6,7,399505968,400005968,5520433.15418,4825656.199600151,pg_scc_k9,9,0.1321020011814974
cleanStatic,train,16,15.99023872,6,7,399505968,400005968,5520433.15418,4825656.199600151,epl3,3,1.0029149803724338
cleanStatic,train,16,15.99023872,6,7,399505968,400005968,5520433.15418,4825656.199600151,fixed9,9,0.18651871819172364
cleanStatic,train,16,15.99023872,6,7,399505968,400005968,5520433.15418,4825656.199600151,random1_k3,3,0.6116610090335185
cleanStatic,train,16,15.99023872,6,7,399505968,400005968,5520433.15418,4825656.199600151,random2_k3,3,0.8884394794565053
cleanStatic,train,16,15.99023872,6,7,399505968,400005968,5520433.15418,4825656.199600151,random3_k3,3,0.5271888646893695
cleanStatic,train,16,15.99023872,6,7,399505968,400005968,5520433.15418,4825656.199600151,random4_k3,3,1.779041984406632
cleanStatic,train,16,15.99023872,6,7,399505968,400005968,5520433.15418,4825656.199600151,random5_k3,3,1.2217976834066857
cleanStatic,train,16,15.99023872,6,7,399505968,400005968,5520433.15418,4825656.199600151,random1_k5,5,0.7527832833731349
cleanStatic,train,16,15.99023872,6,7,399505968,400005968,5520433.15418,4825656.199600151,random2_k5,5,0.5051690421485836
cleanStatic,train,16,15.99023872,6,7,399505968,400005968,5520433.15418,4825656.199600151,random3_k5,5,0.7082552467519486
cleanStatic,train,16,15.99023872,6,7,399505968,400005968,5520433.15418,4825656.199600151,random4_k5,5,1.0181708056476508
cleanStatic,train,16,15.99023872,6,7,399505968,400005968,5520433.15418,4825656.199600151,random5_k5,5,0.9941379750195235
cleanStatic,train,16,15.99023872,6,7,399505968,400005968,5520433.15418,4825656.199600151,random1_k9,9,0.8132827688314447
cleanStatic,train,16,15.99023872,6,7,399505968,400005968,5520433.15418,4825656.199600151,random2_k9,9,0.31859369395678055
cleanStatic,train,16,15.99023872,6,7,399505968,400005968,5520433.15418,4825656.199600151,random3_k9,9,0.43806898446211345
cleanStatic,train,16,15.99023872,6,7,399505968,400005968,5520433.15418,4825656.199600151,random4_k9,9,0.9855106932089224
cleanStatic,train,16,15.99023872,6,7,399505968,400005968,5520433.15418,4825656.199600151,random5_k9,9,0.2025487155240161
cleanStatic,train,16,15.9903892,7,10,399509730,400009730,5519627.597916,2744208.1206986816,dense_two_source_glrt,187,0.164719692994906
cleanStatic,train,16,15.9903892,7,10,399509730,400009730,5519627.597916,2744208.1206986816,dense_one_source_residual,187,1.186654121667857
cleanStatic,train,16,15.9903892,7,10,399509730,400009730,5519627.597916,2744208.1206986816,raw_power_only,0,5519627.597916
cleanStatic,train,16,15.9903892,7,10,399509730,400009730,5519627.597916,2744208.1206986816,analytic_sparse_k3,3,0.1397973437101134
cleanStatic,train,16,15.9903892,7,10,399509730,400009730,5519627.597916,2744208.1206986816,uniform_k3,3,0.44648996629464593
cleanStatic,train,16,15.9903892,7,10,399509730,400009730,5519627.597916,2744208.1206986816,shuffled_k3,3,2.295193916945143
cleanStatic,train,16,15.9903892,7,10,399509730,400009730,5519627.597916,2744208.1206986816,analytic_sparse_k5,5,0.5768149403611735
cleanStatic,train,16,15.9903892,7,10,399509730,400009730,5519627.597916,2744208.1206986816,uniform_k5,5,0.30126390176235895
cleanStatic,train,16,15.9903892,7,10,399509730,400009730,5519627.597916,2744208.1206986816,shuffled_k5,5,0.5962526179356258
cleanStatic,train,16,15.9903892,7,10,399509730,400009730,5519627.597916,2744208.1206986816,analytic_sparse_k9,9,0.606817758522697
cleanStatic,train,16,15.9903892,7,10,399509730,400009730,5519627.597916,2744208.1206986816,uniform_k9,9,0.2882299694173478
cleanStatic,train,16,15.9903892,7,10,399509730,400009730,5519627.597916,2744208.1206986816,shuffled_k9,9,1.2618047381549842
cleanStatic,train,16,15.9903892,7,10,399509730,400009730,5519627.597916,2744208.1206986816,ai_sparse_k3,3,0.6566612656548216
cleanStatic,train,16,15.9903892,7,10,399509730,400009730,5519627.597916,2744208.1206986816,pg_scc_k3,3,0.14846267894259743
cleanStatic,train,16,15.9903892,7,10,399509730,400009730,5519627.597916,2744208.1206986816,ai_sparse_k5,5,0.8327534581748658
cleanStatic,train,16,15.9903892,7,10,399509730,400009730,5519627.597916,2744208.1206986816,pg_scc_k5,5,0.33886563714462115
cleanStatic,train,16,15.9903892,7,10,399509730,400009730,5519627.597916,2744208.1206986816,ai_sparse_k9,9,0.7284590326140977
cleanStatic,train,16,15.9903892,7,10,399509730,400009730,5519627.597916,2744208.1206986816,pg_scc_k9,9,0.09814118192685352
cleanStatic,train,16,15.9903892,7,10,399509730,400009730,5519627.597916,2744208.1206986816,epl3,3,3.8008955116408303
cleanStatic,train,16,15.9903892,7,10,399509730,400009730,5519627.597916,2744208.1206986816,fixed9,9,2.038544081440373
cleanStatic,train,16,15.9903892,7,10,399509730,400009730,5519627.597916,2744208.1206986816,random1_k3,3,1.4334245004735404
cleanStatic,train,16,15.9903892,7,10,399509730,400009730,5519627.597916,2744208.1206986816,random2_k3,3,0.20066042093837622
cleanStatic,train,16,15.9903892,7,10,399509730,400009730,5519627.597916,2744208.1206986816,random3_k3,3,0.7803860985346137
cleanStatic,train,16,15.9903892,7,10,399509730,400009730,5519627.597916,2744208.1206986816,random4_k3,3,1.1237114009072195
cleanStatic,train,16,15.9903892,7,10,399509730,400009730,5519627.597916,2744208.1206986816,random5_k3,3,0.6346443294050235
cleanStatic,train,16,15.9903892,7,10,399509730,400009730,5519627.597916,2744208.1206986816,random1_k5,5,0.2688997877273712
cleanStatic,train,16,15.9903892,7,10,399509730,400009730,5519627.597916,2744208.1206986816,random2_k5,5,0.398603384563706
cleanStatic,train,16,15.9903892,7,10,399509730,400009730,5519627.597916,2744208.1206986816,random3_k5,5,1.8121286304168502
cleanStatic,train,16,15.9903892,7,10,399509730,400009730,5519627.597916,2744208.1206986816,random4_k5,5,0.15869024700438472
cleanStatic,train,16,15.9903892,7,10,399509730,400009730,5519627.597916,2744208.1206986816,random5_k5,5,0.44829789576942647
cleanStatic,train,16,15.9903892,7,10,399509730,400009730,5519627.597916,2744208.1206986816,random1_k9,9,0.5020651600318973
cleanStatic,train,16,15.9903892,7,10,399509730,400009730,5519627.597916,2744208.1206986816,random2_k9,9,0.2212190744494763
cleanStatic,train,16,15.9903892,7,10,399509730,400009730,5519627.597916,2744208.1206986816,random3_k9,9,0.16624752776925045
cleanStatic,train,16,15.9903892,7,10,399509730,400009730,5519627.597916,2744208.1206986816,random4_k9,9,0.4099416395812342
cleanStatic,train,16,15.9903892,7,10,399509730,400009730,5519627.597916,2744208.1206986816,random5_k9,9,0.390913014828229
cleanStatic,train,16,15.99271492,8,13,399567873,400067873,5523553.331462,6420658.246755229,dense_two_source_glrt,187,0.059306345054494725
cleanStatic,train,16,15.99271492,8,13,399567873,400067873,5523553.331462,6420658.246755229,dense_one_source_residual,187,0.28603191244859993
cleanStatic,train,16,15.99271492,8,13,399567873,400067873,5523553.331462,6420658.246755229,raw_power_only,0,5523553.331462
cleanStatic,train,16,15.99271492,8,13,399567873,400067873,5523553.331462,6420658.246755229,analytic_sparse_k3,3,0.010977157854649894
cleanStatic,train,16,15.99271492,8,13,399567873,400067873,5523553.331462,6420658.246755229,uniform_k3,3,0.0775885142037784
cleanStatic,train,16,15.99271492,8,13,399567873,400067873,5523553.331462,6420658.246755229,shuffled_k3,3,0.02888466911940472
cleanStatic,train,16,15.99271492,8,13,399567873,400067873,5523553.331462,6420658.246755229,analytic_sparse_k5,5,0.09129257879301209
cleanStatic,train,16,15.99271492,8,13,399567873,400067873,5523553.331462,6420658.246755229,uniform_k5,5,0.02468695646600535
cleanStatic,train,16,15.99271492,8,13,399567873,400067873,5523553.331462,6420658.246755229,shuffled_k5,5,0.03783316077362865
cleanStatic,train,16,15.99271492,8,13,399567873,400067873,5523553.331462,6420658.246755229,analytic_sparse_k9,9,0.08341546270539006
cleanStatic,train,16,15.99271492,8,13,399567873,400067873,5523553.331462,6420658.246755229,uniform_k9,9,0.0201918631621725
cleanStatic,train,16,15.99271492,8,13,399567873,400067873,5523553.331462,6420658.246755229,shuffled_k9,9,0.14194419563868155
cleanStatic,train,16,15.99271492,8,13,399567873,400067873,5523553.331462,6420658.246755229,ai_sparse_k3,3,0.16539093281045852
cleanStatic,train,16,15.99271492,8,13,399567873,400067873,5523553.331462,6420658.246755229,pg_scc_k3,3,0.2857533582926041
cleanStatic,train,16,15.99271492,8,13,399567873,400067873,5523553.331462,6420658.246755229,ai_sparse_k5,5,0.07963240238805872
cleanStatic,train,16,15.99271492,8,13,399567873,400067873,5523553.331462,6420658.246755229,pg_scc_k5,5,0.18775447614608648
cleanStatic,train,16,15.99271492,8,13,399567873,400067873,5523553.331462,6420658.246755229,ai_sparse_k9,9,0.15264088588935845
cleanStatic,train,16,15.99271492,8,13,399567873,400067873,5523553.331462,6420658.246755229,pg_scc_k9,9,0.15599960044956024
cleanStatic,train,16,15.99271492,8,13,399567873,400067873,5523553.331462,6420658.246755229,epl3,3,0.20203488745625095
cleanStatic,train,16,15.99271492,8,13,399567873,400067873,5523553.331462,6420658.246755229,fixed9,9,0.23138409661227458
cleanStatic,train,16,15.99271492,8,13,399567873,400067873,5523553.331462,6420658.246755229,random1_k3,3,0.10037671573999728
cleanStatic,train,16,15.99271492,8,13,399567873,400067873,5523553.331462,6420658.246755229,random2_k3,3,0.09165846033281033
cleanStatic,train,16,15.99271492,8,13,399567873,400067873,5523553.331462,6420658.246755229,random3_k3,3,0.42209113748638
cleanStatic,train,16,15.99271492,8,13,399567873,400067873,5523553.331462,6420658.246755229,random4_k3,3,0.15742970521726196
cleanStatic,train,16,15.99271492,8,13,399567873,400067873,5523553.331462,6420658.246755229,random5_k3,3,0.04412669330812811
cleanStatic,train,16,15.99271492,8,13,399567873,400067873,5523553.331462,6420658.246755229,random1_k5,5,0.1178563707159874
cleanStatic,train,16,15.99271492,8,13,399567873,400067873,5523553.331462,6420658.246755229,random2_k5,5,0.10229192883150577
cleanStatic,train,16,15.99271492,8,13,399567873,400067873,5523553.331462,6420658.246755229,random3_k5,5,0.0800428560661357
cleanStatic,train,16,15.99271492,8,13,399567873,400067873,5523553.331462,6420658.246755229,random4_k5,5,0.3550142507867636
cleanStatic,train,16,15.99271492,8,13,399567873,400067873,5523553.331462,6420658.246755229,random5_k5,5,0.14050247333551236
cleanStatic,train,16,15.99271492,8,13,399567873,400067873,5523553.331462,6420658.246755229,random1_k9,9,0.10859046978158429
cleanStatic,train,16,15.99271492,8,13,399567873,400067873,5523553.331462,6420658.246755229,random2_k9,9,0.09069820911364314
cleanStatic,train,16,15.99271492,8,13,399567873,400067873,5523553.331462,6420658.246755229,random3_k9,9,0.17870451623548572
cleanStatic,train,16,15.99271492,8,13,399567873,400067873,5523553.331462,6420658.246755229,random4_k9,9,0.1584958552811189
cleanStatic,train,16,15.99271492,8,13,399567873,400067873,5523553.331462,6420658.246755229,random5_k9,9,0.10401057053903931
cleanStatic,train,16,15.99056856,9,19,399514214,400014214,5517873.458562,4669197.667848397,dense_two_source_glrt,187,0.057095572492800485
cleanStatic,train,16,15.99056856,9,19,399514214,400014214,5517873.458562,4669197.667848397,dense_one_source_residual,187,0.3742139577788952
cleanStatic,train,16,15.99056856,9,19,399514214,400014214,5517873.458562,4669197.667848397,raw_power_only,0,5517873.458562
cleanStatic,train,16,15.99056856,9,19,399514214,400014214,5517873.458562,4669197.667848397,analytic_sparse_k3,3,0.035862897142683536
cleanStatic,train,16,15.99056856,9,19,399514214,400014214,5517873.458562,4669197.667848397,uniform_k3,3,0.14398711896985752
cleanStatic,train,16,15.99056856,9,19,399514214,400014214,5517873.458562,4669197.667848397,shuffled_k3,3,0.0818261056916293
cleanStatic,train,16,15.99056856,9,19,399514214,400014214,5517873.458562,4669197.667848397,analytic_sparse_k5,5,0.05204269683823424
cleanStatic,train,16,15.99056856,9,19,399514214,400014214,5517873.458562,4669197.667848397,uniform_k5,5,0.08225191808102636
cleanStatic,train,16,15.99056856,9,19,399514214,400014214,5517873.458562,4669197.667848397,shuffled_k5,5,0.04918109059138335
cleanStatic,train,16,15.99056856,9,19,399514214,400014214,5517873.458562,4669197.667848397,analytic_sparse_k9,9,0.04785685506603959
cleanStatic,train,16,15.99056856,9,19,399514214,400014214,5517873.458562,4669197.667848397,uniform_k9,9,0.04614878741737538
cleanStatic,train,16,15.99056856,9,19,399514214,400014214,5517873.458562,4669197.667848397,shuffled_k9,9,0.22837690768325875
cleanStatic,train,16,15.99056856,9,19,399514214,400014214,5517873.458562,4669197.667848397,ai_sparse_k3,3,0.15775385034927172
cleanStatic,train,16,15.99056856,9,19,399514214,400014214,5517873.458562,4669197.667848397,pg_scc_k3,3,0.11223969626065605
cleanStatic,train,16,15.99056856,9,19,399514214,400014214,5517873.458562,4669197.667848397,ai_sparse_k5,5,0.04332879251727125
cleanStatic,train,16,15.99056856,9,19,399514214,400014214,5517873.458562,4669197.667848397,pg_scc_k5,5,0.0806179365955733
cleanStatic,train,16,15.99056856,9,19,399514214,400014214,5517873.458562,4669197.667848397,ai_sparse_k9,9,0.03901200775954645
cleanStatic,train,16,15.99056856,9,19,399514214,400014214,5517873.458562,4669197.667848397,pg_scc_k9,9,0.03609163907288547
cleanStatic,train,16,15.99056856,9,19,399514214,400014214,5517873.458562,4669197.667848397,epl3,3,0.4020348227910981
cleanStatic,train,16,15.99056856,9,19,399514214,400014214,5517873.458562,4669197.667848397,fixed9,9,0.15976013910531925
cleanStatic,train,16,15.99056856,9,19,399514214,400014214,5517873.458562,4669197.667848397,random1_k3,3,0.08070939640039905
cleanStatic,train,16,15.99056856,9,19,399514214,400014214,5517873.458562,4669197.667848397,random2_k3,3,0.33881090927227236
cleanStatic,train,16,15.99056856,9,19,399514214,400014214,5517873.458562,4669197.667848397,random3_k3,3,0.38679052225619776
cleanStatic,train,16,15.99056856,9,19,399514214,400014214,5517873.458562,4669197.667848397,random4_k3,3,0.14127133567895125
cleanStatic,train,16,15.99056856,9,19,399514214,400014214,5517873.458562,4669197.667848397,random5_k3,3,0.15330112149247507
cleanStatic,train,16,15.99056856,9,19,399514214,400014214,5517873.458562,4669197.667848397,random1_k5,5,0.27051764089968483
cleanStatic,train,16,15.99056856,9,19,399514214,400014214,5517873.458562,4669197.667848397,random2_k5,5,0.3152172546650675
cleanStatic,train,16,15.99056856,9,19,399514214,400014214,5517873.458562,4669197.667848397,random3_k5,5,0.011718707650419246
cleanStatic,train,16,15.99056856,9,19,399514214,400014214,5517873.458562,4669197.667848397,random4_k5,5,0.07536859111393393
cleanStatic,train,16,15.99056856,9,19,399514214,400014214,5517873.458562,4669197.667848397,random5_k5,5,0.35383301240652704
cleanStatic,train,16,15.99056856,9,19,399514214,400014214,5517873.458562,4669197.667848397,random1_k9,9,0.08685398572170995
cleanStatic,train,16,15.99056856,9,19,399514214,400014214,5517873.458562,4669197.667848397,random2_k9,9,0.09893473428139027
cleanStatic,train,16,15.99056856,9,19,399514214,400014214,5517873.458562,4669197.667848397,random3_k9,9,0.1297898683303337
cleanStatic,train,16,15.99056856,9,19,399514214,400014214,5517873.458562,4669197.667848397,random4_k9,9,0.09654504395638314
cleanStatic,train,16,15.99056856,9,19,399514214,400014214,5517873.458562,4669197.667848397,random5_k9,9,0.0342235423278443
cleanStatic,train,16,15.99060564,10,23,399515141,400015141,5518776.133918,6531907.730546068,dense_two_source_glrt,187,0.06786894134371
cleanStatic,train,16,15.99060564,10,23,399515141,400015141,5518776.133918,6531907.730546068,dense_one_source_residual,187,0.4969810449875026
cleanStatic,train,16,15.99060564,10,23,399515141,400015141,5518776.133918,6531907.730546068,raw_power_only,0,5518776.133918
cleanStatic,train,16,15.99060564,10,23,399515141,400015141,5518776.133918,6531907.730546068,analytic_sparse_k3,3,0.05071912489655872
cleanStatic,train,16,15.99060564,10,23,399515141,400015141,5518776.133918,6531907.730546068,uniform_k3,3,0.24572644443088934
cleanStatic,train,16,15.99060564,10,23,399515141,400015141,5518776.133918,6531907.730546068,shuffled_k3,3,0.03819202922838052
cleanStatic,train,16,15.99060564,10,23,399515141,400015141,5518776.133918,6531907.730546068,analytic_sparse_k5,5,0.050182298711614726
cleanStatic,train,16,15.99060564,10,23,399515141,400015141,5518776.133918,6531907.730546068,uniform_k5,5,0.21906180882720175
cleanStatic,train,16,15.99060564,10,23,399515141,400015141,5518776.133918,6531907.730546068,shuffled_k5,5,0.028279580539878002
cleanStatic,train,16,15.99060564,10,23,399515141,400015141,5518776.133918,6531907.730546068,analytic_sparse_k9,9,0.21778270490353863
cleanStatic,train,16,15.99060564,10,23,399515141,400015141,5518776.133918,6531907.730546068,uniform_k9,9,0.02691228068594705
cleanStatic,train,16,15.99060564,10,23,399515141,400015141,5518776.133918,6531907.730546068,shuffled_k9,9,0.13876304541467308
cleanStatic,train,16,15.99060564,10,23,399515141,400015141,5518776.133918,6531907.730546068,ai_sparse_k3,3,0.5142080835422137
cleanStatic,train,16,15.99060564,10,23,399515141,400015141,5518776.133918,6531907.730546068,pg_scc_k3,3,0.5980791254741641
cleanStatic,train,16,15.99060564,10,23,399515141,400015141,5518776.133918,6531907.730546068,ai_sparse_k5,5,0.1381715946138206
cleanStatic,train,16,15.99060564,10,23,399515141,400015141,5518776.133918,6531907.730546068,pg_scc_k5,5,0.12414483769102307
cleanStatic,train,16,15.99060564,10,23,399515141,400015141,5518776.133918,6531907.730546068,ai_sparse_k9,9,0.22719761464553065
cleanStatic,train,16,15.99060564,10,23,399515141,400015141,5518776.133918,6531907.730546068,pg_scc_k9,9,0.12843394535053398
cleanStatic,train,16,15.99060564,10,23,399515141,400015141,5518776.133918,6531907.730546068,epl3,3,0.37564401454822344
cleanStatic,train,16,15.99060564,10,23,399515141,400015141,5518776.133918,6531907.730546068,fixed9,9,0.30721567926960425
cleanStatic,train,16,15.99060564,10,23,399515141,400015141,5518776.133918,6531907.730546068,random1_k3,3,1.0090137623666595
cleanStatic,train,16,15.99060564,10,23,399515141,400015141,5518776.133918,6531907.730546068,random2_k3,3,0.1512731083724924
cleanStatic,train,16,15.99060564,10,23,399515141,400015141,5518776.133918,6531907.730546068,random3_k3,3,0.4431579693944301
cleanStatic,train,16,15.99060564,10,23,399515141,400015141,5518776.133918,6531907.730546068,random4_k3,3,0.27711188649359797
cleanStatic,train,16,15.99060564,10,23,399515141,400015141,5518776.133918,6531907.730546068,random5_k3,3,0.09674164154539056
cleanStatic,train,16,15.99060564,10,23,399515141,400015141,5518776.133918,6531907.730546068,random1_k5,5,0.10539846408844511
cleanStatic,train,16,15.99060564,10,23,399515141,400015141,5518776.133918,6531907.730546068,random2_k5,5,0.14368465000488245
cleanStatic,train,16,15.99060564,10,23,399515141,400015141,5518776.133918,6531907.730546068,random3_k5,5,0.14394890150648568
cleanStatic,train,16,15.99060564,10,23,399515141,400015141,5518776.133918,6531907.730546068,random4_k5,5,0.25081681180847215
cleanStatic,train,16,15.99060564,10,23,399515141,400015141,5518776.133918,6531907.730546068,random5_k5,5,0.10389397485764791
cleanStatic,train,16,15.99060564,10,23,399515141,400015141,5518776.133918,6531907.730546068,random1_k9,9,0.14190456823138664
cleanStatic,train,16,15.99060564,10,23,399515141,400015141,5518776.133918,6531907.730546068,random2_k9,9,0.1585562156327026
cleanStatic,train,16,15.99060564,10,23,399515141,400015141,5518776.133918,6531907.730546068,random3_k9,9,0.12275670067948236
cleanStatic,train,16,15.99060564,10,23,399515141,400015141,5518776.133918,6531907.730546068,random4_k9,9,0.42071285911788686
cleanStatic,train,16,15.99060564,10,23,399515141,400015141,5518776.133918,6531907.730546068,random5_k9,9,0.4970032329553523
cleanStatic,train,18,17.99023516,0,16,449505879,450005879,5540633.843704,5248976.031644565,dense_two_source_glrt,187,0.044339877965337476
cleanStatic,train,18,17.99023516,0,16,449505879,450005879,5540633.843704,5248976.031644565,dense_one_source_residual,187,0.3950152973865417
cleanStatic,train,18,17.99023516,0,16,449505879,450005879,5540633.843704,5248976.031644565,raw_power_only,0,5540633.843704
cleanStatic,train,18,17.99023516,0,16,449505879,450005879,5540633.843704,5248976.031644565,analytic_sparse_k3,3,0.10815410665445906
cleanStatic,train,18,17.99023516,0,16,449505879,450005879,5540633.843704,5248976.031644565,uniform_k3,3,0.2317476449578614
cleanStatic,train,18,17.99023516,0,16,449505879,450005879,5540633.843704,5248976.031644565,shuffled_k3,3,0.13586085707472473
cleanStatic,train,18,17.99023516,0,16,449505879,450005879,5540633.843704,5248976.031644565,analytic_sparse_k5,5,0.13904659113446485
cleanStatic,train,18,17.99023516,0,16,449505879,450005879,5540633.843704,5248976.031644565,uniform_k5,5,0.09336835241732984
cleanStatic,train,18,17.99023516,0,16,449505879,450005879,5540633.843704,5248976.031644565,shuffled_k5,5,0.32865072778111515
cleanStatic,train,18,17.99023516,0,16,449505879,450005879,5540633.843704,5248976.031644565,analytic_sparse_k9,9,0.09999940077409081
cleanStatic,train,18,17.99023516,0,16,449505879,450005879,5540633.843704,5248976.031644565,uniform_k9,9,0.007999770135399962
cleanStatic,train,18,17.99023516,0,16,449505879,450005879,5540633.843704,5248976.031644565,shuffled_k9,9,0.03899540178792874
cleanStatic,train,18,17.99023516,0,16,449505879,450005879,5540633.843704,5248976.031644565,ai_sparse_k3,3,0.39480467542117165
cleanStatic,train,18,17.99023516,0,16,449505879,450005879,5540633.843704,5248976.031644565,pg_scc_k3,3,0.016186051426402597
cleanStatic,train,18,17.99023516,0,16,449505879,450005879,5540633.843704,5248976.031644565,ai_sparse_k5,5,0.44046026872346705
cleanStatic,train,18,17.99023516,0,16,449505879,450005879,5540633.843704,5248976.031644565,pg_scc_k5,5,0.1820129135926408
cleanStatic,train,18,17.99023516,0,16,449505879,450005879,5540633.843704,5248976.031644565,ai_sparse_k9,9,0.285392089230565
cleanStatic,train,18,17.99023516,0,16,449505879,450005879,5540633.843704,5248976.031644565,pg_scc_k9,9,0.19518891908222488
cleanStatic,train,18,17.99023516,0,16,449505879,450005879,5540633.843704,5248976.031644565,epl3,3,0.26747903277293383
cleanStatic,train,18,17.99023516,0,16,449505879,450005879,5540633.843704,5248976.031644565,fixed9,9,0.02237455258895007
cleanStatic,train,18,17.99023516,0,16,449505879,450005879,5540633.843704,5248976.031644565,random1_k3,3,0.370588067730342
cleanStatic,train,18,17.99023516,0,16,449505879,450005879,5540633.843704,5248976.031644565,random2_k3,3,0.07997737346132514
cleanStatic,train,18,17.99023516,0,16,449505879,450005879,5540633.843704,5248976.031644565,random3_k3,3,0.10303533237529754
cleanStatic,train,18,17.99023516,0,16,449505879,450005879,5540633.843704,5248976.031644565,random4_k3,3,0.042981735504647366
cleanStatic,train,18,17.99023516,0,16,449505879,450005879,5540633.843704,5248976.031644565,random5_k3,3,0.2709551614101914
cleanStatic,train,18,17.99023516,0,16,449505879,450005879,5540633.843704,5248976.031644565,random1_k5,5,0.14465242933883482
cleanStatic,train,18,17.99023516,0,16,449505879,450005879,5540633.843704,5248976.031644565,random2_k5,5,0.29198092929268044
cleanStatic,train,18,17.99023516,0,16,449505879,450005879,5540633.843704,5248976.031644565,random3_k5,5,0.19044691912139855
cleanStatic,train,18,17.99023516,0,16,449505879,450005879,5540633.843704,5248976.031644565,random4_k5,5,0.05667017040873161
cleanStatic,train,18,17.99023516,0,16,449505879,450005879,5540633.843704,5248976.031644565,random5_k5,5,0.20466593863496158
cleanStatic,train,18,17.99023516,0,16,449505879,450005879,5540633.843704,5248976.031644565,random1_k9,9,0.31631707764651146
cleanStatic,train,18,17.99023516,0,16,449505879,450005879,5540633.843704,5248976.031644565,random2_k9,9,0.05692675807444658
cleanStatic,train,18,17.99023516,0,16,449505879,450005879,5540633.843704,5248976.031644565,random3_k9,9,0.04629824047845204
cleanStatic,train,18,17.99023516,0,16,449505879,450005879,5540633.843704,5248976.031644565,random4_k9,9,0.22386796296222716
cleanStatic,train,18,17.99023516,0,16,449505879,450005879,5540633.843704,5248976.031644565,random5_k9,9,0.2702515316613818
cleanStatic,train,18,17.99056036,2,3,449514009,450014009,5540820.25578,5824400.2386839,dense_two_source_glrt,187,0.0839997039079821
cleanStatic,train,18,17.99056036,2,3,449514009,450014009,5540820.25578,5824400.2386839,dense_one_source_residual,187,0.36971605886391684
cleanStatic,train,18,17.99056036,2,3,449514009,450014009,5540820.25578,5824400.2386839,raw_power_only,0,5540820.25578
cleanStatic,train,18,17.99056036,2,3,449514009,450014009,5540820.25578,5824400.2386839,analytic_sparse_k3,3,0.15246931007044334
cleanStatic,train,18,17.99056036,2,3,449514009,450014009,5540820.25578,5824400.2386839,uniform_k3,3,0.5123191682423476
cleanStatic,train,18,17.99056036,2,3,449514009,450014009,5540820.25578,5824400.2386839,shuffled_k3,3,0.06964311462441707
cleanStatic,train,18,17.99056036,2,3,449514009,450014009,5540820.25578,5824400.2386839,analytic_sparse_k5,5,0.09777845956559708
cleanStatic,train,18,17.99056036,2,3,449514009,450014009,5540820.25578,5824400.2386839,uniform_k5,5,0.31597024788810896
cleanStatic,train,18,17.99056036,2,3,449514009,450014009,5540820.25578,5824400.2386839,shuffled_k5,5,0.10540962954562957
cleanStatic,train,18,17.99056036,2,3,449514009,450014009,5540820.25578,5824400.2386839,analytic_sparse_k9,9,0.13146469999235316
cleanStatic,train,18,17.99056036,2,3,449514009,450014009,5540820.25578,5824400.2386839,uniform_k9,9,0.09271530505656628
cleanStatic,train,18,17.99056036,2,3,449514009,450014009,5540820.25578,5824400.2386839,shuffled_k9,9,0.12339629795687651
cleanStatic,train,18,17.99056036,2,3,449514009,450014009,5540820.25578,5824400.2386839,ai_sparse_k3,3,0.10932557528841119
cleanStatic,train,18,17.99056036,2,3,449514009,450014009,5540820.25578,5824400.2386839,pg_scc_k3,3,0.039946790178074794
cleanStatic,train,18,17.99056036,2,3,449514009,450014009,5540820.25578,5824400.2386839,ai_sparse_k5,5,0.1649272722901739
cleanStatic,train,18,17.99056036,2,3,449514009,450014009,5540820.25578,5824400.2386839,pg_scc_k5,5,0.058169857247637805
cleanStatic,train,18,17.99056036,2,3,449514009,450014009,5540820.25578,5824400.2386839,ai_sparse_k9,9,0.0914740492618001
cleanStatic,train,18,17.99056036,2,3,449514009,450014009,5540820.25578,5824400.2386839,pg_scc_k9,9,0.056514654689127974
cleanStatic,train,18,17.99056036,2,3,449514009,450014009,5540820.25578,5824400.2386839,epl3,3,0.41358181132566013
cleanStatic,train,18,17.99056036,2,3,449514009,450014009,5540820.25578,5824400.2386839,fixed9,9,0.08004458904176401
cleanStatic,train,18,17.99056036,2,3,449514009,450014009,5540820.25578,5824400.2386839,random1_k3,3,0.017502058614825438
cleanStatic,train,18,17.99056036,2,3,449514009,450014009,5540820.25578,5824400.2386839,random2_k3,3,0.4312890784333146
cleanStatic,train,18,17.99056036,2,3,449514009,450014009,5540820.25578,5824400.2386839,random3_k3,3,0.0678113531172657
cleanStatic,train,18,17.99056036,2,3,449514009,450014009,5540820.25578,5824400.2386839,random4_k3,3,0.25645745870453107
cleanStatic,train,18,17.99056036,2,3,449514009,450014009,5540820.25578,5824400.2386839,random5_k3,3,0.12107515582765345
cleanStatic,train,18,17.99056036,2,3,449514009,450014009,5540820.25578,5824400.2386839,random1_k5,5,0.1229156552990855
cleanStatic,train,18,17.99056036,2,3,449514009,450014009,5540820.25578,5824400.2386839,random2_k5,5,0.17862471753548323
cleanStatic,train,18,17.99056036,2,3,449514009,450014009,5540820.25578,5824400.2386839,random3_k5,5,0.12676460667472728
cleanStatic,train,18,17.99056036,2,3,449514009,450014009,5540820.25578,5824400.2386839,random4_k5,5,0.09693484752148804
cleanStatic,train,18,17.99056036,2,3,449514009,450014009,5540820.25578,5824400.2386839,random5_k5,5,0.32342596347852437
cleanStatic,train,18,17.99056036,2,3,449514009,450014009,5540820.25578,5824400.2386839,random1_k9,9,0.08710865704372657
cleanStatic,train,18,17.99056036,2,3,449514009,450014009,5540820.25578,5824400.2386839,random2_k9,9,0.10456194995776033
cleanStatic,train,18,17.99056036,2,3,449514009,450014009,5540820.25578,5824400.2386839,random3_k9,9,0.1552027003585098
cleanStatic,train,18,17.99056036,2,3,449514009,450014009,5540820.25578,5824400.2386839,random4_k9,9,0.17783657857803506
cleanStatic,train,18,17.99056036,2,3,449514009,450014009,5540820.25578,5824400.2386839,random5_k9,9,0.09734620771885748
cleanStatic,train,18,18.00327956,3,20,449831989,450331989,5590022.999668,2185507.8173773,dense_two_source_glrt,187,0.1875833856961186
cleanStatic,train,18,18.00327956,3,20,449831989,450331989,5590022.999668,2185507.8173773,dense_one_source_residual,187,1.249111554038595
cleanStatic,train,18,18.00327956,3,20,449831989,450331989,5590022.999668,2185507.8173773,raw_power_only,0,5590022.999668
cleanStatic,train,18,18.00327956,3,20,449831989,450331989,5590022.999668,2185507.8173773,analytic_sparse_k3,3,0.31231944327089617
cleanStatic,train,18,18.00327956,3,20,449831989,450331989,5590022.999668,2185507.8173773,uniform_k3,3,1.86957078017283
cleanStatic,train,18,18.00327956,3,20,449831989,450331989,5590022.999668,2185507.8173773,shuffled_k3,3,0.6082182746338402
cleanStatic,train,18,18.00327956,3,20,449831989,450331989,5590022.999668,2185507.8173773,analytic_sparse_k5,5,0.18397549453172127
cleanStatic,train,18,18.00327956,3,20,449831989,450331989,5590022.999668,2185507.8173773,uniform_k5,5,0.7175237012990123
cleanStatic,train,18,18.00327956,3,20,449831989,450331989,5590022.999668,2185507.8173773,shuffled_k5,5,0.12156954080492106
cleanStatic,train,18,18.00327956,3,20,449831989,450331989,5590022.999668,2185507.8173773,analytic_sparse_k9,9,0.34305801567736693
cleanStatic,train,18,18.00327956,3,20,449831989,450331989,5590022.999668,2185507.8173773,uniform_k9,9,0.2792000850814842
cleanStatic,train,18,18.00327956,3,20,449831989,450331989,5590022.999668,2185507.8173773,shuffled_k9,9,0.2867870186082948
cleanStatic,train,18,18.00327956,3,20,449831989,450331989,5590022.999668,2185507.8173773,ai_sparse_k3,3,0.5150586209127435
cleanStatic,train,18,18.00327956,3,20,449831989,450331989,5590022.999668,2185507.8173773,pg_scc_k3,3,0.24205094413178493
cleanStatic,train,18,18.00327956,3,20,449831989,450331989,5590022.999668,2185507.8173773,ai_sparse_k5,5,0.44152779154025773
cleanStatic,train,18,18.00327956,3,20,449831989,450331989,5590022.999668,2185507.8173773,pg_scc_k5,5,0.13157783347511814
cleanStatic,train,18,18.00327956,3,20,449831989,450331989,5590022.999668,2185507.8173773,ai_sparse_k9,9,0.701845876141893
cleanStatic,train,18,18.00327956,3,20,449831989,450331989,5590022.999668,2185507.8173773,pg_scc_k9,9,0.15823774910652647
cleanStatic,train,18,18.00327956,3,20,449831989,450331989,5590022.999668,2185507.8173773,epl3,3,1.0962670488074988
cleanStatic,train,18,18.00327956,3,20,449831989,450331989,5590022.999668,2185507.8173773,fixed9,9,1.1942793128796003
cleanStatic,train,18,18.00327956,3,20,449831989,450331989,5590022.999668,2185507.8173773,random1_k3,3,0.36830297889656255
cleanStatic,train,18,18.00327956,3,20,449831989,450331989,5590022.999668,2185507.8173773,random2_k3,3,0.1410093690839356
cleanStatic,train,18,18.00327956,3,20,449831989,450331989,5590022.999668,2185507.8173773,random3_k3,3,1.0120462572300102
cleanStatic,train,18,18.00327956,3,20,449831989,450331989,5590022.999668,2185507.8173773,random4_k3,3,0.7062819343449357
cleanStatic,train,18,18.00327956,3,20,449831989,450331989,5590022.999668,2185507.8173773,random5_k3,3,0.6409136616636483
cleanStatic,train,18,18.00327956,3,20,449831989,450331989,5590022.999668,2185507.8173773,random1_k5,5,0.5701562208127233
cleanStatic,train,18,18.00327956,3,20,449831989,450331989,5590022.999668,2185507.8173773,random2_k5,5,0.44979075172147703
cleanStatic,train,18,18.00327956,3,20,449831989,450331989,5590022.999668,2185507.8173773,random3_k5,5,0.8490947169322043
cleanStatic,train,18,18.00327956,3,20,449831989,450331989,5590022.999668,2185507.8173773,random4_k5,5,0.781450068865745
cleanStatic,train,18,18.00327956,3,20,449831989,450331989,5590022.999668,2185507.8173773,random5_k5,5,0.17998965727833452
cleanStatic,train,18,18.00327956,3,20,449831989,450331989,5590022.999668,2185507.8173773,random1_k9,9,0.1082611563110843
cleanStatic,train,18,18.00327956,3,20,449831989,450331989,5590022.999668,2185507.8173773,random2_k9,9,0.22034524431414232
cleanStatic,train,18,18.00327956,3,20,449831989,450331989,5590022.999668,2185507.8173773,random3_k9,9,0.2731594897246201
cleanStatic,train,18,18.00327956,3,20,449831989,450331989,5590022.999668,2185507.8173773,random4_k9,9,0.30543393412598835
cleanStatic,train,18,18.00327956,3,20,449831989,450331989,5590022.999668,2185507.8173773,random5_k9,9,0.5743396456722049
cleanStatic,train,18,18.01058112,4,30,450014528,450514528,5610191.57623,2239785.6437119013,dense_two_source_glrt,187,0.6046104912750463
cleanStatic,train,18,18.01058112,4,30,450014528,450514528,5610191.57623,2239785.6437119013,dense_one_source_residual,187,1.9066886494718016
cleanStatic,train,18,18.01058112,4,30,450014528,450514528,5610191.57623,2239785.6437119013,raw_power_only,0,5610191.57623
cleanStatic,train,18,18.01058112,4,30,450014528,450514528,5610191.57623,2239785.6437119013,analytic_sparse_k3,3,0.0944703469888144
cleanStatic,train,18,18.01058112,4,30,450014528,450514528,5610191.57623,2239785.6437119013,uniform_k3,3,0.7913280195076959
cleanStatic,train,18,18.01058112,4,30,450014528,450514528,5610191.57623,2239785.6437119013,shuffled_k3,3,0.6196314372912924
cleanStatic,train,18,18.01058112,4,30,450014528,450514528,5610191.57623,2239785.6437119013,analytic_sparse_k5,5,0.6315458131358277
cleanStatic,train,18,18.01058112,4,30,450014528,450514528,5610191.57623,2239785.6437119013,uniform_k5,5,0.36232882188094956
cleanStatic,train,18,18.01058112,4,30,450014528,450514528,5610191.57623,2239785.6437119013,shuffled_k5,5,0.675384410412585
cleanStatic,train,18,18.01058112,4,30,450014528,450514528,5610191.57623,2239785.6437119013,analytic_sparse_k9,9,0.6864370516249791
cleanStatic,train,18,18.01058112,4,30,450014528,450514528,5610191.57623,2239785.6437119013,uniform_k9,9,0.40979823661453096
cleanStatic,train,18,18.01058112,4,30,450014528,450514528,5610191.57623,2239785.6437119013,shuffled_k9,9,0.9912427601206057
cleanStatic,train,18,18.01058112,4,30,450014528,450514528,5610191.57623,2239785.6437119013,ai_sparse_k3,3,0.7692422682856644
cleanStatic,train,18,18.01058112,4,30,450014528,450514528,5610191.57623,2239785.6437119013,pg_scc_k3,3,1.0438274529073635
cleanStatic,train,18,18.01058112,4,30,450014528,450514528,5610191.57623,2239785.6437119013,ai_sparse_k5,5,0.6196851600735198
cleanStatic,train,18,18.01058112,4,30,450014528,450514528,5610191.57623,2239785.6437119013,pg_scc_k5,5,0.62158715014321
cleanStatic,train,18,18.01058112,4,30,450014528,450514528,5610191.57623,2239785.6437119013,ai_sparse_k9,9,0.5084867932448341
cleanStatic,train,18,18.01058112,4,30,450014528,450514528,5610191.57623,2239785.6437119013,pg_scc_k9,9,0.6141584428043328
cleanStatic,train,18,18.01058112,4,30,450014528,450514528,5610191.57623,2239785.6437119013,epl3,3,1.7185910412324177
cleanStatic,train,18,18.01058112,4,30,450014528,450514528,5610191.57623,2239785.6437119013,fixed9,9,1.124588069528629
cleanStatic,train,18,18.01058112,4,30,450014528,450514528,5610191.57623,2239785.6437119013,random1_k3,3,2.0932664996484514
cleanStatic,train,18,18.01058112,4,30,450014528,450514528,5610191.57623,2239785.6437119013,random2_k3,3,1.210069461686672
cleanStatic,train,18,18.01058112,4,30,450014528,450514528,5610191.57623,2239785.6437119013,random3_k3,3,0.32246102232883594
cleanStatic,train,18,18.01058112,4,30,450014528,450514528,5610191.57623,2239785.6437119013,random4_k3,3,2.6274205156123043
cleanStatic,train,18,18.01058112,4,30,450014528,450514528,5610191.57623,2239785.6437119013,random5_k3,3,1.481769422145896
cleanStatic,train,18,18.01058112,4,30,450014528,450514528,5610191.57623,2239785.6437119013,random1_k5,5,0.9349954312069046
cleanStatic,train,18,18.01058112,4,30,450014528,450514528,5610191.57623,2239785.6437119013,random2_k5,5,0.6217051923950343
cleanStatic,train,18,18.01058112,4,30,450014528,450514528,5610191.57623,2239785.6437119013,random3_k5,5,1.0828647800390885
cleanStatic,train,18,18.01058112,4,30,450014528,450514528,5610191.57623,2239785.6437119013,random4_k5,5,1.1527315388832036
cleanStatic,train,18,18.01058112,4,30,450014528,450514528,5610191.57623,2239785.6437119013,random5_k5,5,0.40732341796776694
cleanStatic,train,18,18.01058112,4,30,450014528,450514528,5610191.57623,2239785.6437119013,random1_k9,9,0.19382440166001785
cleanStatic,train,18,18.01058112,4,30,450014528,450514528,5610191.57623,2239785.6437119013,random2_k9,9,0.8733784362122634
cleanStatic,train,18,18.01058112,4,30,450014528,450514528,5610191.57623,2239785.6437119013,random3_k9,9,0.7026540417414588
cleanStatic,train,18,18.01058112,4,30,450014528,450514528,5610191.57623,2239785.6437119013,random4_k9,9,1.5963037676559146
cleanStatic,train,18,18.01058112,4,30,450014528,450514528,5610191.57623,2239785.6437119013,random5_k9,9,1.4387274737147264
cleanStatic,train,18,18.0096476,5,6,449991190,450491190,5610780.529436001,4715087.420906587,dense_two_source_glrt,187,0.05748607245342212
cleanStatic,train,18,18.0096476,5,6,449991190,450491190,5610780.529436001,4715087.420906587,dense_one_source_residual,187,0.5125252942516824
cleanStatic,train,18,18.0096476,5,6,449991190,450491190,5610780.529436001,4715087.420906587,raw_power_only,0,5610780.529436001
cleanStatic,train,18,18.0096476,5,6,449991190,450491190,5610780.529436001,4715087.420906587,analytic_sparse_k3,3,0.2686682901286716
cleanStatic,train,18,18.0096476,5,6,449991190,450491190,5610780.529436001,4715087.420906587,uniform_k3,3,0.6547336925830171
cleanStatic,train,18,18.0096476,5,6,449991190,450491190,5610780.529436001,4715087.420906587,shuffled_k3,3,0.15592391277437445
cleanStatic,train,18,18.0096476,5,6,449991190,450491190,5610780.529436001,4715087.420906587,analytic_sparse_k5,5,0.2686948181273131
cleanStatic,train,18,18.0096476,5,6,449991190,450491190,5610780.529436001,4715087.420906587,uniform_k5,5,0.18902710524319524
cleanStatic,train,18,18.0096476,5,6,449991190,450491190,5610780.529436001,4715087.420906587,shuffled_k5,5,0.26781781094659624
cleanStatic,train,18,18.0096476,5,6,449991190,450491190,5610780.529436001,4715087.420906587,analytic_sparse_k9,9,0.1336708198301229
cleanStatic,train,18,18.0096476,5,6,449991190,450491190,5610780.529436001,4715087.420906587,uniform_k9,9,0.051608304648544684
cleanStatic,train,18,18.0096476,5,6,449991190,450491190,5610780.529436001,4715087.420906587,shuffled_k9,9,0.3128748484563928
cleanStatic,train,18,18.0096476,5,6,449991190,450491190,5610780.529436001,4715087.420906587,ai_sparse_k3,3,0.2818549831806507
cleanStatic,train,18,18.0096476,5,6,449991190,450491190,5610780.529436001,4715087.420906587,pg_scc_k3,3,0.8554569595910317
cleanStatic,train,18,18.0096476,5,6,449991190,450491190,5610780.529436001,4715087.420906587,ai_sparse_k5,5,0.6512367285307139
cleanStatic,train,18,18.0096476,5,6,449991190,450491190,5610780.529436001,4715087.420906587,pg_scc_k5,5,0.13733185064028391
cleanStatic,train,18,18.0096476,5,6,449991190,450491190,5610780.529436001,4715087.420906587,ai_sparse_k9,9,0.6742345339041655
cleanStatic,train,18,18.0096476,5,6,449991190,450491190,5610780.529436001,4715087.420906587,pg_scc_k9,9,0.22108155184362804
cleanStatic,train,18,18.0096476,5,6,449991190,450491190,5610780.529436001,4715087.420906587,epl3,3,0.1137747996340831
cleanStatic,train,18,18.0096476,5,6,449991190,450491190,5610780.529436001,4715087.420906587,fixed9,9,0.4299664129977107
cleanStatic,train,18,18.0096476,5,6,449991190,450491190,5610780.529436001,4715087.420906587,random1_k3,3,0.2184825706376201
cleanStatic,train,18,18.0096476,5,6,449991190,450491190,5610780.529436001,4715087.420906587,random2_k3,3,0.3243900525391387
cleanStatic,train,18,18.0096476,5,6,449991190,450491190,5610780.529436001,4715087.420906587,random3_k3,3,0.2747206591698261
cleanStatic,train,18,18.0096476,5,6,449991190,450491190,5610780.529436001,4715087.420906587,random4_k3,3,0.10222374612075417
cleanStatic,train,18,18.0096476,5,6,449991190,450491190,5610780.529436001,4715087.420906587,random5_k3,3,0.2933931513539613
cleanStatic,train,18,18.0096476,5,6,449991190,450491190,5610780.529436001,4715087.420906587,random1_k5,5,0.05402756872014049
cleanStatic,train,18,18.0096476,5,6,449991190,450491190,5610780.529436001,4715087.420906587,random2_k5,5,0.18581874222427858
cleanStatic,train,18,18.0096476,5,6,449991190,450491190,5610780.529436001,4715087.420906587,random3_k5,5,0.11691164263996519
cleanStatic,train,18,18.0096476,5,6,449991190,450491190,5610780.529436001,4715087.420906587,random4_k5,5,0.33869299712780243
cleanStatic,train,18,18.0096476,5,6,449991190,450491190,5610780.529436001,4715087.420906587,random5_k5,5,0.13586833299513307
cleanStatic,train,18,18.0096476,5,6,449991190,450491190,5610780.529436001,4715087.420906587,random1_k9,9,0.2609579062200237
cleanStatic,train,18,18.0096476,5,6,449991190,450491190,5610780.529436001,4715087.420906587,random2_k9,9,0.060517612527647945
cleanStatic,train,18,18.0096476,5,6,449991190,450491190,5610780.529436001,4715087.420906587,random3_k9,9,0.16385541905731207
cleanStatic,train,18,18.0096476,5,6,449991190,450491190,5610780.529436001,4715087.420906587,random4_k9,9,0.058277009583341095
cleanStatic,train,18,18.0096476,5,6,449991190,450491190,5610780.529436001,4715087.420906587,random5_k9,9,0.05025154912455538
cleanStatic,train,18,17.99223636,6,7,449555909,450055909,5541570.533744,4759243.768848961,dense_two_source_glrt,187,0.310036805992015
cleanStatic,train,18,17.99223636,6,7,449555909,450055909,5541570.533744,4759243.768848961,dense_one_source_residual,187,1.7771886804054355
cleanStatic,train,18,17.99223636,6,7,449555909,450055909,5541570.533744,4759243.768848961,raw_power_only,0,5541570.533744
cleanStatic,train,18,17.99223636,6,7,449555909,450055909,5541570.533744,4759243.768848961,analytic_sparse_k3,3,1.7671379414929411
cleanStatic,train,18,17.99223636,6,7,449555909,450055909,5541570.533744,4759243.768848961,uniform_k3,3,1.3018504714758887
cleanStatic,train,18,17.99223636,6,7,449555909,450055909,5541570.533744,4759243.768848961,shuffled_k3,3,1.018056170186097
cleanStatic,train,18,17.99223636,6,7,449555909,450055909,5541570.533744,4759243.768848961,analytic_sparse_k5,5,1.7519971272220722
cleanStatic,train,18,17.99223636,6,7,449555909,450055909,5541570.533744,4759243.768848961,uniform_k5,5,0.8731142490083965
cleanStatic,train,18,17.99223636,6,7,449555909,450055909,5541570.533744,4759243.768848961,shuffled_k5,5,1.220382947894029
cleanStatic,train,18,17.99223636,6,7,449555909,450055909,5541570.533744,4759243.768848961,analytic_sparse_k9,9,1.3738878627894782
cleanStatic,train,18,17.99223636,6,7,449555909,450055909,5541570.533744,4759243.768848961,uniform_k9,9,0.16435310411723572
cleanStatic,train,18,17.99223636,6,7,449555909,450055909,5541570.533744,4759243.768848961,shuffled_k9,9,0.19646131221752722
cleanStatic,train,18,17.99223636,6,7,449555909,450055909,5541570.533744,4759243.768848961,ai_sparse_k3,3,0.2106088809690382
cleanStatic,train,18,17.99223636,6,7,449555909,450055909,5541570.533744,4759243.768848961,pg_scc_k3,3,0.1642617669458463
cleanStatic,train,18,17.99223636,6,7,449555909,450055909,5541570.533744,4759243.768848961,ai_sparse_k5,5,0.14370771722613562
cleanStatic,train,18,17.99223636,6,7,449555909,450055909,5541570.533744,4759243.768848961,pg_scc_k5,5,0.06518090736374434
cleanStatic,train,18,17.99223636,6,7,449555909,450055909,5541570.533744,4759243.768848961,ai_sparse_k9,9,0.13007698207321294
cleanStatic,train,18,17.99223636,6,7,449555909,450055909,5541570.533744,4759243.768848961,pg_scc_k9,9,0.04253235215712782
cleanStatic,train,18,17.99223636,6,7,449555909,450055909,5541570.533744,4759243.768848961,epl3,3,1.0399285308609805
cleanStatic,train,18,17.99223636,6,7,449555909,450055909,5541570.533744,4759243.768848961,fixed9,9,0.4266544077003372
cleanStatic,train,18,17.99223636,6,7,449555909,450055909,5541570.533744,4759243.768848961,random1_k3,3,1.3670378427230458
cleanStatic,train,18,17.99223636,6,7,449555909,450055909,5541570.533744,4759243.768848961,random2_k3,3,1.3674242858908663
cleanStatic,train,18,17.99223636,6,7,449555909,450055909,5541570.533744,4759243.768848961,random3_k3,3,0.34357009397107574
cleanStatic,train,18,17.99223636,6,7,449555909,450055909,5541570.533744,4759243.768848961,random4_k3,3,2.3281932551430184
cleanStatic,train,18,17.99223636,6,7,449555909,450055909,5541570.533744,4759243.768848961,random5_k3,3,0.9278744105147667
cleanStatic,train,18,17.99223636,6,7,449555909,450055909,5541570.533744,4759243.768848961,random1_k5,5,0.552184494158159
cleanStatic,train,18,17.99223636,6,7,449555909,450055909,5541570.533744,4759243.768848961,random2_k5,5,0.8065957395166728
cleanStatic,train,18,17.99223636,6,7,449555909,450055909,5541570.533744,4759243.768848961,random3_k5,5,0.5478700077557065
cleanStatic,train,18,17.99223636,6,7,449555909,450055909,5541570.533744,4759243.768848961,random4_k5,5,0.8495282506838476
cleanStatic,train,18,17.99223636,6,7,449555909,450055909,5541570.533744,4759243.768848961,random5_k5,5,0.7500994826388745
cleanStatic,train,18,17.99223636,6,7,449555909,450055909,5541570.533744,4759243.768848961,random1_k9,9,0.397044496058532
cleanStatic,train,18,17.99223636,6,7,449555909,450055909,5541570.533744,4759243.768848961,random2_k9,9,0.6531434098225996
cleanStatic,train,18,17.99223636,6,7,449555909,450055909,5541570.533744,4759243.768848961,random3_k9,9,0.4132841153214524
cleanStatic,train,18,17.99223636,6,7,449555909,450055909,5541570.533744,4759243.768848961,random4_k9,9,0.7437377389314879
cleanStatic,train,18,17.99223636,6,7,449555909,450055909,5541570.533744,4759243.768848961,random5_k9,9,0.38112226981868147
cleanStatic,train,18,17.9903884,7,10,449509710,450009710,5539831.880116001,2837788.0662686396,dense_two_source_glrt,187,0.09413292368232415
cleanStatic,train,18,17.9903884,7,10,449509710,450009710,5539831.880116001,2837788.0662686396,dense_one_source_residual,187,1.0806180219516839
cleanStatic,train,18,17.9903884,7,10,449509710,450009710,5539831.880116001,2837788.0662686396,raw_power_only,0,5539831.880116001
cleanStatic,train,18,17.9903884,7,10,449509710,450009710,5539831.880116001,2837788.0662686396,analytic_sparse_k3,3,0.43038268385727124
cleanStatic,train,18,17.9903884,7,10,449509710,450009710,5539831.880116001,2837788.0662686396,uniform_k3,3,0.591413299568431
cleanStatic,train,18,17.9903884,7,10,449509710,450009710,5539831.880116001,2837788.0662686396,shuffled_k3,3,0.13269841122516446
cleanStatic,train,18,17.9903884,7,10,449509710,450009710,5539831.880116001,2837788.0662686396,analytic_sparse_k5,5,0.3402522646658027
cleanStatic,train,18,17.9903884,7,10,449509710,450009710,5539831.880116001,2837788.0662686396,uniform_k5,5,0.4839579470148049
cleanStatic,train,18,17.9903884,7,10,449509710,450009710,5539831.880116001,2837788.0662686396,shuffled_k5,5,0.5424123907445865
cleanStatic,train,18,17.9903884,7,10,449509710,450009710,5539831.880116001,2837788.0662686396,analytic_sparse_k9,9,0.14452754595913042
cleanStatic,train,18,17.9903884,7,10,449509710,450009710,5539831.880116001,2837788.0662686396,uniform_k9,9,0.1358191413163142
cleanStatic,train,18,17.9903884,7,10,449509710,450009710,5539831.880116001,2837788.0662686396,shuffled_k9,9,0.1924425792821522
cleanStatic,train,18,17.9903884,7,10,449509710,450009710,5539831.880116001,2837788.0662686396,ai_sparse_k3,3,1.0886648712289018
cleanStatic,train,18,17.9903884,7,10,449509710,450009710,5539831.880116001,2837788.0662686396,pg_scc_k3,3,0.4966409088010944
cleanStatic,train,18,17.9903884,7,10,449509710,450009710,5539831.880116001,2837788.0662686396,ai_sparse_k5,5,0.8658085455439771
cleanStatic,train,18,17.9903884,7,10,449509710,450009710,5539831.880116001,2837788.0662686396,pg_scc_k5,5,0.2878102243671522
cleanStatic,train,18,17.9903884,7,10,449509710,450009710,5539831.880116001,2837788.0662686396,ai_sparse_k9,9,0.6417905490259695
cleanStatic,train,18,17.9903884,7,10,449509710,450009710,5539831.880116001,2837788.0662686396,pg_scc_k9,9,0.3796701952268094
cleanStatic,train,18,17.9903884,7,10,449509710,450009710,5539831.880116001,2837788.0662686396,epl3,3,0.2892670147299739
cleanStatic,train,18,17.9903884,7,10,449509710,450009710,5539831.880116001,2837788.0662686396,fixed9,9,0.208586761527283
cleanStatic,train,18,17.9903884,7,10,449509710,450009710,5539831.880116001,2837788.0662686396,random1_k3,3,0.10684750507989117
cleanStatic,train,18,17.9903884,7,10,449509710,450009710,5539831.880116001,2837788.0662686396,random2_k3,3,0.2491567410971898
cleanStatic,train,18,17.9903884,7,10,449509710,450009710,5539831.880116001,2837788.0662686396,random3_k3,3,0.826341882340787
cleanStatic,train,18,17.9903884,7,10,449509710,450009710,5539831.880116001,2837788.0662686396,random4_k3,3,0.4084099305969777
cleanStatic,train,18,17.9903884,7,10,449509710,450009710,5539831.880116001,2837788.0662686396,random5_k3,3,0.09653753157134687
cleanStatic,train,18,17.9903884,7,10,449509710,450009710,5539831.880116001,2837788.0662686396,random1_k5,5,1.2160944160760594
cleanStatic,train,18,17.9903884,7,10,449509710,450009710,5539831.880116001,2837788.0662686396,random2_k5,5,0.5366958116484148
cleanStatic,train,18,17.9903884,7,10,449509710,450009710,5539831.880116001,2837788.0662686396,random3_k5,5,0.2554787891790838
cleanStatic,train,18,17.9903884,7,10,449509710,450009710,5539831.880116001,2837788.0662686396,random4_k5,5,0.9223657412995966
cleanStatic,train,18,17.9903884,7,10,449509710,450009710,5539831.880116001,2837788.0662686396,random5_k5,5,0.2631798263707921
cleanStatic,train,18,17.9903884,7,10,449509710,450009710,5539831.880116001,2837788.0662686396,random1_k9,9,0.5476652869796597
cleanStatic,train,18,17.9903884,7,10,449509710,450009710,5539831.880116001,2837788.0662686396,random2_k9,9,0.19279055996383626
cleanStatic,train,18,17.9903884,7,10,449509710,450009710,5539831.880116001,2837788.0662686396,random3_k9,9,0.10900928332070522
cleanStatic,train,18,17.9903884,7,10,449509710,450009710,5539831.880116001,2837788.0662686396,random4_k9,9,0.1329119783408363
cleanStatic,train,18,17.9903884,7,10,449509710,450009710,5539831.880116001,2837788.0662686396,random5_k9,9,0.49175576697748874
cleanStatic,train,18,17.9907126,8,13,449517815,450017815,5544213.210602001,6645416.23148613,dense_two_source_glrt,187,0.024562023021329475
cleanStatic,train,18,17.9907126,8,13,449517815,450017815,5544213.210602001,6645416.23148613,dense_one_source_residual,187,0.15058163217397108
cleanStatic,train,18,17.9907126,8,13,449517815,450017815,5544213.210602001,6645416.23148613,raw_power_only,0,5544213.210602001
cleanStatic,train,18,17.9907126,8,13,449517815,450017815,5544213.210602001,6645416.23148613,analytic_sparse_k3,3,0.05801551605840794
cleanStatic,train,18,17.9907126,8,13,449517815,450017815,5544213.210602001,6645416.23148613,uniform_k3,3,0.05692168955931603
cleanStatic,train,18,17.9907126,8,13,449517815,450017815,5544213.210602001,6645416.23148613,shuffled_k3,3,0.22381340772634994
cleanStatic,train,18,17.9907126,8,13,449517815,450017815,5544213.210602001,6645416.23148613,analytic_sparse_k5,5,0.027268869565940962
cleanStatic,train,18,17.9907126,8,13,449517815,450017815,5544213.210602001,6645416.23148613,uniform_k5,5,0.03402806532036444
cleanStatic,train,18,17.9907126,8,13,449517815,450017815,5544213.210602001,6645416.23148613,shuffled_k5,5,0.02285815146917704
cleanStatic,train,18,17.9907126,8,13,449517815,450017815,5544213.210602001,6645416.23148613,analytic_sparse_k9,9,0.025713516670155215
cleanStatic,train,18,17.9907126,8,13,449517815,450017815,5544213.210602001,6645416.23148613,uniform_k9,9,0.009960468581156548
cleanStatic,train,18,17.9907126,8,13,449517815,450017815,5544213.210602001,6645416.23148613,shuffled_k9,9,0.07412056018916315
cleanStatic,train,18,17.9907126,8,13,449517815,450017815,5544213.210602001,6645416.23148613,ai_sparse_k3,3,0.04683691585882385
cleanStatic,train,18,17.9907126,8,13,449517815,450017815,5544213.210602001,6645416.23148613,pg_scc_k3,3,0.09768552565713857
cleanStatic,train,18,17.9907126,8,13,449517815,450017815,5544213.210602001,6645416.23148613,ai_sparse_k5,5,0.10717255386124562
cleanStatic,train,18,17.9907126,8,13,449517815,450017815,5544213.210602001,6645416.23148613,pg_scc_k5,5,0.03598817290389471
cleanStatic,train,18,17.9907126,8,13,449517815,450017815,5544213.210602001,6645416.23148613,ai_sparse_k9,9,0.1671381927334955
cleanStatic,train,18,17.9907126,8,13,449517815,450017815,5544213.210602001,6645416.23148613,pg_scc_k9,9,0.05114704378883782
cleanStatic,train,18,17.9907126,8,13,449517815,450017815,5544213.210602001,6645416.23148613,epl3,3,0.05540538544534298
cleanStatic,train,18,17.9907126,8,13,449517815,450017815,5544213.210602001,6645416.23148613,fixed9,9,0.04631087865043183
cleanStatic,train,18,17.9907126,8,13,449517815,450017815,5544213.210602001,6645416.23148613,random1_k3,3,0.05719080879500845
cleanStatic,train,18,17.9907126,8,13,449517815,450017815,5544213.210602001,6645416.23148613,random2_k3,3,0.08113537578404804
cleanStatic,train,18,17.9907126,8,13,449517815,450017815,5544213.210602001,6645416.23148613,random3_k3,3,0.05445214919869307
cleanStatic,train,18,17.9907126,8,13,449517815,450017815,5544213.210602001,6645416.23148613,random4_k3,3,0.12440768699718341
cleanStatic,train,18,17.9907126,8,13,449517815,450017815,5544213.210602001,6645416.23148613,random5_k3,3,0.06226613053321606
cleanStatic,train,18,17.9907126,8,13,449517815,450017815,5544213.210602001,6645416.23148613,random1_k5,5,0.025019506423601366
cleanStatic,train,18,17.9907126,8,13,449517815,450017815,5544213.210602001,6645416.23148613,random2_k5,5,0.0243659768296393
cleanStatic,train,18,17.9907126,8,13,449517815,450017815,5544213.210602001,6645416.23148613,random3_k5,5,0.010753253825598729
cleanStatic,train,18,17.9907126,8,13,449517815,450017815,5544213.210602001,6645416.23148613,random4_k5,5,0.05703877059816479
cleanStatic,train,18,17.9907126,8,13,449517815,450017815,5544213.210602001,6645416.23148613,random5_k5,5,0.11472075931418838
cleanStatic,train,18,17.9907126,8,13,449517815,450017815,5544213.210602001,6645416.23148613,random1_k9,9,0.018964461023045016
cleanStatic,train,18,17.9907126,8,13,449517815,450017815,5544213.210602001,6645416.23148613,random2_k9,9,0.06376212859229907
cleanStatic,train,18,17.9907126,8,13,449517815,450017815,5544213.210602001,6645416.23148613,random3_k9,9,0.08053554580930719
cleanStatic,train,18,17.9907126,8,13,449517815,450017815,5544213.210602001,6645416.23148613,random4_k9,9,0.07730654103650524
cleanStatic,train,18,17.9907126,8,13,449517815,450017815,5544213.210602001,6645416.23148613,random5_k9,9,0.05486043479598643
cleanStatic,train,18,17.99056524,9,19,449514131,450014131,5540821.832691999,4798815.634916881,dense_two_source_glrt,187,0.09856394496755773
cleanStatic,train,18,17.99056524,9,19,449514131,450014131,5540821.832691999,4798815.634916881,dense_one_source_residual,187,0.9396240344690436
cleanStatic,train,18,17.99056524,9,19,449514131,450014131,5540821.832691999,4798815.634916881,raw_power_only,0,5540821.832691999
cleanStatic,train,18,17.99056524,9,19,449514131,450014131,5540821.832691999,4798815.634916881,analytic_sparse_k3,3,0.2725113330905378
cleanStatic,train,18,17.99056524,9,19,449514131,450014131,5540821.832691999,4798815.634916881,uniform_k3,3,0.4405644062424723
cleanStatic,train,18,17.99056524,9,19,449514131,450014131,5540821.832691999,4798815.634916881,shuffled_k3,3,0.09963549455474245
cleanStatic,train,18,17.99056524,9,19,449514131,450014131,5540821.832691999,4798815.634916881,analytic_sparse_k5,5,0.32699009733346796
cleanStatic,train,18,17.99056524,9,19,449514131,450014131,5540821.832691999,4798815.634916881,uniform_k5,5,0.08191839877381639
cleanStatic,train,18,17.99056524,9,19,449514131,450014131,5540821.832691999,4798815.634916881,shuffled_k5,5,0.5985723696060925
cleanStatic,train,18,17.99056524,9,19,449514131,450014131,5540821.832691999,4798815.634916881,analytic_sparse_k9,9,0.2363305124510115
cleanStatic,train,18,17.99056524,9,19,449514131,450014131,5540821.832691999,4798815.634916881,uniform_k9,9,0.03882732609373926
cleanStatic,train,18,17.99056524,9,19,449514131,450014131,5540821.832691999,4798815.634916881,shuffled_k9,9,0.37570155934069255
cleanStatic,train,18,17.99056524,9,19,449514131,450014131,5540821.832691999,4798815.634916881,ai_sparse_k3,3,0.28019463072150547
cleanStatic,train,18,17.99056524,9,19,449514131,450014131,5540821.832691999,4798815.634916881,pg_scc_k3,3,0.3663041426911693
cleanStatic,train,18,17.99056524,9,19,449514131,450014131,5540821.832691999,4798815.634916881,ai_sparse_k5,5,0.6700610422354341
cleanStatic,train,18,17.99056524,9,19,449514131,450014131,5540821.832691999,4798815.634916881,pg_scc_k5,5,0.20071441772985832
cleanStatic,train,18,17.99056524,9,19,449514131,450014131,5540821.832691999,4798815.634916881,ai_sparse_k9,9,0.7880716014058206
cleanStatic,train,18,17.99056524,9,19,449514131,450014131,5540821.832691999,4798815.634916881,pg_scc_k9,9,0.19958597876432618
cleanStatic,train,18,17.99056524,9,19,449514131,450014131,5540821.832691999,4798815.634916881,epl3,3,0.4859490343219073
cleanStatic,train,18,17.99056524,9,19,449514131,450014131,5540821.832691999,4798815.634916881,fixed9,9,0.6139732239034846
cleanStatic,train,18,17.99056524,9,19,449514131,450014131,5540821.832691999,4798815.634916881,random1_k3,3,0.7218726382515709
cleanStatic,train,18,17.99056524,9,19,449514131,450014131,5540821.832691999,4798815.634916881,random2_k3,3,0.4258950536659003
cleanStatic,train,18,17.99056524,9,19,449514131,450014131,5540821.832691999,4798815.634916881,random3_k3,3,0.567042736522457
cleanStatic,train,18,17.99056524,9,19,449514131,450014131,5540821.832691999,4798815.634916881,random4_k3,3,0.3734930569411397
cleanStatic,train,18,17.99056524,9,19,449514131,450014131,5540821.832691999,4798815.634916881,random5_k3,3,0.58571585942887
cleanStatic,train,18,17.99056524,9,19,449514131,450014131,5540821.832691999,4798815.634916881,random1_k5,5,0.32791043264814174
cleanStatic,train,18,17.99056524,9,19,449514131,450014131,5540821.832691999,4798815.634916881,random2_k5,5,0.41220593671502553
cleanStatic,train,18,17.99056524,9,19,449514131,450014131,5540821.832691999,4798815.634916881,random3_k5,5,0.4991147717514835
cleanStatic,train,18,17.99056524,9,19,449514131,450014131,5540821.832691999,4798815.634916881,random4_k5,5,0.4207779176752404
cleanStatic,train,18,17.99056524,9,19,449514131,450014131,5540821.832691999,4798815.634916881,random5_k5,5,0.29041586346157383
cleanStatic,train,18,17.99056524,9,19,449514131,450014131,5540821.832691999,4798815.634916881,random1_k9,9,0.3514645352691384
cleanStatic,train,18,17.99056524,9,19,449514131,450014131,5540821.832691999,4798815.634916881,random2_k9,9,0.09806201984181356
cleanStatic,train,18,17.99056524,9,19,449514131,450014131,5540821.832691999,4798815.634916881,random3_k9,9,0.2054528817609629
cleanStatic,train,18,17.99056524,9,19,449514131,450014131,5540821.832691999,4798815.634916881,random4_k9,9,0.2776010670390684
cleanStatic,train,18,17.99056524,9,19,449514131,450014131,5540821.832691999,4798815.634916881,random5_k9,9,0.3686246270156865
cleanStatic,train,18,17.9906062,10,23,449515155,450015155,5540844.315946,6696515.571218392,dense_two_source_glrt,187,0.022202063208125
cleanStatic,train,18,17.9906062,10,23,449515155,450015155,5540844.315946,6696515.571218392,dense_one_source_residual,187,0.29090326360976665
cleanStatic,train,18,17.9906062,10,23,449515155,450015155,5540844.315946,6696515.571218392,raw_power_only,0,5540844.315946
cleanStatic,train,18,17.9906062,10,23,449515155,450015155,5540844.315946,6696515.571218392,analytic_sparse_k3,3,0.05921398234860279
cleanStatic,train,18,17.9906062,10,23,449515155,450015155,5540844.315946,6696515.571218392,uniform_k3,3,0.021763381183922084
cleanStatic,train,18,17.9906062,10,23,449515155,450015155,5540844.315946,6696515.571218392,shuffled_k3,3,0.02296776066025737
cleanStatic,train,18,17.9906062,10,23,449515155,450015155,5540844.315946,6696515.571218392,analytic_sparse_k5,5,0.08982206011889678
cleanStatic,train,18,17.9906062,10,23,449515155,450015155,5540844.315946,6696515.571218392,uniform_k5,5,0.08536992955304372
cleanStatic,train,18,17.9906062,10,23,449515155,450015155,5540844.315946,6696515.571218392,shuffled_k5,5,0.1769934783587425
cleanStatic,train,18,17.9906062,10,23,449515155,450015155,5540844.315946,6696515.571218392,analytic_sparse_k9,9,0.1398096626672293
cleanStatic,train,18,17.9906062,10,23,449515155,450015155,5540844.315946,6696515.571218392,uniform_k9,9,0.03424661848246559
cleanStatic,train,18,17.9906062,10,23,449515155,450015155,5540844.315946,6696515.571218392,shuffled_k9,9,0.07159547157818771
cleanStatic,train,18,17.9906062,10,23,449515155,450015155,5540844.315946,6696515.571218392,ai_sparse_k3,3,0.1483738785719029
cleanStatic,train,18,17.9906062,10,23,449515155,450015155,5540844.315946,6696515.571218392,pg_scc_k3,3,0.20602351785277642
cleanStatic,train,18,17.9906062,10,23,449515155,450015155,5540844.315946,6696515.571218392,ai_sparse_k5,5,0.09896083780281692
cleanStatic,train,18,17.9906062,10,23,449515155,450015155,5540844.315946,6696515.571218392,pg_scc_k5,5,0.15805074065805352
cleanStatic,train,18,17.9906062,10,23,449515155,450015155,5540844.315946,6696515.571218392,ai_sparse_k9,9,0.118564058314091
cleanStatic,train,18,17.9906062,10,23,449515155,450015155,5540844.315946,6696515.571218392,pg_scc_k9,9,0.1429905084737776
cleanStatic,train,18,17.9906062,10,23,449515155,450015155,5540844.315946,6696515.571218392,epl3,3,0.12448985945405554
cleanStatic,train,18,17.9906062,10,23,449515155,450015155,5540844.315946,6696515.571218392,fixed9,9,0.14402189561915138
cleanStatic,train,18,17.9906062,10,23,449515155,450015155,5540844.315946,6696515.571218392,random1_k3,3,0.14743138983507784
cleanStatic,train,18,17.9906062,10,23,449515155,450015155,5540844.315946,6696515.571218392,random2_k3,3,0.1185911679685913
cleanStatic,train,18,17.9906062,10,23,449515155,450015155,5540844.315946,6696515.571218392,random3_k3,3,0.16894178685727654
cleanStatic,train,18,17.9906062,10,23,449515155,450015155,5540844.315946,6696515.571218392,random4_k3,3,0.13916296347227503
cleanStatic,train,18,17.9906062,10,23,449515155,450015155,5540844.315946,6696515.571218392,random5_k3,3,0.2967991001199793
cleanStatic,train,18,17.9906062,10,23,449515155,450015155,5540844.315946,6696515.571218392,random1_k5,5,0.056683661817528555
cleanStatic,train,18,17.9906062,10,23,449515155,450015155,5540844.315946,6696515.571218392,random2_k5,5,0.11199856881160031
cleanStatic,train,18,17.9906062,10,23,449515155,450015155,5540844.315946,6696515.571218392,random3_k5,5,0.07997526369608195
cleanStatic,train,18,17.9906062,10,23,449515155,450015155,5540844.315946,6696515.571218392,random4_k5,5,0.08770020184869426
cleanStatic,train,18,17.9906062,10,23,449515155,450015155,5540844.315946,6696515.571218392,random5_k5,5,0.15212637715652666
cleanStatic,train,18,17.9906062,10,23,449515155,450015155,5540844.315946,6696515.571218392,random1_k9,9,0.059719536870539595
cleanStatic,train,18,17.9906062,10,23,449515155,450015155,5540844.315946,6696515.571218392,random2_k9,9,0.10202998385228947
cleanStatic,train,18,17.9906062,10,23,449515155,450015155,5540844.315946,6696515.571218392,random3_k9,9,0.07499458027459933
cleanStatic,train,18,17.9906062,10,23,449515155,450015155,5540844.315946,6696515.571218392,random4_k9,9,0.12643239829638
cleanStatic,train,18,17.9906062,10,23,449515155,450015155,5540844.315946,6696515.571218392,random5_k9,9,0.1079592965548563
cleanStatic,train,20,19.99023872,0,16,499505968,500005968,5519859.447432,5279365.821988793,dense_two_source_glrt,187,0.06873168711661573
cleanStatic,train,20,19.99023872,0,16,499505968,500005968,5519859.447432,5279365.821988793,dense_one_source_residual,187,0.31961200933358097
cleanStatic,train,20,19.99023872,0,16,499505968,500005968,5519859.447432,5279365.821988793,raw_power_only,0,5519859.447432
cleanStatic,train,20,19.99023872,0,16,499505968,500005968,5519859.447432,5279365.821988793,analytic_sparse_k3,3,0.12148379999970356
cleanStatic,train,20,19.99023872,0,16,499505968,500005968,5519859.447432,5279365.821988793,uniform_k3,3,0.11544087105711419
cleanStatic,train,20,19.99023872,0,16,499505968,500005968,5519859.447432,5279365.821988793,shuffled_k3,3,0.20104112085492618
cleanStatic,train,20,19.99023872,0,16,499505968,500005968,5519859.447432,5279365.821988793,analytic_sparse_k5,5,0.06142293184456986
cleanStatic,train,20,19.99023872,0,16,499505968,500005968,5519859.447432,5279365.821988793,uniform_k5,5,0.18730624524888534
cleanStatic,train,20,19.99023872,0,16,499505968,500005968,5519859.447432,5279365.821988793,shuffled_k5,5,0.05852322756928576
cleanStatic,train,20,19.99023872,0,16,499505968,500005968,5519859.447432,5279365.821988793,analytic_sparse_k9,9,0.0580732312393233
cleanStatic,train,20,19.99023872,0,16,499505968,500005968,5519859.447432,5279365.821988793,uniform_k9,9,0.09443211477126784
cleanStatic,train,20,19.99023872,0,16,499505968,500005968,5519859.447432,5279365.821988793,shuffled_k9,9,0.05024185942105667
cleanStatic,train,20,19.99023872,0,16,499505968,500005968,5519859.447432,5279365.821988793,ai_sparse_k3,3,0.1676736693785342
cleanStatic,train,20,19.99023872,0,16,499505968,500005968,5519859.447432,5279365.821988793,pg_scc_k3,3,0.016982638693076906
cleanStatic,train,20,19.99023872,0,16,499505968,500005968,5519859.447432,5279365.821988793,ai_sparse_k5,5,0.22151243902139436
cleanStatic,train,20,19.99023872,0,16,499505968,500005968,5519859.447432,5279365.821988793,pg_scc_k5,5,0.05226355140133319
cleanStatic,train,20,19.99023872,0,16,499505968,500005968,5519859.447432,5279365.821988793,ai_sparse_k9,9,0.18384643813519064
cleanStatic,train,20,19.99023872,0,16,499505968,500005968,5519859.447432,5279365.821988793,pg_scc_k9,9,0.07897985456332537
cleanStatic,train,20,19.99023872,0,16,499505968,500005968,5519859.447432,5279365.821988793,epl3,3,0.15396510269200864
cleanStatic,train,20,19.99023872,0,16,499505968,500005968,5519859.447432,5279365.821988793,fixed9,9,0.09604138564409787
cleanStatic,train,20,19.99023872,0,16,499505968,500005968,5519859.447432,5279365.821988793,random1_k3,3,0.08969368276951427
cleanStatic,train,20,19.99023872,0,16,499505968,500005968,5519859.447432,5279365.821988793,random2_k3,3,0.13877875822642768
cleanStatic,train,20,19.99023872,0,16,499505968,500005968,5519859.447432,5279365.821988793,random3_k3,3,0.2117327020292293
cleanStatic,train,20,19.99023872,0,16,499505968,500005968,5519859.447432,5279365.821988793,random4_k3,3,0.22839199937035604
cleanStatic,train,20,19.99023872,0,16,499505968,500005968,5519859.447432,5279365.821988793,random5_k3,3,0.09837515381954114
cleanStatic,train,20,19.99023872,0,16,499505968,500005968,5519859.447432,5279365.821988793,random1_k5,5,0.11344542403673641
cleanStatic,train,20,19.99023872,0,16,499505968,500005968,5519859.447432,5279365.821988793,random2_k5,5,0.044299126472359764
cleanStatic,train,20,19.99023872,0,16,499505968,500005968,5519859.447432,5279365.821988793,random3_k5,5,0.24644002225850695
cleanStatic,train,20,19.99023872,0,16,499505968,500005968,5519859.447432,5279365.821988793,random4_k5,5,0.024169583617195
cleanStatic,train,20,19.99023872,0,16,499505968,500005968,5519859.447432,5279365.821988793,random5_k5,5,0.16661933150935102
cleanStatic,train,20,19.99023872,0,16,499505968,500005968,5519859.447432,5279365.821988793,random1_k9,9,0.12070394281080526
cleanStatic,train,20,19.99023872,0,16,499505968,500005968,5519859.447432,5279365.821988793,random2_k9,9,0.05801287170037887
cleanStatic,train,20,19.99023872,0,16,499505968,500005968,5519859.447432,5279365.821988793,random3_k9,9,0.09053985721941521
cleanStatic,train,20,19.99023872,0,16,499505968,500005968,5519859.447432,5279365.821988793,random4_k9,9,0.06551760489542281
cleanStatic,train,20,19.99023872,0,16,499505968,500005968,5519859.447432,5279365.821988793,random5_k9,9,0.05964410548187818
cleanStatic,train,20,19.9905594,2,3,499513985,500013985,5519727.963711999,5833835.959412631,dense_two_source_glrt,187,0.04748278309232848
cleanStatic,train,20,19.9905594,2,3,499513985,500013985,5519727.963711999,5833835.959412631,dense_one_source_residual,187,0.1954378164894484
cleanStatic,train,20,19.9905594,2,3,499513985,500013985,5519727.963711999,5833835.959412631,raw_power_only,0,5519727.963711999
cleanStatic,train,20,19.9905594,2,3,499513985,500013985,5519727.963711999,5833835.959412631,analytic_sparse_k3,3,0.016524570574810618
cleanStatic,train,20,19.9905594,2,3,499513985,500013985,5519727.963711999,5833835.959412631,uniform_k3,3,0.15057196232677592
cleanStatic,train,20,19.9905594,2,3,499513985,500013985,5519727.963711999,5833835.959412631,shuffled_k3,3,0.30469999547801213
cleanStatic,train,20,19.9905594,2,3,499513985,500013985,5519727.963711999,5833835.959412631,analytic_sparse_k5,5,0.040372337996787126
cleanStatic,train,20,19.9905594,2,3,499513985,500013985,5519727.963711999,5833835.959412631,uniform_k5,5,0.11793697330089466
cleanStatic,train,20,19.9905594,2,3,499513985,500013985,5519727.963711999,5833835.959412631,shuffled_k5,5,0.13508921934348656
cleanStatic,train,20,19.9905594,2,3,499513985,500013985,5519727.963711999,5833835.959412631,analytic_sparse_k9,9,0.03193542147687377
cleanStatic,train,20,19.9905594,2,3,499513985,500013985,5519727.963711999,5833835.959412631,uniform_k9,9,0.01913107641477084
cleanStatic,train,20,19.9905594,2,3,499513985,500013985,5519727.963711999,5833835.959412631,shuffled_k9,9,0.09017189718062653
cleanStatic,train,20,19.9905594,2,3,499513985,500013985,5519727.963711999,5833835.959412631,ai_sparse_k3,3,0.15211695882399104
cleanStatic,train,20,19.9905594,2,3,499513985,500013985,5519727.963711999,5833835.959412631,pg_scc_k3,3,0.10038236983757565
cleanStatic,train,20,19.9905594,2,3,499513985,500013985,5519727.963711999,5833835.959412631,ai_sparse_k5,5,0.176551309670626
cleanStatic,train,20,19.9905594,2,3,499513985,500013985,5519727.963711999,5833835.959412631,pg_scc_k5,5,0.12858606146250764
cleanStatic,train,20,19.9905594,2,3,499513985,500013985,5519727.963711999,5833835.959412631,ai_sparse_k9,9,0.08699549568856929
cleanStatic,train,20,19.9905594,2,3,499513985,500013985,5519727.963711999,5833835.959412631,pg_scc_k9,9,0.052377314111995865
cleanStatic,train,20,19.9905594,2,3,499513985,500013985,5519727.963711999,5833835.959412631,epl3,3,0.1382901508632337
cleanStatic,train,20,19.9905594,2,3,499513985,500013985,5519727.963711999,5833835.959412631,fixed9,9,0.1491609852092165
cleanStatic,train,20,19.9905594,2,3,499513985,500013985,5519727.963711999,5833835.959412631,random1_k3,3,0.01671322200858214
cleanStatic,train,20,19.9905594,2,3,499513985,500013985,5519727.963711999,5833835.959412631,random2_k3,3,0.013875947592204287
cleanStatic,train,20,19.9905594,2,3,499513985,500013985,5519727.963711999,5833835.959412631,random3_k3,3,0.07352291696646028
cleanStatic,train,20,19.9905594,2,3,499513985,500013985,5519727.963711999,5833835.959412631,random4_k3,3,0.05352423936064451
cleanStatic,train,20,19.9905594,2,3,499513985,500013985,5519727.963711999,5833835.959412631,random5_k3,3,0.1387726716176407
cleanStatic,train,20,19.9905594,2,3,499513985,500013985,5519727.963711999,5833835.959412631,random1_k5,5,0.04050540553767057
cleanStatic,train,20,19.9905594,2,3,499513985,500013985,5519727.963711999,5833835.959412631,random2_k5,5,0.12560039318885965
cleanStatic,train,20,19.9905594,2,3,499513985,500013985,5519727.963711999,5833835.959412631,random3_k5,5,0.08192081902719905
cleanStatic,train,20,19.9905594,2,3,499513985,500013985,5519727.963711999,5833835.959412631,random4_k5,5,0.062340519458287794
cleanStatic,train,20,19.9905594,2,3,499513985,500013985,5519727.963711999,5833835.959412631,random5_k5,5,0.10452122527604035
cleanStatic,train,20,19.9905594,2,3,499513985,500013985,5519727.963711999,5833835.959412631,random1_k9,9,0.18156160566505047
cleanStatic,train,20,19.9905594,2,3,499513985,500013985,5519727.963711999,5833835.959412631,random2_k9,9,0.1013445757796311
cleanStatic,train,20,19.9905594,2,3,499513985,500013985,5519727.963711999,5833835.959412631,random3_k9,9,0.039845526738603504
cleanStatic,train,20,19.9905594,2,3,499513985,500013985,5519727.963711999,5833835.959412631,random4_k9,9,0.016612426634449538
cleanStatic,train,20,19.9905594,2,3,499513985,500013985,5519727.963711999,5833835.959412631,random5_k9,9,0.05836371954717364
cleanStatic,train,20,20.00128332,3,20,499782083,500282083,5520415.73916,2227882.224348454,dense_two_source_glrt,187,0.8705103890158449
cleanStatic,train,20,20.00128332,3,20,499782083,500282083,5520415.73916,2227882.224348454,dense_one_source_residual,187,2.3494271346426863
cleanStatic,train,20,20.00128332,3,20,499782083,500282083,5520415.73916,2227882.224348454,raw_power_only,0,5520415.73916
cleanStatic,train,20,20.00128332,3,20,499782083,500282083,5520415.73916,2227882.224348454,analytic_sparse_k3,3,1.228107823435625
cleanStatic,train,20,20.00128332,3,20,499782083,500282083,5520415.73916,2227882.224348454,uniform_k3,3,1.3701121505730398
cleanStatic,train,20,20.00128332,3,20,499782083,500282083,5520415.73916,2227882.224348454,shuffled_k3,3,1.8175615303692485
cleanStatic,train,20,20.00128332,3,20,499782083,500282083,5520415.73916,2227882.224348454,analytic_sparse_k5,5,1.5057941030938906
cleanStatic,train,20,20.00128332,3,20,499782083,500282083,5520415.73916,2227882.224348454,uniform_k5,5,0.1748870521546891
cleanStatic,train,20,20.00128332,3,20,499782083,500282083,5520415.73916,2227882.224348454,shuffled_k5,5,1.1071040324319292
cleanStatic,train,20,20.00128332,3,20,499782083,500282083,5520415.73916,2227882.224348454,analytic_sparse_k9,9,1.240718462438281
cleanStatic,train,20,20.00128332,3,20,499782083,500282083,5520415.73916,2227882.224348454,uniform_k9,9,1.4105415009544773
cleanStatic,train,20,20.00128332,3,20,499782083,500282083,5520415.73916,2227882.224348454,shuffled_k9,9,1.3390754495337356
cleanStatic,train,20,20.00128332,3,20,499782083,500282083,5520415.73916,2227882.224348454,ai_sparse_k3,3,1.2239925784391106
cleanStatic,train,20,20.00128332,3,20,499782083,500282083,5520415.73916,2227882.224348454,pg_scc_k3,3,3.1639467015973373
cleanStatic,train,20,20.00128332,3,20,499782083,500282083,5520415.73916,2227882.224348454,ai_sparse_k5,5,2.2167569606249864
cleanStatic,train,20,20.00128332,3,20,499782083,500282083,5520415.73916,2227882.224348454,pg_scc_k5,5,1.8633629657534574
cleanStatic,train,20,20.00128332,3,20,499782083,500282083,5520415.73916,2227882.224348454,ai_sparse_k9,9,2.6467483862219807
cleanStatic,train,20,20.00128332,3,20,499782083,500282083,5520415.73916,2227882.224348454,pg_scc_k9,9,1.903658565373323
cleanStatic,train,20,20.00128332,3,20,499782083,500282083,5520415.73916,2227882.224348454,epl3,3,0.45601508075681796
cleanStatic,train,20,20.00128332,3,20,499782083,500282083,5520415.73916,2227882.224348454,fixed9,9,1.2994875788137368
cleanStatic,train,20,20.00128332,3,20,499782083,500282083,5520415.73916,2227882.224348454,random1_k3,3,0.8387484460116567
cleanStatic,train,20,20.00128332,3,20,499782083,500282083,5520415.73916,2227882.224348454,random2_k3,3,0.3410367516370423
cleanStatic,train,20,20.00128332,3,20,499782083,500282083,5520415.73916,2227882.224348454,random3_k3,3,1.0340439889546746
cleanStatic,train,20,20.00128332,3,20,499782083,500282083,5520415.73916,2227882.224348454,random4_k3,3,0.8317105297690811
cleanStatic,train,20,20.00128332,3,20,499782083,500282083,5520415.73916,2227882.224348454,random5_k3,3,1.4435513708195415
cleanStatic,train,20,20.00128332,3,20,499782083,500282083,5520415.73916,2227882.224348454,random1_k5,5,0.27790063523105585
cleanStatic,train,20,20.00128332,3,20,499782083,500282083,5520415.73916,2227882.224348454,random2_k5,5,0.47567146014593203
cleanStatic,train,20,20.00128332,3,20,499782083,500282083,5520415.73916,2227882.224348454,random3_k5,5,0.7430497462832653
cleanStatic,train,20,20.00128332,3,20,499782083,500282083,5520415.73916,2227882.224348454,random4_k5,5,0.7710380778298986
cleanStatic,train,20,20.00128332,3,20,499782083,500282083,5520415.73916,2227882.224348454,random5_k5,5,0.6362470333931192
cleanStatic,train,20,20.00128332,3,20,499782083,500282083,5520415.73916,2227882.224348454,random1_k9,9,0.33241296839705586
cleanStatic,train,20,20.00128332,3,20,499782083,500282083,5520415.73916,2227882.224348454,random2_k9,9,0.9185865700593574
cleanStatic,train,20,20.00128332,3,20,499782083,500282083,5520415.73916,2227882.224348454,random3_k9,9,1.036460790462133
cleanStatic,train,20,20.00128332,3,20,499782083,500282083,5520415.73916,2227882.224348454,random4_k9,9,0.501462524817766
cleanStatic,train,20,20.00128332,3,20,499782083,500282083,5520415.73916,2227882.224348454,random5_k9,9,0.4285859490129397
cleanStatic,train,20,20.11058556,4,30,502514639,503014639,5517858.811371999,2011561.7996491245,dense_two_source_glrt,187,0.8708824388974113
cleanStatic,train,20,20.11058556,4,30,502514639,503014639,5517858.811371999,2011561.7996491245,dense_one_source_residual,187,3.4029358420352454
cleanStatic,train,20,20.11058556,4,30,502514639,503014639,5517858.811371999,2011561.7996491245,raw_power_only,0,5517858.811371999
cleanStatic,train,20,20.11058556,4,30,502514639,503014639,5517858.811371999,2011561.7996491245,analytic_sparse_k3,3,0.6970851706595255
cleanStatic,train,20,20.11058556,4,30,502514639,503014639,5517858.811371999,2011561.7996491245,uniform_k3,3,0.6492908889181118
cleanStatic,train,20,20.11058556,4,30,502514639,503014639,5517858.811371999,2011561.7996491245,shuffled_k3,3,1.610613758655518
cleanStatic,train,20,20.11058556,4,30,502514639,503014639,5517858.811371999,2011561.7996491245,analytic_sparse_k5,5,2.1426593373348064
cleanStatic,train,20,20.11058556,4,30,502514639,503014639,5517858.811371999,2011561.7996491245,uniform_k5,5,1.0261297929466233
cleanStatic,train,20,20.11058556,4,30,502514639,503014639,5517858.811371999,2011561.7996491245,shuffled_k5,5,2.3946053184154863
cleanStatic,train,20,20.11058556,4,30,502514639,503014639,5517858.811371999,2011561.7996491245,analytic_sparse_k9,9,1.7629889217634362
cleanStatic,train,20,20.11058556,4,30,502514639,503014639,5517858.811371999,2011561.7996491245,uniform_k9,9,0.7061408810959675
cleanStatic,train,20,20.11058556,4,30,502514639,503014639,5517858.811371999,2011561.7996491245,shuffled_k9,9,1.1054488622694132
cleanStatic,train,20,20.11058556,4,30,502514639,503014639,5517858.811371999,2011561.7996491245,ai_sparse_k3,3,0.9667105280604339
cleanStatic,train,20,20.11058556,4,30,502514639,503014639,5517858.811371999,2011561.7996491245,pg_scc_k3,3,1.9734616723705534
cleanStatic,train,20,20.11058556,4,30,502514639,503014639,5517858.811371999,2011561.7996491245,ai_sparse_k5,5,0.4139872214997575
cleanStatic,train,20,20.11058556,4,30,502514639,503014639,5517858.811371999,2011561.7996491245,pg_scc_k5,5,0.8116441158215217
cleanStatic,train,20,20.11058556,4,30,502514639,503014639,5517858.811371999,2011561.7996491245,ai_sparse_k9,9,0.5637676567950088
cleanStatic,train,20,20.11058556,4,30,502514639,503014639,5517858.811371999,2011561.7996491245,pg_scc_k9,9,0.6786453170336857
cleanStatic,train,20,20.11058556,4,30,502514639,503014639,5517858.811371999,2011561.7996491245,epl3,3,1.997996660233752
cleanStatic,train,20,20.11058556,4,30,502514639,503014639,5517858.811371999,2011561.7996491245,fixed9,9,1.8393249515234436
cleanStatic,train,20,20.11058556,4,30,502514639,503014639,5517858.811371999,2011561.7996491245,random1_k3,3,3.5847410017818677
cleanStatic,train,20,20.11058556,4,30,502514639,503014639,5517858.811371999,2011561.7996491245,random2_k3,3,2.886509183667684
cleanStatic,train,20,20.11058556,4,30,502514639,503014639,5517858.811371999,2011561.7996491245,random3_k3,3,3.248767260872033
cleanStatic,train,20,20.11058556,4,30,502514639,503014639,5517858.811371999,2011561.7996491245,random4_k3,3,1.5907239364369765
cleanStatic,train,20,20.11058556,4,30,502514639,503014639,5517858.811371999,2011561.7996491245,random5_k3,3,1.6319523346589115
cleanStatic,train,20,20.11058556,4,30,502514639,503014639,5517858.811371999,2011561.7996491245,random1_k5,5,1.7610097101091298
cleanStatic,train,20,20.11058556,4,30,502514639,503014639,5517858.811371999,2011561.7996491245,random2_k5,5,1.165266609563217
cleanStatic,train,20,20.11058556,4,30,502514639,503014639,5517858.811371999,2011561.7996491245,random3_k5,5,0.5403948799396343
cleanStatic,train,20,20.11058556,4,30,502514639,503014639,5517858.811371999,2011561.7996491245,random4_k5,5,1.4135423514135765
cleanStatic,train,20,20.11058556,4,30,502514639,503014639,5517858.811371999,2011561.7996491245,random5_k5,5,0.9227442091469158
cleanStatic,train,20,20.11058556,4,30,502514639,503014639,5517858.811371999,2011561.7996491245,random1_k9,9,0.32050217966873995
cleanStatic,train,20,20.11058556,4,30,502514639,503014639,5517858.811371999,2011561.7996491245,random2_k9,9,0.5788560933145696
cleanStatic,train,20,20.11058556,4,30,502514639,503014639,5517858.811371999,2011561.7996491245,random3_k9,9,1.9002679325012777
cleanStatic,train,20,20.11058556,4,30,502514639,503014639,5517858.811371999,2011561.7996491245,random4_k9,9,0.8837222757576922
cleanStatic,train,20,20.11058556,4,30,502514639,503014639,5517858.811371999,2011561.7996491245,random5_k9,9,2.0647877868392452
cleanStatic,train,20,19.99064824,5,6,499516206,500016206,5520454.564056001,4611151.999509092,dense_two_source_glrt,187,0.024833117844970862
cleanStatic,train,20,19.99064824,5,6,499516206,500016206,5520454.564056001,4611151.999509092,dense_one_source_residual,187,0.25372979856716366
cleanStatic,train,20,19.99064824,5,6,499516206,500016206,5520454.564056001,4611151.999509092,raw_power_only,0,5520454.564056001
cleanStatic,train,20,19.99064824,5,6,499516206,500016206,5520454.564056001,4611151.999509092,analytic_sparse_k3,3,0.11626103962614905
cleanStatic,train,20,19.99064824,5,6,499516206,500016206,5520454.564056001,4611151.999509092,uniform_k3,3,0.06170976751286344
cleanStatic,train,20,19.99064824,5,6,499516206,500016206,5520454.564056001,4611151.999509092,shuffled_k3,3,0.1770294450096277
cleanStatic,train,20,19.99064824,5,6,499516206,500016206,5520454.564056001,4611151.999509092,analytic_sparse_k5,5,0.18100228967319212
cleanStatic,train,20,19.99064824,5,6,499516206,500016206,5520454.564056001,4611151.999509092,uniform_k5,5,0.08146566434728021
cleanStatic,train,20,19.99064824,5,6,499516206,500016206,5520454.564056001,4611151.999509092,shuffled_k5,5,0.04832373378104933
cleanStatic,train,20,19.99064824,5,6,499516206,500016206,5520454.564056001,4611151.999509092,analytic_sparse_k9,9,0.15202983431434502
cleanStatic,train,20,19.99064824,5,6,499516206,500016206,5520454.564056001,4611151.999509092,uniform_k9,9,0.02531195438036808
cleanStatic,train,20,19.99064824,5,6,499516206,500016206,5520454.564056001,4611151.999509092,shuffled_k9,9,0.04254144796688745
cleanStatic,train,20,19.99064824,5,6,499516206,500016206,5520454.564056001,4611151.999509092,ai_sparse_k3,3,0.2147421985675292
cleanStatic,train,20,19.99064824,5,6,499516206,500016206,5520454.564056001,4611151.999509092,pg_scc_k3,3,0.17120393490206764
cleanStatic,train,20,19.99064824,5,6,499516206,500016206,5520454.564056001,4611151.999509092,ai_sparse_k5,5,0.16159998202583062
cleanStatic,train,20,19.99064824,5,6,499516206,500016206,5520454.564056001,4611151.999509092,pg_scc_k5,5,0.031006883467601144
cleanStatic,train,20,19.99064824,5,6,499516206,500016206,5520454.564056001,4611151.999509092,ai_sparse_k9,9,0.06128051718697942
cleanStatic,train,20,19.99064824,5,6,499516206,500016206,5520454.564056001,4611151.999509092,pg_scc_k9,9,0.05429177965632399
cleanStatic,train,20,19.99064824,5,6,499516206,500016206,5520454.564056001,4611151.999509092,epl3,3,0.09772976222767837
cleanStatic,train,20,19.99064824,5,6,499516206,500016206,5520454.564056001,4611151.999509092,fixed9,9,0.0105993539855318
cleanStatic,train,20,19.99064824,5,6,499516206,500016206,5520454.564056001,4611151.999509092,random1_k3,3,0.4851632273372253
cleanStatic,train,20,19.99064824,5,6,499516206,500016206,5520454.564056001,4611151.999509092,random2_k3,3,0.15192073834408998
cleanStatic,train,20,19.99064824,5,6,499516206,500016206,5520454.564056001,4611151.999509092,random3_k3,3,0.14950709303764778
cleanStatic,train,20,19.99064824,5,6,499516206,500016206,5520454.564056001,4611151.999509092,random4_k3,3,0.12881225962056728
cleanStatic,train,20,19.99064824,5,6,499516206,500016206,5520454.564056001,4611151.999509092,random5_k3,3,0.15458894584479377
cleanStatic,train,20,19.99064824,5,6,499516206,500016206,5520454.564056001,4611151.999509092,random1_k5,5,0.14036612814052013
cleanStatic,train,20,19.99064824,5,6,499516206,500016206,5520454.564056001,4611151.999509092,random2_k5,5,0.12399340520037909
cleanStatic,train,20,19.99064824,5,6,499516206,500016206,5520454.564056001,4611151.999509092,random3_k5,5,0.061225691509010784
cleanStatic,train,20,19.99064824,5,6,499516206,500016206,5520454.564056001,4611151.999509092,random4_k5,5,0.08462085046845606
cleanStatic,train,20,19.99064824,5,6,499516206,500016206,5520454.564056001,4611151.999509092,random5_k5,5,0.08679916728650283
cleanStatic,train,20,19.99064824,5,6,499516206,500016206,5520454.564056001,4611151.999509092,random1_k9,9,0.09337820512078412
cleanStatic,train,20,19.99064824,5,6,499516206,500016206,5520454.564056001,4611151.999509092,random2_k9,9,0.09888344312814151
cleanStatic,train,20,19.99064824,5,6,499516206,500016206,5520454.564056001,4611151.999509092,random3_k9,9,0.03165496361848061
cleanStatic,train,20,19.99064824,5,6,499516206,500016206,5520454.564056001,4611151.999509092,random4_k9,9,0.1295260809191527
cleanStatic,train,20,19.99064824,5,6,499516206,500016206,5520454.564056001,4611151.999509092,random5_k9,9,0.09071057162331522
cleanStatic,train,20,19.999234,6,7,499730850,500230850,5517311.266542001,4678214.722554951,dense_two_source_glrt,187,0.2772962962325281
cleanStatic,train,20,19.999234,6,7,499730850,500230850,5517311.266542001,4678214.722554951,dense_one_source_residual,187,1.4205636457188289
cleanStatic,train,20,19.999234,6,7,499730850,500230850,5517311.266542001,4678214.722554951,raw_power_only,0,5517311.266542001
cleanStatic,train,20,19.999234,6,7,499730850,500230850,5517311.266542001,4678214.722554951,analytic_sparse_k3,3,0.310328040456338
cleanStatic,train,20,19.999234,6,7,499730850,500230850,5517311.266542001,4678214.722554951,uniform_k3,3,1.8334936017809058
cleanStatic,train,20,19.999234,6,7,499730850,500230850,5517311.266542001,4678214.722554951,shuffled_k3,3,0.19311373270773613
cleanStatic,train,20,19.999234,6,7,499730850,500230850,5517311.266542001,4678214.722554951,analytic_sparse_k5,5,0.479976848934046
cleanStatic,train,20,19.999234,6,7,499730850,500230850,5517311.266542001,4678214.722554951,uniform_k5,5,0.7508836626648459
cleanStatic,train,20,19.999234,6,7,499730850,500230850,5517311.266542001,4678214.722554951,shuffled_k5,5,0.7165930691720515
cleanStatic,train,20,19.999234,6,7,499730850,500230850,5517311.266542001,4678214.722554951,analytic_sparse_k9,9,0.2378030813494034
cleanStatic,train,20,19.999234,6,7,499730850,500230850,5517311.266542001,4678214.722554951,uniform_k9,9,0.19334122976007054
cleanStatic,train,20,19.999234,6,7,499730850,500230850,5517311.266542001,4678214.722554951,shuffled_k9,9,0.764975411744443
cleanStatic,train,20,19.999234,6,7,499730850,500230850,5517311.266542001,4678214.722554951,ai_sparse_k3,3,1.1382291114925767
cleanStatic,train,20,19.999234,6,7,499730850,500230850,5517311.266542001,4678214.722554951,pg_scc_k3,3,0.561918851803887
cleanStatic,train,20,19.999234,6,7,499730850,500230850,5517311.266542001,4678214.722554951,ai_sparse_k5,5,0.3713909586838861
cleanStatic,train,20,19.999234,6,7,499730850,500230850,5517311.266542001,4678214.722554951,pg_scc_k5,5,0.2239901755033177
cleanStatic,train,20,19.999234,6,7,499730850,500230850,5517311.266542001,4678214.722554951,ai_sparse_k9,9,0.18215670605612694
cleanStatic,train,20,19.999234,6,7,499730850,500230850,5517311.266542001,4678214.722554951,pg_scc_k9,9,0.11959670739716266
cleanStatic,train,20,19.999234,6,7,499730850,500230850,5517311.266542001,4678214.722554951,epl3,3,1.0151339762999412
cleanStatic,train,20,19.999234,6,7,499730850,500230850,5517311.266542001,4678214.722554951,fixed9,9,0.8299674151025888
cleanStatic,train,20,19.999234,6,7,499730850,500230850,5517311.266542001,4678214.722554951,random1_k3,3,0.7659323254272509
cleanStatic,train,20,19.999234,6,7,499730850,500230850,5517311.266542001,4678214.722554951,random2_k3,3,0.8338407789122652
cleanStatic,train,20,19.999234,6,7,499730850,500230850,5517311.266542001,4678214.722554951,random3_k3,3,0.9242408848605463
cleanStatic,train,20,19.999234,6,7,499730850,500230850,5517311.266542001,4678214.722554951,random4_k3,3,1.0851448762030584
cleanStatic,train,20,19.999234,6,7,499730850,500230850,5517311.266542001,4678214.722554951,random5_k3,3,0.3449644820329925
cleanStatic,train,20,19.999234,6,7,499730850,500230850,5517311.266542001,4678214.722554951,random1_k5,5,0.9203133242114501
cleanStatic,train,20,19.999234,6,7,499730850,500230850,5517311.266542001,4678214.722554951,random2_k5,5,0.9793874399637623
cleanStatic,train,20,19.999234,6,7,499730850,500230850,5517311.266542001,4678214.722554951,random3_k5,5,0.7944300116962534
cleanStatic,train,20,19.999234,6,7,499730850,500230850,5517311.266542001,4678214.722554951,random4_k5,5,0.5771775483424254
cleanStatic,train,20,19.999234,6,7,499730850,500230850,5517311.266542001,4678214.722554951,random5_k5,5,0.9333820089007784
cleanStatic,train,20,19.999234,6,7,499730850,500230850,5517311.266542001,4678214.722554951,random1_k9,9,0.6530894805625216
cleanStatic,train,20,19.999234,6,7,499730850,500230850,5517311.266542001,4678214.722554951,random2_k9,9,0.23328308030988212
cleanStatic,train,20,19.999234,6,7,499730850,500230850,5517311.266542001,4678214.722554951,random3_k9,9,0.9995328401139416
cleanStatic,train,20,19.999234,6,7,499730850,500230850,5517311.266542001,4678214.722554951,random4_k9,9,0.6888634089063653
cleanStatic,train,20,19.999234,6,7,499730850,500230850,5517311.266542001,4678214.722554951,random5_k9,9,0.582276741432397
cleanStatic,train,20,19.9903876,7,10,499509690,500009690,5520120.529008001,2664201.03434947,dense_two_source_glrt,187,0.4697643271467472
cleanStatic,train,20,19.9903876,7,10,499509690,500009690,5520120.529008001,2664201.03434947,dense_one_source_residual,187,1.2829186213300132
cleanStatic,train,20,19.9903876,7,10,499509690,500009690,5520120.529008001,2664201.03434947,raw_power_only,0,5520120.529008001
cleanStatic,train,20,19.9903876,7,10,499509690,500009690,5520120.529008001,2664201.03434947,analytic_sparse_k3,3,0.28568022730222853
cleanStatic,train,20,19.9903876,7,10,499509690,500009690,5520120.529008001,2664201.03434947,uniform_k3,3,0.6173687946165712
cleanStatic,train,20,19.9903876,7,10,499509690,500009690,5520120.529008001,2664201.03434947,shuffled_k3,3,0.1694502380730862
cleanStatic,train,20,19.9903876,7,10,499509690,500009690,5520120.529008001,2664201.03434947,analytic_sparse_k5,5,0.5362515541825108
cleanStatic,train,20,19.9903876,7,10,499509690,500009690,5520120.529008001,2664201.03434947,uniform_k5,5,0.5545247291092491
cleanStatic,train,20,19.9903876,7,10,499509690,500009690,5520120.529008001,2664201.03434947,shuffled_k5,5,0.34174721649580686
cleanStatic,train,20,19.9903876,7,10,499509690,500009690,5520120.529008001,2664201.03434947,analytic_sparse_k9,9,0.738224410395881
cleanStatic,train,20,19.9903876,7,10,499509690,500009690,5520120.529008001,2664201.03434947,uniform_k9,9,0.14976617302486142
cleanStatic,train,20,19.9903876,7,10,499509690,500009690,5520120.529008001,2664201.03434947,shuffled_k9,9,1.175872851194018
cleanStatic,train,20,19.9903876,7,10,499509690,500009690,5520120.529008001,2664201.03434947,ai_sparse_k3,3,0.9877713925316836
cleanStatic,train,20,19.9903876,7,10,499509690,500009690,5520120.529008001,2664201.03434947,pg_scc_k3,3,1.7396495928370548
cleanStatic,train,20,19.9903876,7,10,499509690,500009690,5520120.529008001,2664201.03434947,ai_sparse_k5,5,0.8471659115552089
cleanStatic,train,20,19.9903876,7,10,499509690,500009690,5520120.529008001,2664201.03434947,pg_scc_k5,5,0.787543650804489
cleanStatic,train,20,19.9903876,7,10,499509690,500009690,5520120.529008001,2664201.03434947,ai_sparse_k9,9,0.8105058498482856
cleanStatic,train,20,19.9903876,7,10,499509690,500009690,5520120.529008001,2664201.03434947,pg_scc_k9,9,0.9607183215394612
cleanStatic,train,20,19.9903876,7,10,499509690,500009690,5520120.529008001,2664201.03434947,epl3,3,0.9555213498363936
cleanStatic,train,20,19.9903876,7,10,499509690,500009690,5520120.529008001,2664201.03434947,fixed9,9,0.8365462206015322
cleanStatic,train,20,19.9903876,7,10,499509690,500009690,5520120.529008001,2664201.03434947,random1_k3,3,0.9225129657007808
cleanStatic,train,20,19.9903876,7,10,499509690,500009690,5520120.529008001,2664201.03434947,random2_k3,3,0.2459227163999009
cleanStatic,train,20,19.9903876,7,10,499509690,500009690,5520120.529008001,2664201.03434947,random3_k3,3,0.4615882407753386
cleanStatic,train,20,19.9903876,7,10,499509690,500009690,5520120.529008001,2664201.03434947,random4_k3,3,0.21065027037750528
cleanStatic,train,20,19.9903876,7,10,499509690,500009690,5520120.529008001,2664201.03434947,random5_k3,3,0.22553282732346183
cleanStatic,train,20,19.9903876,7,10,499509690,500009690,5520120.529008001,2664201.03434947,random1_k5,5,0.2554645185573145
cleanStatic,train,20,19.9903876,7,10,499509690,500009690,5520120.529008001,2664201.03434947,random2_k5,5,0.43006994777959473
cleanStatic,train,20,19.9903876,7,10,499509690,500009690,5520120.529008001,2664201.03434947,random3_k5,5,0.922660790948067
cleanStatic,train,20,19.9903876,7,10,499509690,500009690,5520120.529008001,2664201.03434947,random4_k5,5,0.6889688457599663
cleanStatic,train,20,19.9903876,7,10,499509690,500009690,5520120.529008001,2664201.03434947,random5_k5,5,0.7492730851088911
cleanStatic,train,20,19.9903876,7,10,499509690,500009690,5520120.529008001,2664201.03434947,random1_k9,9,0.35274180418834233
cleanStatic,train,20,19.9903876,7,10,499509690,500009690,5520120.529008001,2664201.03434947,random2_k9,9,0.508969248924957
cleanStatic,train,20,19.9903876,7,10,499509690,500009690,5520120.529008001,2664201.03434947,random3_k9,9,0.8551570873662926
cleanStatic,train,20,19.9903876,7,10,499509690,500009690,5520120.529008001,2664201.03434947,random4_k9,9,0.7081948992326921
cleanStatic,train,20,19.9903876,7,10,499509690,500009690,5520120.529008001,2664201.03434947,random5_k9,9,1.120982976638498
cleanStatic,train,20,20.00271024,8,13,499817756,500317756,5520699.2222380005,6706009.998136832,dense_two_source_glrt,187,0.05207695664078079
cleanStatic,train,20,20.00271024,8,13,499817756,500317756,5520699.2222380005,6706009.998136832,dense_one_source_residual,187,0.3524105751039358
cleanStatic,train,20,20.00271024,8,13,499817756,500317756,5520699.2222380005,6706009.998136832,raw_power_only,0,5520699.2222380005
cleanStatic,train,20,20.00271024,8,13,499817756,500317756,5520699.2222380005,6706009.998136832,analytic_sparse_k3,3,0.018441703563908913
cleanStatic,train,20,20.00271024,8,13,499817756,500317756,5520699.2222380005,6706009.998136832,uniform_k3,3,0.18336960182048392
cleanStatic,train,20,20.00271024,8,13,499817756,500317756,5520699.2222380005,6706009.998136832,shuffled_k3,3,0.16887287648047353
cleanStatic,train,20,20.00271024,8,13,499817756,500317756,5520699.2222380005,6706009.998136832,analytic_sparse_k5,5,0.11924086045358777
cleanStatic,train,20,20.00271024,8,13,499817756,500317756,5520699.2222380005,6706009.998136832,uniform_k5,5,0.112484544073495
cleanStatic,train,20,20.00271024,8,13,499817756,500317756,5520699.2222380005,6706009.998136832,shuffled_k5,5,0.18345106414088092
cleanStatic,train,20,20.00271024,8,13,499817756,500317756,5520699.2222380005,6706009.998136832,analytic_sparse_k9,9,0.07817421028275333
cleanStatic,train,20,20.00271024,8,13,499817756,500317756,5520699.2222380005,6706009.998136832,uniform_k9,9,0.05142668976455004
cleanStatic,train,20,20.00271024,8,13,499817756,500317756,5520699.2222380005,6706009.998136832,shuffled_k9,9,0.2608860380835365
cleanStatic,train,20,20.00271024,8,13,499817756,500317756,5520699.2222380005,6706009.998136832,ai_sparse_k3,3,0.18901898135344042
cleanStatic,train,20,20.00271024,8,13,499817756,500317756,5520699.2222380005,6706009.998136832,pg_scc_k3,3,0.06660417912669281
cleanStatic,train,20,20.00271024,8,13,499817756,500317756,5520699.2222380005,6706009.998136832,ai_sparse_k5,5,0.255329601919406
cleanStatic,train,20,20.00271024,8,13,499817756,500317756,5520699.2222380005,6706009.998136832,pg_scc_k5,5,0.10746597188738347
cleanStatic,train,20,20.00271024,8,13,499817756,500317756,5520699.2222380005,6706009.998136832,ai_sparse_k9,9,0.18153219992036537
cleanStatic,train,20,20.00271024,8,13,499817756,500317756,5520699.2222380005,6706009.998136832,pg_scc_k9,9,0.06386861989956233
cleanStatic,train,20,20.00271024,8,13,499817756,500317756,5520699.2222380005,6706009.998136832,epl3,3,0.3105363213736167
cleanStatic,train,20,20.00271024,8,13,499817756,500317756,5520699.2222380005,6706009.998136832,fixed9,9,0.3733251429908039
cleanStatic,train,20,20.00271024,8,13,499817756,500317756,5520699.2222380005,6706009.998136832,random1_k3,3,0.21930267024339925
cleanStatic,train,20,20.00271024,8,13,499817756,500317756,5520699.2222380005,6706009.998136832,random2_k3,3,0.13559326806969904
cleanStatic,train,20,20.00271024,8,13,499817756,500317756,5520699.2222380005,6706009.998136832,random3_k3,3,0.37185547622388043
cleanStatic,train,20,20.00271024,8,13,499817756,500317756,5520699.2222380005,6706009.998136832,random4_k3,3,0.11773010053771744
cleanStatic,train,20,20.00271024,8,13,499817756,500317756,5520699.2222380005,6706009.998136832,random5_k3,3,0.00911888822403765
cleanStatic,train,20,20.00271024,8,13,499817756,500317756,5520699.2222380005,6706009.998136832,random1_k5,5,0.08531783031228812
cleanStatic,train,20,20.00271024,8,13,499817756,500317756,5520699.2222380005,6706009.998136832,random2_k5,5,0.14106934828231696
cleanStatic,train,20,20.00271024,8,13,499817756,500317756,5520699.2222380005,6706009.998136832,random3_k5,5,0.27647508486322037
cleanStatic,train,20,20.00271024,8,13,499817756,500317756,5520699.2222380005,6706009.998136832,random4_k5,5,0.10952001217369811
cleanStatic,train,20,20.00271024,8,13,499817756,500317756,5520699.2222380005,6706009.998136832,random5_k5,5,0.10319953087519082
cleanStatic,train,20,20.00271024,8,13,499817756,500317756,5520699.2222380005,6706009.998136832,random1_k9,9,0.231304215320622
cleanStatic,train,20,20.00271024,8,13,499817756,500317756,5520699.2222380005,6706009.998136832,random2_k9,9,0.03417292472598484
cleanStatic,train,20,20.00271024,8,13,499817756,500317756,5520699.2222380005,6706009.998136832,random3_k9,9,0.1017682430908338
cleanStatic,train,20,20.00271024,8,13,499817756,500317756,5520699.2222380005,6706009.998136832,random4_k9,9,0.06745179040825199
cleanStatic,train,20,20.00271024,8,13,499817756,500317756,5520699.2222380005,6706009.998136832,random5_k9,9,0.11527183897852414
cleanStatic,train,20,20.00756188,9,19,499939047,500439047,5517191.007076,4712837.874821961,dense_two_source_glrt,187,0.050983789027521105
cleanStatic,train,20,20.00756188,9,19,499939047,500439047,5517191.007076,4712837.874821961,dense_one_source_residual,187,0.30457721346939215
cleanStatic,train,20,20.00756188,9,19,499939047,500439047,5517191.007076,4712837.874821961,raw_power_only,0,5517191.007076
cleanStatic,train,20,20.00756188,9,19,499939047,500439047,5517191.007076,4712837.874821961,analytic_sparse_k3,3,0.0443122604145959
cleanStatic,train,20,20.00756188,9,19,499939047,500439047,5517191.007076,4712837.874821961,uniform_k3,3,0.42708203702783515
cleanStatic,train,20,20.00756188,9,19,499939047,500439047,5517191.007076,4712837.874821961,shuffled_k3,3,0.25962216799089516
cleanStatic,train,20,20.00756188,9,19,499939047,500439047,5517191.007076,4712837.874821961,analytic_sparse_k5,5,0.15880871928657192
cleanStatic,train,20,20.00756188,9,19,499939047,500439047,5517191.007076,4712837.874821961,uniform_k5,5,0.16055496931407273
cleanStatic,train,20,20.00756188,9,19,499939047,500439047,5517191.007076,4712837.874821961,shuffled_k5,5,0.16697167355449913
cleanStatic,train,20,20.00756188,9,19,499939047,500439047,5517191.007076,4712837.874821961,analytic_sparse_k9,9,0.11372008380476745
cleanStatic,train,20,20.00756188,9,19,499939047,500439047,5517191.007076,4712837.874821961,uniform_k9,9,0.07682041482104474
cleanStatic,train,20,20.00756188,9,19,499939047,500439047,5517191.007076,4712837.874821961,shuffled_k9,9,0.14822019661093153
cleanStatic,train,20,20.00756188,9,19,499939047,500439047,5517191.007076,4712837.874821961,ai_sparse_k3,3,0.39716061599834757
cleanStatic,train,20,20.00756188,9,19,499939047,500439047,5517191.007076,4712837.874821961,pg_scc_k3,3,0.10364153888586959
cleanStatic,train,20,20.00756188,9,19,499939047,500439047,5517191.007076,4712837.874821961,ai_sparse_k5,5,0.5709535768322656
cleanStatic,train,20,20.00756188,9,19,499939047,500439047,5517191.007076,4712837.874821961,pg_scc_k5,5,0.0880583006534124
cleanStatic,train,20,20.00756188,9,19,499939047,500439047,5517191.007076,4712837.874821961,ai_sparse_k9,9,0.11667811917557153
cleanStatic,train,20,20.00756188,9,19,499939047,500439047,5517191.007076,4712837.874821961,pg_scc_k9,9,0.0317206884938391
cleanStatic,train,20,20.00756188,9,19,499939047,500439047,5517191.007076,4712837.874821961,epl3,3,0.1381129653609534
cleanStatic,train,20,20.00756188,9,19,499939047,500439047,5517191.007076,4712837.874821961,fixed9,9,0.16811490352734312
cleanStatic,train,20,20.00756188,9,19,499939047,500439047,5517191.007076,4712837.874821961,random1_k3,3,0.15047969494951882
cleanStatic,train,20,20.00756188,9,19,499939047,500439047,5517191.007076,4712837.874821961,random2_k3,3,0.019883570137067857
cleanStatic,train,20,20.00756188,9,19,499939047,500439047,5517191.007076,4712837.874821961,random3_k3,3,0.4081699228725655
cleanStatic,train,20,20.00756188,9,19,499939047,500439047,5517191.007076,4712837.874821961,random4_k3,3,0.10291954077153985
cleanStatic,train,20,20.00756188,9,19,499939047,500439047,5517191.007076,4712837.874821961,random5_k3,3,0.12560762885350754
cleanStatic,train,20,20.00756188,9,19,499939047,500439047,5517191.007076,4712837.874821961,random1_k5,5,0.06341056802968784
cleanStatic,train,20,20.00756188,9,19,499939047,500439047,5517191.007076,4712837.874821961,random2_k5,5,0.06346293424393168
cleanStatic,train,20,20.00756188,9,19,499939047,500439047,5517191.007076,4712837.874821961,random3_k5,5,0.04510709564284854
cleanStatic,train,20,20.00756188,9,19,499939047,500439047,5517191.007076,4712837.874821961,random4_k5,5,0.11922897153149462
cleanStatic,train,20,20.00756188,9,19,499939047,500439047,5517191.007076,4712837.874821961,random5_k5,5,0.16939939043730204
cleanStatic,train,20,20.00756188,9,19,499939047,500439047,5517191.007076,4712837.874821961,random1_k9,9,0.33436281745139723
cleanStatic,train,20,20.00756188,9,19,499939047,500439047,5517191.007076,4712837.874821961,random2_k9,9,0.07838432511188387
cleanStatic,train,20,20.00756188,9,19,499939047,500439047,5517191.007076,4712837.874821961,random3_k9,9,0.09606966433558391
cleanStatic,train,20,20.00756188,9,19,499939047,500439047,5517191.007076,4712837.874821961,random4_k9,9,0.028370960584795282
cleanStatic,train,20,20.00756188,9,19,499939047,500439047,5517191.007076,4712837.874821961,random5_k9,9,0.16063164259150067
cleanStatic,train,20,19.99060676,10,23,499515169,500015169,5520413.934646,6852459.197418893,dense_two_source_glrt,187,0.05068548475037137
cleanStatic,train,20,19.99060676,10,23,499515169,500015169,5520413.934646,6852459.197418893,dense_one_source_residual,187,0.339692627337716
cleanStatic,train,20,19.99060676,10,23,499515169,500015169,5520413.934646,6852459.197418893,raw_power_only,0,5520413.934646
cleanStatic,train,20,19.99060676,10,23,499515169,500015169,5520413.934646,6852459.197418893,analytic_sparse_k3,3,0.19226178413509643
cleanStatic,train,20,19.99060676,10,23,499515169,500015169,5520413.934646,6852459.197418893,uniform_k3,3,0.21304849309358653
cleanStatic,train,20,19.99060676,10,23,499515169,500015169,5520413.934646,6852459.197418893,shuffled_k3,3,0.15319559909108127
cleanStatic,train,20,19.99060676,10,23,499515169,500015169,5520413.934646,6852459.197418893,analytic_sparse_k5,5,0.2663853242309077
cleanStatic,train,20,19.99060676,10,23,499515169,500015169,5520413.934646,6852459.197418893,uniform_k5,5,0.12056855935858932
cleanStatic,train,20,19.99060676,10,23,499515169,500015169,5520413.934646,6852459.197418893,shuffled_k5,5,0.36528598787686845
cleanStatic,train,20,19.99060676,10,23,499515169,500015169,5520413.934646,6852459.197418893,analytic_sparse_k9,9,0.2388157070965557
cleanStatic,train,20,19.99060676,10,23,499515169,500015169,5520413.934646,6852459.197418893,uniform_k9,9,0.0335703251304629
cleanStatic,train,20,19.99060676,10,23,499515169,500015169,5520413.934646,6852459.197418893,shuffled_k9,9,0.16649016081695056
cleanStatic,train,20,19.99060676,10,23,499515169,500015169,5520413.934646,6852459.197418893,ai_sparse_k3,3,0.22722167565679321
cleanStatic,train,20,19.99060676,10,23,499515169,500015169,5520413.934646,6852459.197418893,pg_scc_k3,3,0.36898946174063735
cleanStatic,train,20,19.99060676,10,23,499515169,500015169,5520413.934646,6852459.197418893,ai_sparse_k5,5,0.22373895696350835
cleanStatic,train,20,19.99060676,10,23,499515169,500015169,5520413.934646,6852459.197418893,pg_scc_k5,5,0.09867095439027232
cleanStatic,train,20,19.99060676,10,23,499515169,500015169,5520413.934646,6852459.197418893,ai_sparse_k9,9,0.20850602931535914
cleanStatic,train,20,19.99060676,10,23,499515169,500015169,5520413.934646,6852459.197418893,pg_scc_k9,9,0.12673185333130252
cleanStatic,train,20,19.99060676,10,23,499515169,500015169,5520413.934646,6852459.197418893,epl3,3,0.21093084763933176
cleanStatic,train,20,19.99060676,10,23,499515169,500015169,5520413.934646,6852459.197418893,fixed9,9,0.2937055982006305
cleanStatic,train,20,19.99060676,10,23,499515169,500015169,5520413.934646,6852459.197418893,random1_k3,3,0.3377342442106573
cleanStatic,train,20,19.99060676,10,23,499515169,500015169,5520413.934646,6852459.197418893,random2_k3,3,0.42872754805494706
cleanStatic,train,20,19.99060676,10,23,499515169,500015169,5520413.934646,6852459.197418893,random3_k3,3,0.18560705549367987
cleanStatic,train,20,19.99060676,10,23,499515169,500015169,5520413.934646,6852459.197418893,random4_k3,3,0.08635544258585036
cleanStatic,train,20,19.99060676,10,23,499515169,500015169,5520413.934646,6852459.197418893,random5_k3,3,0.236766294199824
cleanStatic,train,20,19.99060676,10,23,499515169,500015169,5520413.934646,6852459.197418893,random1_k5,5,0.0799126663820608
cleanStatic,train,20,19.99060676,10,23,499515169,500015169,5520413.934646,6852459.197418893,random2_k5,5,0.11984695820471236
cleanStatic,train,20,19.99060676,10,23,499515169,500015169,5520413.934646,6852459.197418893,random3_k5,5,0.15790144474789108
cleanStatic,train,20,19.99060676,10,23,499515169,500015169,5520413.934646,6852459.197418893,random4_k5,5,0.16925623297754766
cleanStatic,train,20,19.99060676,10,23,499515169,500015169,5520413.934646,6852459.197418893,random5_k5,5,0.142947902097737
cleanStatic,train,20,19.99060676,10,23,499515169,500015169,5520413.934646,6852459.197418893,random1_k9,9,0.08773569799536156
cleanStatic,train,20,19.99060676,10,23,499515169,500015169,5520413.934646,6852459.197418893,random2_k9,9,0.1179787319556787
cleanStatic,train,20,19.99060676,10,23,499515169,500015169,5520413.934646,6852459.197418893,random3_k9,9,0.06348198492573573
cleanStatic,train,20,19.99060676,10,23,499515169,500015169,5520413.934646,6852459.197418893,random4_k9,9,0.1314310072999826
cleanStatic,train,20,19.99060676,10,23,499515169,500015169,5520413.934646,6852459.197418893,random5_k9,9,0.03813830880341307
cleanStatic,train,22,21.99024228,0,16,549506057,550006057,5525138.483738,5345708.53523176,dense_two_source_glrt,187,0.06872365402388333
cleanStatic,train,22,21.99024228,0,16,549506057,550006057,5525138.483738,5345708.53523176,dense_one_source_residual,187,0.6343828395285528
cleanStatic,train,22,21.99024228,0,16,549506057,550006057,5525138.483738,5345708.53523176,raw_power_only,0,5525138.483738
cleanStatic,train,22,21.99024228,0,16,549506057,550006057,5525138.483738,5345708.53523176,analytic_sparse_k3,3,0.6448997565211515
cleanStatic,train,22,21.99024228,0,16,549506057,550006057,5525138.483738,5345708.53523176,uniform_k3,3,0.470707382816951
cleanStatic,train,22,21.99024228,0,16,549506057,550006057,5525138.483738,5345708.53523176,shuffled_k3,3,0.49082066973880606
cleanStatic,train,22,21.99024228,0,16,549506057,550006057,5525138.483738,5345708.53523176,analytic_sparse_k5,5,0.6887658678131736
cleanStatic,train,22,21.99024228,0,16,549506057,550006057,5525138.483738,5345708.53523176,uniform_k5,5,0.17323381907425403
cleanStatic,train,22,21.99024228,0,16,549506057,550006057,5525138.483738,5345708.53523176,shuffled_k5,5,0.4632415600753082
cleanStatic,train,22,21.99024228,0,16,549506057,550006057,5525138.483738,5345708.53523176,analytic_sparse_k9,9,0.5185483241807629
cleanStatic,train,22,21.99024228,0,16,549506057,550006057,5525138.483738,5345708.53523176,uniform_k9,9,0.06108555603765699
cleanStatic,train,22,21.99024228,0,16,549506057,550006057,5525138.483738,5345708.53523176,shuffled_k9,9,0.09186579492124686
cleanStatic,train,22,21.99024228,0,16,549506057,550006057,5525138.483738,5345708.53523176,ai_sparse_k3,3,0.18665123746949464
cleanStatic,train,22,21.99024228,0,16,549506057,550006057,5525138.483738,5345708.53523176,pg_scc_k3,3,0.2502857802451252
cleanStatic,train,22,21.99024228,0,16,549506057,550006057,5525138.483738,5345708.53523176,ai_sparse_k5,5,0.13125774283653682
cleanStatic,train,22,21.99024228,0,16,549506057,550006057,5525138.483738,5345708.53523176,pg_scc_k5,5,0.2060577604030002
cleanStatic,train,22,21.99024228,0,16,549506057,550006057,5525138.483738,5345708.53523176,ai_sparse_k9,9,0.1442579338218314
cleanStatic,train,22,21.99024228,0,16,549506057,550006057,5525138.483738,5345708.53523176,pg_scc_k9,9,0.1798056340998403
cleanStatic,train,22,21.99024228,0,16,549506057,550006057,5525138.483738,5345708.53523176,epl3,3,0.1716230302334918
cleanStatic,train,22,21.99024228,0,16,549506057,550006057,5525138.483738,5345708.53523176,fixed9,9,0.058335392635774065
cleanStatic,train,22,21.99024228,0,16,549506057,550006057,5525138.483738,5345708.53523176,random1_k3,3,0.6168942868310652
cleanStatic,train,22,21.99024228,0,16,549506057,550006057,5525138.483738,5345708.53523176,random2_k3,3,0.9299329027001283
cleanStatic,train,22,21.99024228,0,16,549506057,550006057,5525138.483738,5345708.53523176,random3_k3,3,0.24611891969939662
cleanStatic,train,22,21.99024228,0,16,549506057,550006057,5525138.483738,5345708.53523176,random4_k3,3,0.15765626194916174
cleanStatic,train,22,21.99024228,0,16,549506057,550006057,5525138.483738,5345708.53523176,random5_k3,3,0.2223767015589988
cleanStatic,train,22,21.99024228,0,16,549506057,550006057,5525138.483738,5345708.53523176,random1_k5,5,0.4553165813811825
cleanStatic,train,22,21.99024228,0,16,549506057,550006057,5525138.483738,5345708.53523176,random2_k5,5,0.25773912067790417
cleanStatic,train,22,21.99024228,0,16,549506057,550006057,5525138.483738,5345708.53523176,random3_k5,5,0.19749270799491195
cleanStatic,train,22,21.99024228,0,16,549506057,550006057,5525138.483738,5345708.53523176,random4_k5,5,0.5982272767789351
cleanStatic,train,22,21.99024228,0,16,549506057,550006057,5525138.483738,5345708.53523176,random5_k5,5,0.17274254485274848
cleanStatic,train,22,21.99024228,0,16,549506057,550006057,5525138.483738,5345708.53523176,random1_k9,9,0.29833254648380997
cleanStatic,train,22,21.99024228,0,16,549506057,550006057,5525138.483738,5345708.53523176,random2_k9,9,0.38618377159337963
cleanStatic,train,22,21.99024228,0,16,549506057,550006057,5525138.483738,5345708.53523176,random3_k9,9,0.1674304426415077
cleanStatic,train,22,21.99024228,0,16,549506057,550006057,5525138.483738,5345708.53523176,random4_k9,9,0.17629513017431162
cleanStatic,train,22,21.99024228,0,16,549506057,550006057,5525138.483738,5345708.53523176,random5_k9,9,0.16453965594177897
cleanStatic,train,22,21.9905584,2,3,549513960,550013960,5527442.133916,5789036.984112477,dense_two_source_glrt,187,0.24281120706116618
cleanStatic,train,22,21.9905584,2,3,549513960,550013960,5527442.133916,5789036.984112477,dense_one_source_residual,187,0.5986437403708605
cleanStatic,train,22,21.9905584,2,3,549513960,550013960,5527442.133916,5789036.984112477,raw_power_only,0,5527442.133916
cleanStatic,train,22,21.9905584,2,3,549513960,550013960,5527442.133916,5789036.984112477,analytic_sparse_k3,3,0.015776865705606713
cleanStatic,train,22,21.9905584,2,3,549513960,550013960,5527442.133916,5789036.984112477,uniform_k3,3,0.45731075216624345
cleanStatic,train,22,21.9905584,2,3,549513960,550013960,5527442.133916,5789036.984112477,shuffled_k3,3,0.37376470963863184
cleanStatic,train,22,21.9905584,2,3,549513960,550013960,5527442.133916,5789036.984112477,analytic_sparse_k5,5,0.3655740581948813
cleanStatic,train,22,21.9905584,2,3,549513960,550013960,5527442.133916,5789036.984112477,uniform_k5,5,0.11685217101315297
cleanStatic,train,22,21.9905584,2,3,549513960,550013960,5527442.133916,5789036.984112477,shuffled_k5,5,0.18996772915132998
cleanStatic,train,22,21.9905584,2,3,549513960,550013960,5527442.133916,5789036.984112477,analytic_sparse_k9,9,0.26398905749310986
cleanStatic,train,22,21.9905584,2,3,549513960,550013960,5527442.133916,5789036.984112477,uniform_k9,9,0.175156037891124
cleanStatic,train,22,21.9905584,2,3,549513960,550013960,5527442.133916,5789036.984112477,shuffled_k9,9,0.42439122523693296
cleanStatic,train,22,21.9905584,2,3,549513960,550013960,5527442.133916,5789036.984112477,ai_sparse_k3,3,0.4574943443345995
cleanStatic,train,22,21.9905584,2,3,549513960,550013960,5527442.133916,5789036.984112477,pg_scc_k3,3,0.1941919165858487
cleanStatic,train,22,21.9905584,2,3,549513960,550013960,5527442.133916,5789036.984112477,ai_sparse_k5,5,0.6262206325292634
cleanStatic,train,22,21.9905584,2,3,549513960,550013960,5527442.133916,5789036.984112477,pg_scc_k5,5,0.25743308278770594
cleanStatic,train,22,21.9905584,2,3,549513960,550013960,5527442.133916,5789036.984112477,ai_sparse_k9,9,0.4081730811301084
cleanStatic,train,22,21.9905584,2,3,549513960,550013960,5527442.133916,5789036.984112477,pg_scc_k9,9,0.24893358626872283
cleanStatic,train,22,21.9905584,2,3,549513960,550013960,5527442.133916,5789036.984112477,epl3,3,0.3692243908057045
cleanStatic,train,22,21.9905584,2,3,549513960,550013960,5527442.133916,5789036.984112477,fixed9,9,0.27095781529993
cleanStatic,train,22,21.9905584,2,3,549513960,550013960,5527442.133916,5789036.984112477,random1_k3,3,0.27740250010835704
cleanStatic,train,22,21.9905584,2,3,549513960,550013960,5527442.133916,5789036.984112477,random2_k3,3,0.37107121626781864
cleanStatic,train,22,21.9905584,2,3,549513960,550013960,5527442.133916,5789036.984112477,random3_k3,3,0.21139893187466996
cleanStatic,train,22,21.9905584,2,3,549513960,550013960,5527442.133916,5789036.984112477,random4_k3,3,0.34116808366582446
cleanStatic,train,22,21.9905584,2,3,549513960,550013960,5527442.133916,5789036.984112477,random5_k3,3,0.14978908028834942
cleanStatic,train,22,21.9905584,2,3,549513960,550013960,5527442.133916,5789036.984112477,random1_k5,5,0.46666743324310794
cleanStatic,train,22,21.9905584,2,3,549513960,550013960,5527442.133916,5789036.984112477,random2_k5,5,0.2754092317068505
cleanStatic,train,22,21.9905584,2,3,549513960,550013960,5527442.133916,5789036.984112477,random3_k5,5,0.35704671379385516
cleanStatic,train,22,21.9905584,2,3,549513960,550013960,5527442.133916,5789036.984112477,random4_k5,5,0.153592672290419
cleanStatic,train,22,21.9905584,2,3,549513960,550013960,5527442.133916,5789036.984112477,random5_k5,5,0.5986194297273337
cleanStatic,train,22,21.9905584,2,3,549513960,550013960,5527442.133916,5789036.984112477,random1_k9,9,0.49700803947573324
cleanStatic,train,22,21.9905584,2,3,549513960,550013960,5527442.133916,5789036.984112477,random2_k9,9,0.24021589281651826
cleanStatic,train,22,21.9905584,2,3,549513960,550013960,5527442.133916,5789036.984112477,random3_k9,9,0.4421918447356823
cleanStatic,train,22,21.9905584,2,3,549513960,550013960,5527442.133916,5789036.984112477,random4_k9,9,0.40383331921926546
cleanStatic,train,22,21.9905584,2,3,549513960,550013960,5527442.133916,5789036.984112477,random5_k9,9,0.3096533436327178
cleanStatic,train,22,21.99628708,3,20,549657177,550157177,5527282.593653999,2247077.978214081,dense_two_source_glrt,187,0.28835495125869776
cleanStatic,train,22,21.99628708,3,20,549657177,550157177,5527282.593653999,2247077.978214081,dense_one_source_residual,187,1.6998752144480316
cleanStatic,train,22,21.99628708,3,20,549657177,550157177,5527282.593653999,2247077.978214081,raw_power_only,0,5527282.593653999
cleanStatic,train,22,21.99628708,3,20,549657177,550157177,5527282.593653999,2247077.978214081,analytic_sparse_k3,3,0.6201850926764715
cleanStatic,train,22,21.99628708,3,20,549657177,550157177,5527282.593653999,2247077.978214081,uniform_k3,3,0.31376540278708925
cleanStatic,train,22,21.99628708,3,20,549657177,550157177,5527282.593653999,2247077.978214081,shuffled_k3,3,0.7572519982393424
cleanStatic,train,22,21.99628708,3,20,549657177,550157177,5527282.593653999,2247077.978214081,analytic_sparse_k5,5,0.5097461610567958
cleanStatic,train,22,21.99628708,3,20,549657177,550157177,5527282.593653999,2247077.978214081,uniform_k5,5,0.5084672666061714
cleanStatic,train,22,21.99628708,3,20,549657177,550157177,5527282.593653999,2247077.978214081,shuffled_k5,5,0.3462506431392221
cleanStatic,train,22,21.99628708,3,20,549657177,550157177,5527282.593653999,2247077.978214081,analytic_sparse_k9,9,0.38694413338246064
cleanStatic,train,22,21.99628708,3,20,549657177,550157177,5527282.593653999,2247077.978214081,uniform_k9,9,0.30699488849625073
cleanStatic,train,22,21.99628708,3,20,549657177,550157177,5527282.593653999,2247077.978214081,shuffled_k9,9,1.4636355139495008
cleanStatic,train,22,21.99628708,3,20,549657177,550157177,5527282.593653999,2247077.978214081,ai_sparse_k3,3,1.186381238221738
cleanStatic,train,22,21.99628708,3,20,549657177,550157177,5527282.593653999,2247077.978214081,pg_scc_k3,3,0.6283233784600634
cleanStatic,train,22,21.99628708,3,20,549657177,550157177,5527282.593653999,2247077.978214081,ai_sparse_k5,5,1.0740040692996473
cleanStatic,train,22,21.99628708,3,20,549657177,550157177,5527282.593653999,2247077.978214081,pg_scc_k5,5,0.4367186113830647
cleanStatic,train,22,21.99628708,3,20,549657177,550157177,5527282.593653999,2247077.978214081,ai_sparse_k9,9,0.38262570932012746
cleanStatic,train,22,21.99628708,3,20,549657177,550157177,5527282.593653999,2247077.978214081,pg_scc_k9,9,0.31246383273277406
cleanStatic,train,22,21.99628708,3,20,549657177,550157177,5527282.593653999,2247077.978214081,epl3,3,2.540234262614683
cleanStatic,train,22,21.99628708,3,20,549657177,550157177,5527282.593653999,2247077.978214081,fixed9,9,1.0001508184504084
cleanStatic,train,22,21.99628708,3,20,549657177,550157177,5527282.593653999,2247077.978214081,random1_k3,3,2.521152099428862
cleanStatic,train,22,21.99628708,3,20,549657177,550157177,5527282.593653999,2247077.978214081,random2_k3,3,0.8708957340877284
cleanStatic,train,22,21.99628708,3,20,549657177,550157177,5527282.593653999,2247077.978214081,random3_k3,3,0.4505605141649856
cleanStatic,train,22,21.99628708,3,20,549657177,550157177,5527282.593653999,2247077.978214081,random4_k3,3,1.4934970933843488
cleanStatic,train,22,21.99628708,3,20,549657177,550157177,5527282.593653999,2247077.978214081,random5_k3,3,1.0458093532333559
cleanStatic,train,22,21.99628708,3,20,549657177,550157177,5527282.593653999,2247077.978214081,random1_k5,5,0.3629334677659094
cleanStatic,train,22,21.99628708,3,20,549657177,550157177,5527282.593653999,2247077.978214081,random2_k5,5,0.1768152691173443
cleanStatic,train,22,21.99628708,3,20,549657177,550157177,5527282.593653999,2247077.978214081,random3_k5,5,0.37336222751435033
cleanStatic,train,22,21.99628708,3,20,549657177,550157177,5527282.593653999,2247077.978214081,random4_k5,5,0.6857050429991551
cleanStatic,train,22,21.99628708,3,20,549657177,550157177,5527282.593653999,2247077.978214081,random5_k5,5,1.1083760900206725
cleanStatic,train,22,21.99628708,3,20,549657177,550157177,5527282.593653999,2247077.978214081,random1_k9,9,0.23515626604620643
cleanStatic,train,22,21.99628708,3,20,549657177,550157177,5527282.593653999,2247077.978214081,random2_k9,9,0.5969973110554214
cleanStatic,train,22,21.99628708,3,20,549657177,550157177,5527282.593653999,2247077.978214081,random3_k9,9,0.6777119238566915
cleanStatic,train,22,21.99628708,3,20,549657177,550157177,5527282.593653999,2247077.978214081,random4_k9,9,0.37740367810351244
cleanStatic,train,22,21.99628708,3,20,549657177,550157177,5527282.593653999,2247077.978214081,random5_k9,9,0.6765253339232795
cleanStatic,train,22,22.08358972,4,30,551839743,552339743,5519628.466936002,2108212.851534234,dense_two_source_glrt,187,1.0326408728185865
cleanStatic,train,22,22.08358972,4,30,551839743,552339743,5519628.466936002,2108212.851534234,dense_one_source_residual,187,4.120691095230723
cleanStatic,train,22,22.08358972,4,30,551839743,552339743,5519628.466936002,2108212.851534234,raw_power_only,0,5519628.466936002
cleanStatic,train,22,22.08358972,4,30,551839743,552339743,5519628.466936002,2108212.851534234,analytic_sparse_k3,3,0.6537786365729313
cleanStatic,train,22,22.08358972,4,30,551839743,552339743,5519628.466936002,2108212.851534234,uniform_k3,3,1.0017755680934364
cleanStatic,train,22,22.08358972,4,30,551839743,552339743,5519628.466936002,2108212.851534234,shuffled_k3,3,0.9752324872620811
cleanStatic,train,22,22.08358972,4,30,551839743,552339743,5519628.466936002,2108212.851534234,analytic_sparse_k5,5,0.8978439287318721
cleanStatic,train,22,22.08358972,4,30,551839743,552339743,5519628.466936002,2108212.851534234,uniform_k5,5,2.4573703578074615
cleanStatic,train,22,22.08358972,4,30,551839743,552339743,5519628.466936002,2108212.851534234,shuffled_k5,5,0.6218462897325798
cleanStatic,train,22,22.08358972,4,30,551839743,552339743,5519628.466936002,2108212.851534234,analytic_sparse_k9,9,0.9334129606240962
cleanStatic,train,22,22.08358972,4,30,551839743,552339743,5519628.466936002,2108212.851534234,uniform_k9,9,0.46474891527936296
cleanStatic,train,22,22.08358972,4,30,551839743,552339743,5519628.466936002,2108212.851534234,shuffled_k9,9,2.21967027029494
cleanStatic,train,22,22.08358972,4,30,551839743,552339743,5519628.466936002,2108212.851534234,ai_sparse_k3,3,1.7455632218591468
cleanStatic,train,22,22.08358972,4,30,551839743,552339743,5519628.466936002,2108212.851534234,pg_scc_k3,3,1.5422909264176807
cleanStatic,train,22,22.08358972,4,30,551839743,552339743,5519628.466936002,2108212.851534234,ai_sparse_k5,5,2.5305555198549095
cleanStatic,train,22,22.08358972,4,30,551839743,552339743,5519628.466936002,2108212.851534234,pg_scc_k5,5,0.5986581125642022
cleanStatic,train,22,22.08358972,4,30,551839743,552339743,5519628.466936002,2108212.851534234,ai_sparse_k9,9,2.6641405112071856
cleanStatic,train,22,22.08358972,4,30,551839743,552339743,5519628.466936002,2108212.851534234,pg_scc_k9,9,0.6888608505769097
cleanStatic,train,22,22.08358972,4,30,551839743,552339743,5519628.466936002,2108212.851534234,epl3,3,2.663113027532433
cleanStatic,train,22,22.08358972,4,30,551839743,552339743,5519628.466936002,2108212.851534234,fixed9,9,2.585950846259994
cleanStatic,train,22,22.08358972,4,30,551839743,552339743,5519628.466936002,2108212.851534234,random1_k3,3,4.357028403336245
cleanStatic,train,22,22.08358972,4,30,551839743,552339743,5519628.466936002,2108212.851534234,random2_k3,3,5.86186465206097
cleanStatic,train,22,22.08358972,4,30,551839743,552339743,5519628.466936002,2108212.851534234,random3_k3,3,2.50955878097677
cleanStatic,train,22,22.08358972,4,30,551839743,552339743,5519628.466936002,2108212.851534234,random4_k3,3,4.119706564151732
cleanStatic,train,22,22.08358972,4,30,551839743,552339743,5519628.466936002,2108212.851534234,random5_k3,3,0.5209912730384713
cleanStatic,train,22,22.08358972,4,30,551839743,552339743,5519628.466936002,2108212.851534234,random1_k5,5,1.0542024679626145
cleanStatic,train,22,22.08358972,4,30,551839743,552339743,5519628.466936002,2108212.851534234,random2_k5,5,0.7986204096031446
cleanStatic,train,22,22.08358972,4,30,551839743,552339743,5519628.466936002,2108212.851534234,random3_k5,5,0.5830681769175872
cleanStatic,train,22,22.08358972,4,30,551839743,552339743,5519628.466936002,2108212.851534234,random4_k5,5,1.8393113177105451
cleanStatic,train,22,22.08358972,4,30,551839743,552339743,5519628.466936002,2108212.851534234,random5_k5,5,4.254780012997498
cleanStatic,train,22,22.08358972,4,30,551839743,552339743,5519628.466936002,2108212.851534234,random1_k9,9,0.7564114839348453
cleanStatic,train,22,22.08358972,4,30,551839743,552339743,5519628.466936002,2108212.851534234,random2_k9,9,0.9290287658519512
cleanStatic,train,22,22.08358972,4,30,551839743,552339743,5519628.466936002,2108212.851534234,random3_k9,9,2.672609062499572
cleanStatic,train,22,22.08358972,4,30,551839743,552339743,5519628.466936002,2108212.851534234,random4_k9,9,3.2473955588646035
cleanStatic,train,22,22.08358972,4,30,551839743,552339743,5519628.466936002,2108212.851534234,random5_k9,9,3.452269217131008
cleanStatic,train,22,21.99064888,5,6,549516222,550016222,5526714.4643399995,4651181.695534352,dense_two_source_glrt,187,0.11985404755850854
cleanStatic,train,22,21.99064888,5,6,549516222,550016222,5526714.4643399995,4651181.695534352,dense_one_source_residual,187,0.34428121526070526
cleanStatic,train,22,21.99064888,5,6,549516222,550016222,5526714.4643399995,4651181.695534352,raw_power_only,0,5526714.4643399995
cleanStatic,train,22,21.99064888,5,6,549516222,550016222,5526714.4643399995,4651181.695534352,analytic_sparse_k3,3,0.12988247488895752
cleanStatic,train,22,21.99064888,5,6,549516222,550016222,5526714.4643399995,4651181.695534352,uniform_k3,3,0.14765357772849144
cleanStatic,train,22,21.99064888,5,6,549516222,550016222,5526714.4643399995,4651181.695534352,shuffled_k3,3,0.21059636105428817
cleanStatic,train,22,21.99064888,5,6,549516222,550016222,5526714.4643399995,4651181.695534352,analytic_sparse_k5,5,0.17621978324229998
cleanStatic,train,22,21.99064888,5,6,549516222,550016222,5526714.4643399995,4651181.695534352,uniform_k5,5,0.15921806815744452
cleanStatic,train,22,21.99064888,5,6,549516222,550016222,5526714.4643399995,4651181.695534352,shuffled_k5,5,0.32885585316412647
cleanStatic,train,22,21.99064888,5,6,549516222,550016222,5526714.4643399995,4651181.695534352,analytic_sparse_k9,9,0.21840328658365968
cleanStatic,train,22,21.99064888,5,6,549516222,550016222,5526714.4643399995,4651181.695534352,uniform_k9,9,0.08302987714388634
cleanStatic,train,22,21.99064888,5,6,549516222,550016222,5526714.4643399995,4651181.695534352,shuffled_k9,9,0.337071763502257
cleanStatic,train,22,21.99064888,5,6,549516222,550016222,5526714.4643399995,4651181.695534352,ai_sparse_k3,3,0.04126547651004595
cleanStatic,train,22,21.99064888,5,6,549516222,550016222,5526714.4643399995,4651181.695534352,pg_scc_k3,3,0.14963366916233847
cleanStatic,train,22,21.99064888,5,6,549516222,550016222,5526714.4643399995,4651181.695534352,ai_sparse_k5,5,0.11913879150010276
cleanStatic,train,22,21.99064888,5,6,549516222,550016222,5526714.4643399995,4651181.695534352,pg_scc_k5,5,0.09918055148078657
cleanStatic,train,22,21.99064888,5,6,549516222,550016222,5526714.4643399995,4651181.695534352,ai_sparse_k9,9,0.1637224168745279
cleanStatic,train,22,21.99064888,5,6,549516222,550016222,5526714.4643399995,4651181.695534352,pg_scc_k9,9,0.0913931932915874
cleanStatic,train,22,21.99064888,5,6,549516222,550016222,5526714.4643399995,4651181.695534352,epl3,3,0.7587795515192375
cleanStatic,train,22,21.99064888,5,6,549516222,550016222,5526714.4643399995,4651181.695534352,fixed9,9,0.2748342507894342
cleanStatic,train,22,21.99064888,5,6,549516222,550016222,5526714.4643399995,4651181.695534352,random1_k3,3,0.27219584633550553
cleanStatic,train,22,21.99064888,5,6,549516222,550016222,5526714.4643399995,4651181.695534352,random2_k3,3,0.10807250517422572
cleanStatic,train,22,21.99064888,5,6,549516222,550016222,5526714.4643399995,4651181.695534352,random3_k3,3,0.35062084374211766
cleanStatic,train,22,21.99064888,5,6,549516222,550016222,5526714.4643399995,4651181.695534352,random4_k3,3,0.07723968588113331
cleanStatic,train,22,21.99064888,5,6,549516222,550016222,5526714.4643399995,4651181.695534352,random5_k3,3,0.04050382760993707
cleanStatic,train,22,21.99064888,5,6,549516222,550016222,5526714.4643399995,4651181.695534352,random1_k5,5,0.16868188378929042
cleanStatic,train,22,21.99064888,5,6,549516222,550016222,5526714.4643399995,4651181.695534352,random2_k5,5,0.20872602429497644
cleanStatic,train,22,21.99064888,5,6,549516222,550016222,5526714.4643399995,4651181.695534352,random3_k5,5,0.20084091742151902
cleanStatic,train,22,21.99064888,5,6,549516222,550016222,5526714.4643399995,4651181.695534352,random4_k5,5,0.3901074097229229
cleanStatic,train,22,21.99064888,5,6,549516222,550016222,5526714.4643399995,4651181.695534352,random5_k5,5,0.14886101730471984
cleanStatic,train,22,21.99064888,5,6,549516222,550016222,5526714.4643399995,4651181.695534352,random1_k9,9,0.14750148900886095
cleanStatic,train,22,21.99064888,5,6,549516222,550016222,5526714.4643399995,4651181.695534352,random2_k9,9,0.12198006294544705
cleanStatic,train,22,21.99064888,5,6,549516222,550016222,5526714.4643399995,4651181.695534352,random3_k9,9,0.19964167295907828
cleanStatic,train,22,21.99064888,5,6,549516222,550016222,5526714.4643399995,4651181.695534352,random4_k9,9,0.20013848870989678
cleanStatic,train,22,21.99064888,5,6,549516222,550016222,5526714.4643399995,4651181.695534352,random5_k9,9,0.08379832549021035
cleanStatic,train,22,22.00423164,6,7,549855791,550355791,5514283.073294001,4711646.834093574,dense_two_source_glrt,187,0.18638890377491696
cleanStatic,train,22,22.00423164,6,7,549855791,550355791,5514283.073294001,4711646.834093574,dense_one_source_residual,187,1.514784647937037
cleanStatic,train,22,22.00423164,6,7,549855791,550355791,5514283.073294001,4711646.834093574,raw_power_only,0,5514283.073294001
cleanStatic,train,22,22.00423164,6,7,549855791,550355791,5514283.073294001,4711646.834093574,analytic_sparse_k3,3,0.6602381140450552
cleanStatic,train,22,22.00423164,6,7,549855791,550355791,5514283.073294001,4711646.834093574,uniform_k3,3,1.457679827716013
cleanStatic,train,22,22.00423164,6,7,549855791,550355791,5514283.073294001,4711646.834093574,shuffled_k3,3,0.31302373593025307
cleanStatic,train,22,22.00423164,6,7,549855791,550355791,5514283.073294001,4711646.834093574,analytic_sparse_k5,5,0.5390152234008647
cleanStatic,train,22,22.00423164,6,7,549855791,550355791,5514283.073294001,4711646.834093574,uniform_k5,5,1.2544999370806242
cleanStatic,train,22,22.00423164,6,7,549855791,550355791,5514283.073294001,4711646.834093574,shuffled_k5,5,0.7481987627469611
cleanStatic,train,22,22.00423164,6,7,549855791,550355791,5514283.073294001,4711646.834093574,analytic_sparse_k9,9,0.29586286192727623
cleanStatic,train,22,22.00423164,6,7,549855791,550355791,5514283.073294001,4711646.834093574,uniform_k9,9,0.19835259049652917
cleanStatic,train,22,22.00423164,6,7,549855791,550355791,5514283.073294001,4711646.834093574,shuffled_k9,9,0.5495790525015551
cleanStatic,train,22,22.00423164,6,7,549855791,550355791,5514283.073294001,4711646.834093574,ai_sparse_k3,3,0.8426030652137081
cleanStatic,train,22,22.00423164,6,7,549855791,550355791,5514283.073294001,4711646.834093574,pg_scc_k3,3,0.19148093750968842
cleanStatic,train,22,22.00423164,6,7,549855791,550355791,5514283.073294001,4711646.834093574,ai_sparse_k5,5,0.7660992033342767
cleanStatic,train,22,22.00423164,6,7,549855791,550355791,5514283.073294001,4711646.834093574,pg_scc_k5,5,0.31505989512222793
cleanStatic,train,22,22.00423164,6,7,549855791,550355791,5514283.073294001,4711646.834093574,ai_sparse_k9,9,0.38902813933738517
cleanStatic,train,22,22.00423164,6,7,549855791,550355791,5514283.073294001,4711646.834093574,pg_scc_k9,9,0.18564144058407328
cleanStatic,train,22,22.00423164,6,7,549855791,550355791,5514283.073294001,4711646.834093574,epl3,3,0.7131269308133455
cleanStatic,train,22,22.00423164,6,7,549855791,550355791,5514283.073294001,4711646.834093574,fixed9,9,0.45670039976372906
cleanStatic,train,22,22.00423164,6,7,549855791,550355791,5514283.073294001,4711646.834093574,random1_k3,3,1.4799072681914456
cleanStatic,train,22,22.00423164,6,7,549855791,550355791,5514283.073294001,4711646.834093574,random2_k3,3,1.1353468954656634
cleanStatic,train,22,22.00423164,6,7,549855791,550355791,5514283.073294001,4711646.834093574,random3_k3,3,0.4820055752968048
cleanStatic,train,22,22.00423164,6,7,549855791,550355791,5514283.073294001,4711646.834093574,random4_k3,3,1.1799365802812511
cleanStatic,train,22,22.00423164,6,7,549855791,550355791,5514283.073294001,4711646.834093574,random5_k3,3,0.40605749417408105
cleanStatic,train,22,22.00423164,6,7,549855791,550355791,5514283.073294001,4711646.834093574,random1_k5,5,0.34006671726104665
cleanStatic,train,22,22.00423164,6,7,549855791,550355791,5514283.073294001,4711646.834093574,random2_k5,5,0.7217059542739334
cleanStatic,train,22,22.00423164,6,7,549855791,550355791,5514283.073294001,4711646.834093574,random3_k5,5,1.0171241762013978
cleanStatic,train,22,22.00423164,6,7,549855791,550355791,5514283.073294001,4711646.834093574,random4_k5,5,0.4052035822014554
cleanStatic,train,22,22.00423164,6,7,549855791,550355791,5514283.073294001,4711646.834093574,random5_k5,5,1.3143055873675091
cleanStatic,train,22,22.00423164,6,7,549855791,550355791,5514283.073294001,4711646.834093574,random1_k9,9,0.7307941541695694
cleanStatic,train,22,22.00423164,6,7,549855791,550355791,5514283.073294001,4711646.834093574,random2_k9,9,0.21956459220873567
cleanStatic,train,22,22.00423164,6,7,549855791,550355791,5514283.073294001,4711646.834093574,random3_k9,9,0.8796750401885356
cleanStatic,train,22,22.00423164,6,7,549855791,550355791,5514283.073294001,4711646.834093574,random4_k9,9,0.6632556502672418
cleanStatic,train,22,22.00423164,6,7,549855791,550355791,5514283.073294001,4711646.834093574,random5_k9,9,0.3831543089529169
cleanStatic,train,22,21.99038676,7,10,549509669,550009669,5528770.68337,2590145.325182846,dense_two_source_glrt,187,0.08923174345336629
cleanStatic,train,22,21.99038676,7,10,549509669,550009669,5528770.68337,2590145.325182846,dense_one_source_residual,187,1.6160336586377713
cleanStatic,train,22,21.99038676,7,10,549509669,550009669,5528770.68337,2590145.325182846,raw_power_only,0,5528770.68337
cleanStatic,train,22,21.99038676,7,10,549509669,550009669,5528770.68337,2590145.325182846,analytic_sparse_k3,3,0.6638849218813679
cleanStatic,train,22,21.99038676,7,10,549509669,550009669,5528770.68337,2590145.325182846,uniform_k3,3,0.14169798595294505
cleanStatic,train,22,21.99038676,7,10,549509669,550009669,5528770.68337,2590145.325182846,shuffled_k3,3,0.6108914663236306
cleanStatic,train,22,21.99038676,7,10,549509669,550009669,5528770.68337,2590145.325182846,analytic_sparse_k5,5,0.9052091466841989
cleanStatic,train,22,21.99038676,7,10,549509669,550009669,5528770.68337,2590145.325182846,uniform_k5,5,0.6069286387856379
cleanStatic,train,22,21.99038676,7,10,549509669,550009669,5528770.68337,2590145.325182846,shuffled_k5,5,0.5515204824416102
cleanStatic,train,22,21.99038676,7,10,549509669,550009669,5528770.68337,2590145.325182846,analytic_sparse_k9,9,0.4845773238696904
cleanStatic,train,22,21.99038676,7,10,549509669,550009669,5528770.68337,2590145.325182846,uniform_k9,9,0.19952820021650522
cleanStatic,train,22,21.99038676,7,10,549509669,550009669,5528770.68337,2590145.325182846,shuffled_k9,9,0.4682421080568844
cleanStatic,train,22,21.99038676,7,10,549509669,550009669,5528770.68337,2590145.325182846,ai_sparse_k3,3,1.5857648049447184
cleanStatic,train,22,21.99038676,7,10,549509669,550009669,5528770.68337,2590145.325182846,pg_scc_k3,3,1.1287891465504352
cleanStatic,train,22,21.99038676,7,10,549509669,550009669,5528770.68337,2590145.325182846,ai_sparse_k5,5,1.6266575693880092
cleanStatic,train,22,21.99038676,7,10,549509669,550009669,5528770.68337,2590145.325182846,pg_scc_k5,5,0.4151762590124264
cleanStatic,train,22,21.99038676,7,10,549509669,550009669,5528770.68337,2590145.325182846,ai_sparse_k9,9,0.8119536063279534
cleanStatic,train,22,21.99038676,7,10,549509669,550009669,5528770.68337,2590145.325182846,pg_scc_k9,9,0.18833698843513583
cleanStatic,train,22,21.99038676,7,10,549509669,550009669,5528770.68337,2590145.325182846,epl3,3,0.44701390086381787
cleanStatic,train,22,21.99038676,7,10,549509669,550009669,5528770.68337,2590145.325182846,fixed9,9,0.6594225019358331
cleanStatic,train,22,21.99038676,7,10,549509669,550009669,5528770.68337,2590145.325182846,random1_k3,3,0.9281270493257555
cleanStatic,train,22,21.99038676,7,10,549509669,550009669,5528770.68337,2590145.325182846,random2_k3,3,3.1891784869196624
cleanStatic,train,22,21.99038676,7,10,549509669,550009669,5528770.68337,2590145.325182846,random3_k3,3,0.8486774278279631
cleanStatic,train,22,21.99038676,7,10,549509669,550009669,5528770.68337,2590145.325182846,random4_k3,3,0.28116833730431073
cleanStatic,train,22,21.99038676,7,10,549509669,550009669,5528770.68337,2590145.325182846,random5_k3,3,1.352974727179052
cleanStatic,train,22,21.99038676,7,10,549509669,550009669,5528770.68337,2590145.325182846,random1_k5,5,0.4464553372066433
cleanStatic,train,22,21.99038676,7,10,549509669,550009669,5528770.68337,2590145.325182846,random2_k5,5,0.43954411460403325
cleanStatic,train,22,21.99038676,7,10,549509669,550009669,5528770.68337,2590145.325182846,random3_k5,5,0.804641742039473
cleanStatic,train,22,21.99038676,7,10,549509669,550009669,5528770.68337,2590145.325182846,random4_k5,5,0.11920280206112022
cleanStatic,train,22,21.99038676,7,10,549509669,550009669,5528770.68337,2590145.325182846,random5_k5,5,1.1702027528924481
cleanStatic,train,22,21.99038676,7,10,549509669,550009669,5528770.68337,2590145.325182846,random1_k9,9,0.9975882563824349
cleanStatic,train,22,21.99038676,7,10,549509669,550009669,5528770.68337,2590145.325182846,random2_k9,9,1.2329984775195242
cleanStatic,train,22,21.99038676,7,10,549509669,550009669,5528770.68337,2590145.325182846,random3_k9,9,0.2531606426031703
cleanStatic,train,22,21.99038676,7,10,549509669,550009669,5528770.68337,2590145.325182846,random4_k9,9,0.9451957096117893
cleanStatic,train,22,21.99038676,7,10,549509669,550009669,5528770.68337,2590145.325182846,random5_k9,9,0.18447253193259647
cleanStatic,train,22,21.99170792,8,13,549542698,550042698,5522926.997206,6794795.213728403,dense_two_source_glrt,187,0.03369232708795408
cleanStatic,train,22,21.99170792,8,13,549542698,550042698,5522926.997206,6794795.213728403,dense_one_source_residual,187,0.30757204840600605
cleanStatic,train,22,21.99170792,8,13,549542698,550042698,5522926.997206,6794795.213728403,raw_power_only,0,5522926.997206
cleanStatic,train,22,21.99170792,8,13,549542698,550042698,5522926.997206,6794795.213728403,analytic_sparse_k3,3,0.11331488791419375
cleanStatic,train,22,21.99170792,8,13,549542698,550042698,5522926.997206,6794795.213728403,uniform_k3,3,0.3002604988948835
cleanStatic,train,22,21.99170792,8,13,549542698,550042698,5522926.997206,6794795.213728403,shuffled_k3,3,0.08083173498517873
cleanStatic,train,22,21.99170792,8,13,549542698,550042698,5522926.997206,6794795.213728403,analytic_sparse_k5,5,0.12768409862322352
cleanStatic,train,22,21.99170792,8,13,549542698,550042698,5522926.997206,6794795.213728403,uniform_k5,5,0.12801463263783894
cleanStatic,train,22,21.99170792,8,13,549542698,550042698,5522926.997206,6794795.213728403,shuffled_k5,5,0.10816307866319072
cleanStatic,train,22,21.99170792,8,13,549542698,550042698,5522926.997206,6794795.213728403,analytic_sparse_k9,9,0.09248670283107484
cleanStatic,train,22,21.99170792,8,13,549542698,550042698,5522926.997206,6794795.213728403,uniform_k9,9,0.03858433886951726
cleanStatic,train,22,21.99170792,8,13,549542698,550042698,5522926.997206,6794795.213728403,shuffled_k9,9,0.14495683388102856
cleanStatic,train,22,21.99170792,8,13,549542698,550042698,5522926.997206,6794795.213728403,ai_sparse_k3,3,0.15334614954763484
cleanStatic,train,22,21.99170792,8,13,549542698,550042698,5522926.997206,6794795.213728403,pg_scc_k3,3,0.4770656248672287
cleanStatic,train,22,21.99170792,8,13,549542698,550042698,5522926.997206,6794795.213728403,ai_sparse_k5,5,0.14055692383126966
cleanStatic,train,22,21.99170792,8,13,549542698,550042698,5522926.997206,6794795.213728403,pg_scc_k5,5,0.2090498896949949
cleanStatic,train,22,21.99170792,8,13,549542698,550042698,5522926.997206,6794795.213728403,ai_sparse_k9,9,0.10404268539526823
cleanStatic,train,22,21.99170792,8,13,549542698,550042698,5522926.997206,6794795.213728403,pg_scc_k9,9,0.14228720051845628
cleanStatic,train,22,21.99170792,8,13,549542698,550042698,5522926.997206,6794795.213728403,epl3,3,0.19049097444018828
cleanStatic,train,22,21.99170792,8,13,549542698,550042698,5522926.997206,6794795.213728403,fixed9,9,0.1710917746696898
cleanStatic,train,22,21.99170792,8,13,549542698,550042698,5522926.997206,6794795.213728403,random1_k3,3,0.1665762159741383
cleanStatic,train,22,21.99170792,8,13,549542698,550042698,5522926.997206,6794795.213728403,random2_k3,3,0.4262036502443683
cleanStatic,train,22,21.99170792,8,13,549542698,550042698,5522926.997206,6794795.213728403,random3_k3,3,0.09950967535292239
cleanStatic,train,22,21.99170792,8,13,549542698,550042698,5522926.997206,6794795.213728403,random4_k3,3,0.05434772992468872
cleanStatic,train,22,21.99170792,8,13,549542698,550042698,5522926.997206,6794795.213728403,random5_k3,3,0.08501285881258848
cleanStatic,train,22,21.99170792,8,13,549542698,550042698,5522926.997206,6794795.213728403,random1_k5,5,0.1822277806616996
cleanStatic,train,22,21.99170792,8,13,549542698,550042698,5522926.997206,6794795.213728403,random2_k5,5,0.14359371113597086
cleanStatic,train,22,21.99170792,8,13,549542698,550042698,5522926.997206,6794795.213728403,random3_k5,5,0.16050633268553435
cleanStatic,train,22,21.99170792,8,13,549542698,550042698,5522926.997206,6794795.213728403,random4_k5,5,0.377799675165946
cleanStatic,train,22,21.99170792,8,13,549542698,550042698,5522926.997206,6794795.213728403,random5_k5,5,0.08713971167037371
cleanStatic,train,22,21.99170792,8,13,549542698,550042698,5522926.997206,6794795.213728403,random1_k9,9,0.23859174460388685
cleanStatic,train,22,21.99170792,8,13,549542698,550042698,5522926.997206,6794795.213728403,random2_k9,9,0.06245335120943866
cleanStatic,train,22,21.99170792,8,13,549542698,550042698,5522926.997206,6794795.213728403,random3_k9,9,0.06786097341851642
cleanStatic,train,22,21.99170792,8,13,549542698,550042698,5522926.997206,6794795.213728403,random4_k9,9,0.03830082988228973
cleanStatic,train,22,21.99170792,8,13,549542698,550042698,5522926.997206,6794795.213728403,random5_k9,9,0.0903727909020022
cleanStatic,train,22,22.00355856,9,19,549838964,550338964,5519027.576114001,4907117.178681646,dense_two_source_glrt,187,0.1319840329841378
cleanStatic,train,22,22.00355856,9,19,549838964,550338964,5519027.576114001,4907117.178681646,dense_one_source_residual,187,0.4842148559423903
cleanStatic,train,22,22.00355856,9,19,549838964,550338964,5519027.576114001,4907117.178681646,raw_power_only,0,5519027.576114001
cleanStatic,train,22,22.00355856,9,19,549838964,550338964,5519027.576114001,4907117.178681646,analytic_sparse_k3,3,0.1369016816536023
cleanStatic,train,22,22.00355856,9,19,549838964,550338964,5519027.576114001,4907117.178681646,uniform_k3,3,0.6526044066979649
cleanStatic,train,22,22.00355856,9,19,549838964,550338964,5519027.576114001,4907117.178681646,shuffled_k3,3,0.2332408625151099
cleanStatic,train,22,22.00355856,9,19,549838964,550338964,5519027.576114001,4907117.178681646,analytic_sparse_k5,5,0.1771123338114577
cleanStatic,train,22,22.00355856,9,19,549838964,550338964,5519027.576114001,4907117.178681646,uniform_k5,5,0.5653672685882707
cleanStatic,train,22,22.00355856,9,19,549838964,550338964,5519027.576114001,4907117.178681646,shuffled_k5,5,0.17915136301866103
cleanStatic,train,22,22.00355856,9,19,549838964,550338964,5519027.576114001,4907117.178681646,analytic_sparse_k9,9,0.18224269179514774
cleanStatic,train,22,22.00355856,9,19,549838964,550338964,5519027.576114001,4907117.178681646,uniform_k9,9,0.09230581358245053
cleanStatic,train,22,22.00355856,9,19,549838964,550338964,5519027.576114001,4907117.178681646,shuffled_k9,9,0.20442170894712064
cleanStatic,train,22,22.00355856,9,19,549838964,550338964,5519027.576114001,4907117.178681646,ai_sparse_k3,3,0.17150390353807443
cleanStatic,train,22,22.00355856,9,19,549838964,550338964,5519027.576114001,4907117.178681646,pg_scc_k3,3,0.15538971484727207
cleanStatic,train,22,22.00355856,9,19,549838964,550338964,5519027.576114001,4907117.178681646,ai_sparse_k5,5,0.3700251255883956
cleanStatic,train,22,22.00355856,9,19,549838964,550338964,5519027.576114001,4907117.178681646,pg_scc_k5,5,0.10528486562348541
cleanStatic,train,22,22.00355856,9,19,549838964,550338964,5519027.576114001,4907117.178681646,ai_sparse_k9,9,0.38868234219411757
cleanStatic,train,22,22.00355856,9,19,549838964,550338964,5519027.576114001,4907117.178681646,pg_scc_k9,9,0.10670428866505317
cleanStatic,train,22,22.00355856,9,19,549838964,550338964,5519027.576114001,4907117.178681646,epl3,3,0.33031854138026123
cleanStatic,train,22,22.00355856,9,19,549838964,550338964,5519027.576114001,4907117.178681646,fixed9,9,0.36877824105144136
cleanStatic,train,22,22.00355856,9,19,549838964,550338964,5519027.576114001,4907117.178681646,random1_k3,3,0.19354730293353115
cleanStatic,train,22,22.00355856,9,19,549838964,550338964,5519027.576114001,4907117.178681646,random2_k3,3,0.3457154027757565
cleanStatic,train,22,22.00355856,9,19,549838964,550338964,5519027.576114001,4907117.178681646,random3_k3,3,0.17492391910038227
cleanStatic,train,22,22.00355856,9,19,549838964,550338964,5519027.576114001,4907117.178681646,random4_k3,3,0.18847781350970924
cleanStatic,train,22,22.00355856,9,19,549838964,550338964,5519027.576114001,4907117.178681646,random5_k3,3,0.36052196058177094
cleanStatic,train,22,22.00355856,9,19,549838964,550338964,5519027.576114001,4907117.178681646,random1_k5,5,0.17053954831285736
cleanStatic,train,22,22.00355856,9,19,549838964,550338964,5519027.576114001,4907117.178681646,random2_k5,5,0.1991140253387468
cleanStatic,train,22,22.00355856,9,19,549838964,550338964,5519027.576114001,4907117.178681646,random3_k5,5,0.1639382746306991
cleanStatic,train,22,22.00355856,9,19,549838964,550338964,5519027.576114001,4907117.178681646,random4_k5,5,0.2576003737918765
cleanStatic,train,22,22.00355856,9,19,549838964,550338964,5519027.576114001,4907117.178681646,random5_k5,5,0.06944649351387677
cleanStatic,train,22,22.00355856,9,19,549838964,550338964,5519027.576114001,4907117.178681646,random1_k9,9,0.1625701080864249
cleanStatic,train,22,22.00355856,9,19,549838964,550338964,5519027.576114001,4907117.178681646,random2_k9,9,0.11126270085714908
cleanStatic,train,22,22.00355856,9,19,549838964,550338964,5519027.576114001,4907117.178681646,random3_k9,9,0.07413347989190583
cleanStatic,train,22,22.00355856,9,19,549838964,550338964,5519027.576114001,4907117.178681646,random4_k9,9,0.22064473828506304
cleanStatic,train,22,22.00355856,9,19,549838964,550338964,5519027.576114001,4907117.178681646,random5_k9,9,0.21588612325265846
cleanStatic,train,22,22.00260732,10,23,549815183,550315183,5517367.951954001,6857681.280504325,dense_two_source_glrt,187,0.07801933086237538
cleanStatic,train,22,22.00260732,10,23,549815183,550315183,5517367.951954001,6857681.280504325,dense_one_source_residual,187,0.34667055868509233
cleanStatic,train,22,22.00260732,10,23,549815183,550315183,5517367.951954001,6857681.280504325,raw_power_only,0,5517367.951954001
cleanStatic,train,22,22.00260732,10,23,549815183,550315183,5517367.951954001,6857681.280504325,analytic_sparse_k3,3,0.10473306848322222
cleanStatic,train,22,22.00260732,10,23,549815183,550315183,5517367.951954001,6857681.280504325,uniform_k3,3,1.019527292129891
cleanStatic,train,22,22.00260732,10,23,549815183,550315183,5517367.951954001,6857681.280504325,shuffled_k3,3,0.07118789867583665
cleanStatic,train,22,22.00260732,10,23,549815183,550315183,5517367.951954001,6857681.280504325,analytic_sparse_k5,5,0.05420247966173759
cleanStatic,train,22,22.00260732,10,23,549815183,550315183,5517367.951954001,6857681.280504325,uniform_k5,5,0.7066409425655797
cleanStatic,train,22,22.00260732,10,23,549815183,550315183,5517367.951954001,6857681.280504325,shuffled_k5,5,0.16498319035205442
cleanStatic,train,22,22.00260732,10,23,549815183,550315183,5517367.951954001,6857681.280504325,analytic_sparse_k9,9,0.026830600445273436
cleanStatic,train,22,22.00260732,10,23,549815183,550315183,5517367.951954001,6857681.280504325,uniform_k9,9,0.1051266131696013
cleanStatic,train,22,22.00260732,10,23,549815183,550315183,5517367.951954001,6857681.280504325,shuffled_k9,9,0.17378444732803505
cleanStatic,train,22,22.00260732,10,23,549815183,550315183,5517367.951954001,6857681.280504325,ai_sparse_k3,3,0.19446332546834974
cleanStatic,train,22,22.00260732,10,23,549815183,550315183,5517367.951954001,6857681.280504325,pg_scc_k3,3,0.12678046298846266
cleanStatic,train,22,22.00260732,10,23,549815183,550315183,5517367.951954001,6857681.280504325,ai_sparse_k5,5,0.32084061409754316
cleanStatic,train,22,22.00260732,10,23,549815183,550315183,5517367.951954001,6857681.280504325,pg_scc_k5,5,0.0710519810219407
cleanStatic,train,22,22.00260732,10,23,549815183,550315183,5517367.951954001,6857681.280504325,ai_sparse_k9,9,0.20102885552192928
cleanStatic,train,22,22.00260732,10,23,549815183,550315183,5517367.951954001,6857681.280504325,pg_scc_k9,9,0.0668955409407444
cleanStatic,train,22,22.00260732,10,23,549815183,550315183,5517367.951954001,6857681.280504325,epl3,3,0.23552709506166558
cleanStatic,train,22,22.00260732,10,23,549815183,550315183,5517367.951954001,6857681.280504325,fixed9,9,0.10697727034036891
cleanStatic,train,22,22.00260732,10,23,549815183,550315183,5517367.951954001,6857681.280504325,random1_k3,3,0.04943520825410716
cleanStatic,train,22,22.00260732,10,23,549815183,550315183,5517367.951954001,6857681.280504325,random2_k3,3,0.21871243148350147
cleanStatic,train,22,22.00260732,10,23,549815183,550315183,5517367.951954001,6857681.280504325,random3_k3,3,0.01701724587987209
cleanStatic,train,22,22.00260732,10,23,549815183,550315183,5517367.951954001,6857681.280504325,random4_k3,3,0.32307670662521604
cleanStatic,train,22,22.00260732,10,23,549815183,550315183,5517367.951954001,6857681.280504325,random5_k3,3,0.13565371185244146
cleanStatic,train,22,22.00260732,10,23,549815183,550315183,5517367.951954001,6857681.280504325,random1_k5,5,0.09630414673957635
cleanStatic,train,22,22.00260732,10,23,549815183,550315183,5517367.951954001,6857681.280504325,random2_k5,5,0.14981397192816398
cleanStatic,train,22,22.00260732,10,23,549815183,550315183,5517367.951954001,6857681.280504325,random3_k5,5,0.13535733988323811
cleanStatic,train,22,22.00260732,10,23,549815183,550315183,5517367.951954001,6857681.280504325,random4_k5,5,0.12902799059226058
cleanStatic,train,22,22.00260732,10,23,549815183,550315183,5517367.951954001,6857681.280504325,random5_k5,5,0.13330611400912717
cleanStatic,train,22,22.00260732,10,23,549815183,550315183,5517367.951954001,6857681.280504325,random1_k9,9,0.09326434236028566
cleanStatic,train,22,22.00260732,10,23,549815183,550315183,5517367.951954001,6857681.280504325,random2_k9,9,0.022065808867507666
cleanStatic,train,22,22.00260732,10,23,549815183,550315183,5517367.951954001,6857681.280504325,random3_k9,9,0.04123223058846107
cleanStatic,train,22,22.00260732,10,23,549815183,550315183,5517367.951954001,6857681.280504325,random4_k9,9,0.03877857181680808
cleanStatic,train,22,22.00260732,10,23,549815183,550315183,5517367.951954001,6857681.280504325,random5_k9,9,0.19283728574985945
cleanStatic,train,24,23.99024584,0,16,599506146,600006146,5593947.540724,5335873.8235726105,dense_two_source_glrt,187,0.012632581842991836
cleanStatic,train,24,23.99024584,0,16,599506146,600006146,5593947.540724,5335873.8235726105,dense_one_source_residual,187,0.2326087668445677
cleanStatic,train,24,23.99024584,0,16,599506146,600006146,5593947.540724,5335873.8235726105,raw_power_only,0,5593947.540724
cleanStatic,train,24,23.99024584,0,16,599506146,600006146,5593947.540724,5335873.8235726105,analytic_sparse_k3,3,0.04575766331756791
cleanStatic,train,24,23.99024584,0,16,599506146,600006146,5593947.540724,5335873.8235726105,uniform_k3,3,0.11958786950293505
cleanStatic,train,24,23.99024584,0,16,599506146,600006146,5593947.540724,5335873.8235726105,shuffled_k3,3,0.030170241234591912
cleanStatic,train,24,23.99024584,0,16,599506146,600006146,5593947.540724,5335873.8235726105,analytic_sparse_k5,5,0.04897318411143938
cleanStatic,train,24,23.99024584,0,16,599506146,600006146,5593947.540724,5335873.8235726105,uniform_k5,5,0.11786777833483404
cleanStatic,train,24,23.99024584,0,16,599506146,600006146,5593947.540724,5335873.8235726105,shuffled_k5,5,0.11076130154674524
cleanStatic,train,24,23.99024584,0,16,599506146,600006146,5593947.540724,5335873.8235726105,analytic_sparse_k9,9,0.01911336868645403
cleanStatic,train,24,23.99024584,0,16,599506146,600006146,5593947.540724,5335873.8235726105,uniform_k9,9,0.021397299665850564
cleanStatic,train,24,23.99024584,0,16,599506146,600006146,5593947.540724,5335873.8235726105,shuffled_k9,9,0.04846653259599002
cleanStatic,train,24,23.99024584,0,16,599506146,600006146,5593947.540724,5335873.8235726105,ai_sparse_k3,3,0.031835652069160544
cleanStatic,train,24,23.99024584,0,16,599506146,600006146,5593947.540724,5335873.8235726105,pg_scc_k3,3,0.06703063939615932
cleanStatic,train,24,23.99024584,0,16,599506146,600006146,5593947.540724,5335873.8235726105,ai_sparse_k5,5,0.08568937143173101
cleanStatic,train,24,23.99024584,0,16,599506146,600006146,5593947.540724,5335873.8235726105,pg_scc_k5,5,0.04335173317552378
cleanStatic,train,24,23.99024584,0,16,599506146,600006146,5593947.540724,5335873.8235726105,ai_sparse_k9,9,0.1255458486861666
cleanStatic,train,24,23.99024584,0,16,599506146,600006146,5593947.540724,5335873.8235726105,pg_scc_k9,9,0.019042833139162538
cleanStatic,train,24,23.99024584,0,16,599506146,600006146,5593947.540724,5335873.8235726105,epl3,3,0.06810837266159199
cleanStatic,train,24,23.99024584,0,16,599506146,600006146,5593947.540724,5335873.8235726105,fixed9,9,0.06949482510206981
cleanStatic,train,24,23.99024584,0,16,599506146,600006146,5593947.540724,5335873.8235726105,random1_k3,3,0.17966633381140115
cleanStatic,train,24,23.99024584,0,16,599506146,600006146,5593947.540724,5335873.8235726105,random2_k3,3,0.016147802025594477
cleanStatic,train,24,23.99024584,0,16,599506146,600006146,5593947.540724,5335873.8235726105,random3_k3,3,0.04639052544710915
cleanStatic,train,24,23.99024584,0,16,599506146,600006146,5593947.540724,5335873.8235726105,random4_k3,3,0.07776268753220107
cleanStatic,train,24,23.99024584,0,16,599506146,600006146,5593947.540724,5335873.8235726105,random5_k3,3,0.11532827406984063
cleanStatic,train,24,23.99024584,0,16,599506146,600006146,5593947.540724,5335873.8235726105,random1_k5,5,0.055256492545368484
cleanStatic,train,24,23.99024584,0,16,599506146,600006146,5593947.540724,5335873.8235726105,random2_k5,5,0.03899974497484997
cleanStatic,train,24,23.99024584,0,16,599506146,600006146,5593947.540724,5335873.8235726105,random3_k5,5,0.1189941437217398
cleanStatic,train,24,23.99024584,0,16,599506146,600006146,5593947.540724,5335873.8235726105,random4_k5,5,0.17069657338027194
cleanStatic,train,24,23.99024584,0,16,599506146,600006146,5593947.540724,5335873.8235726105,random5_k5,5,0.06355719427047742
cleanStatic,train,24,23.99024584,0,16,599506146,600006146,5593947.540724,5335873.8235726105,random1_k9,9,0.07716928360341845
cleanStatic,train,24,23.99024584,0,16,599506146,600006146,5593947.540724,5335873.8235726105,random2_k9,9,0.02395540617316732
cleanStatic,train,24,23.99024584,0,16,599506146,600006146,5593947.540724,5335873.8235726105,random3_k9,9,0.06749541975970381
cleanStatic,train,24,23.99024584,0,16,599506146,600006146,5593947.540724,5335873.8235726105,random4_k9,9,0.1041513364928323
cleanStatic,train,24,23.99024584,0,16,599506146,600006146,5593947.540724,5335873.8235726105,random5_k9,9,0.12646711540489264
cleanStatic,train,24,23.99055744,2,3,599513936,600013936,5594597.332162,6018204.64385005,dense_two_source_glrt,187,0.031012931155675355
cleanStatic,train,24,23.99055744,2,3,599513936,600013936,5594597.332162,6018204.64385005,dense_one_source_residual,187,0.20145621323116616
cleanStatic,train,24,23.99055744,2,3,599513936,600013936,5594597.332162,6018204.64385005,raw_power_only,0,5594597.332162
cleanStatic,train,24,23.99055744,2,3,599513936,600013936,5594597.332162,6018204.64385005,analytic_sparse_k3,3,0.00144689182551152
cleanStatic,train,24,23.99055744,2,3,599513936,600013936,5594597.332162,6018204.64385005,uniform_k3,3,0.10348856996219535
cleanStatic,train,24,23.99055744,2,3,599513936,600013936,5594597.332162,6018204.64385005,shuffled_k3,3,0.17109830842405163
cleanStatic,train,24,23.99055744,2,3,599513936,600013936,5594597.332162,6018204.64385005,analytic_sparse_k5,5,0.03079191513208932
cleanStatic,train,24,23.99055744,2,3,599513936,600013936,5594597.332162,6018204.64385005,uniform_k5,5,0.04864506956374205
cleanStatic,train,24,23.99055744,2,3,599513936,600013936,5594597.332162,6018204.64385005,shuffled_k5,5,0.07051324965308274
cleanStatic,train,24,23.99055744,2,3,599513936,600013936,5594597.332162,6018204.64385005,analytic_sparse_k9,9,0.048328342302946296
cleanStatic,train,24,23.99055744,2,3,599513936,600013936,5594597.332162,6018204.64385005,uniform_k9,9,0.014511189491222863
cleanStatic,train,24,23.99055744,2,3,599513936,600013936,5594597.332162,6018204.64385005,shuffled_k9,9,0.11558600502747961
cleanStatic,train,24,23.99055744,2,3,599513936,600013936,5594597.332162,6018204.64385005,ai_sparse_k3,3,0.225422826906571
cleanStatic,train,24,23.99055744,2,3,599513936,600013936,5594597.332162,6018204.64385005,pg_scc_k3,3,0.03939765587972336
cleanStatic,train,24,23.99055744,2,3,599513936,600013936,5594597.332162,6018204.64385005,ai_sparse_k5,5,0.28584258339391716
cleanStatic,train,24,23.99055744,2,3,599513936,600013936,5594597.332162,6018204.64385005,pg_scc_k5,5,0.06676686034792645
cleanStatic,train,24,23.99055744,2,3,599513936,600013936,5594597.332162,6018204.64385005,ai_sparse_k9,9,0.1943426078902066
cleanStatic,train,24,23.99055744,2,3,599513936,600013936,5594597.332162,6018204.64385005,pg_scc_k9,9,0.10114589273608941
cleanStatic,train,24,23.99055744,2,3,599513936,600013936,5594597.332162,6018204.64385005,epl3,3,0.24206431520414293
cleanStatic,train,24,23.99055744,2,3,599513936,600013936,5594597.332162,6018204.64385005,fixed9,9,0.1561964862319165
cleanStatic,train,24,23.99055744,2,3,599513936,600013936,5594597.332162,6018204.64385005,random1_k3,3,0.0830020664138005
cleanStatic,train,24,23.99055744,2,3,599513936,600013936,5594597.332162,6018204.64385005,random2_k3,3,0.13051378036977415
cleanStatic,train,24,23.99055744,2,3,599513936,600013936,5594597.332162,6018204.64385005,random3_k3,3,0.09181968793122786
cleanStatic,train,24,23.99055744,2,3,599513936,600013936,5594597.332162,6018204.64385005,random4_k3,3,0.09189756500258826
cleanStatic,train,24,23.99055744,2,3,599513936,600013936,5594597.332162,6018204.64385005,random5_k3,3,0.2747280876493181
cleanStatic,train,24,23.99055744,2,3,599513936,600013936,5594597.332162,6018204.64385005,random1_k5,5,0.12190655235165829
cleanStatic,train,24,23.99055744,2,3,599513936,600013936,5594597.332162,6018204.64385005,random2_k5,5,0.08155227405051295
cleanStatic,train,24,23.99055744,2,3,599513936,600013936,5594597.332162,6018204.64385005,random3_k5,5,0.21213034886952306
cleanStatic,train,24,23.99055744,2,3,599513936,600013936,5594597.332162,6018204.64385005,random4_k5,5,0.018431069788066422
cleanStatic,train,24,23.99055744,2,3,599513936,600013936,5594597.332162,6018204.64385005,random5_k5,5,0.09432868709945803
cleanStatic,train,24,23.99055744,2,3,599513936,600013936,5594597.332162,6018204.64385005,random1_k9,9,0.14289138940035329
cleanStatic,train,24,23.99055744,2,3,599513936,600013936,5594597.332162,6018204.64385005,random2_k9,9,0.043149457647990795
cleanStatic,train,24,23.99055744,2,3,599513936,600013936,5594597.332162,6018204.64385005,random3_k9,9,0.07819948627160452
cleanStatic,train,24,23.99055744,2,3,599513936,600013936,5594597.332162,6018204.64385005,random4_k9,9,0.015607568789083488
cleanStatic,train,24,23.99055744,2,3,599513936,600013936,5594597.332162,6018204.64385005,random5_k9,9,0.05926139864823594
cleanStatic,train,24,23.99029084,3,20,599507271,600007271,5594076.495234,2268819.948396012,dense_two_source_glrt,187,0.543775504743
cleanStatic,train,24,23.99029084,3,20,599507271,600007271,5594076.495234,2268819.948396012,dense_one_source_residual,187,2.5448202056743083
cleanStatic,train,24,23.99029084,3,20,599507271,600007271,5594076.495234,2268819.948396012,raw_power_only,0,5594076.495234
cleanStatic,train,24,23.99029084,3,20,599507271,600007271,5594076.495234,2268819.948396012,analytic_sparse_k3,3,1.834526778879207
cleanStatic,train,24,23.99029084,3,20,599507271,600007271,5594076.495234,2268819.948396012,uniform_k3,3,0.6650048862454829
cleanStatic,train,24,23.99029084,3,20,599507271,600007271,5594076.495234,2268819.948396012,shuffled_k3,3,1.413233719891126
cleanStatic,train,24,23.99029084,3,20,599507271,600007271,5594076.495234,2268819.948396012,analytic_sparse_k5,5,1.8048194860484323
cleanStatic,train,24,23.99029084,3,20,599507271,600007271,5594076.495234,2268819.948396012,uniform_k5,5,0.43476400208012433
cleanStatic,train,24,23.99029084,3,20,599507271,600007271,5594076.495234,2268819.948396012,shuffled_k5,5,1.3758434373701487
cleanStatic,train,24,23.99029084,3,20,599507271,600007271,5594076.495234,2268819.948396012,analytic_sparse_k9,9,0.9141151638827361
cleanStatic,train,24,23.99029084,3,20,599507271,600007271,5594076.495234,2268819.948396012,uniform_k9,9,0.3887724788345845
cleanStatic,train,24,23.99029084,3,20,599507271,600007271,5594076.495234,2268819.948396012,shuffled_k9,9,0.42302765164668465
cleanStatic,train,24,23.99029084,3,20,599507271,600007271,5594076.495234,2268819.948396012,ai_sparse_k3,3,0.45246830085898043
cleanStatic,train,24,23.99029084,3,20,599507271,600007271,5594076.495234,2268819.948396012,pg_scc_k3,3,0.3720619272412478
cleanStatic,train,24,23.99029084,3,20,599507271,600007271,5594076.495234,2268819.948396012,ai_sparse_k5,5,0.7760905708664485
cleanStatic,train,24,23.99029084,3,20,599507271,600007271,5594076.495234,2268819.948396012,pg_scc_k5,5,0.43966847006815674
cleanStatic,train,24,23.99029084,3,20,599507271,600007271,5594076.495234,2268819.948396012,ai_sparse_k9,9,1.06938560123535
cleanStatic,train,24,23.99029084,3,20,599507271,600007271,5594076.495234,2268819.948396012,pg_scc_k9,9,0.720729419264434
cleanStatic,train,24,23.99029084,3,20,599507271,600007271,5594076.495234,2268819.948396012,epl3,3,2.684422332752808
cleanStatic,train,24,23.99029084,3,20,599507271,600007271,5594076.495234,2268819.948396012,fixed9,9,1.666150673616657
cleanStatic,train,24,23.99029084,3,20,599507271,600007271,5594076.495234,2268819.948396012,random1_k3,3,1.7054598576639963
cleanStatic,train,24,23.99029084,3,20,599507271,600007271,5594076.495234,2268819.948396012,random2_k3,3,1.30827617720467
cleanStatic,train,24,23.99029084,3,20,599507271,600007271,5594076.495234,2268819.948396012,random3_k3,3,0.6657268408074718
cleanStatic,train,24,23.99029084,3,20,599507271,600007271,5594076.495234,2268819.948396012,random4_k3,3,2.23519860965679
cleanStatic,train,24,23.99029084,3,20,599507271,600007271,5594076.495234,2268819.948396012,random5_k3,3,0.7914987497136082
cleanStatic,train,24,23.99029084,3,20,599507271,600007271,5594076.495234,2268819.948396012,random1_k5,5,0.5900136094786802
cleanStatic,train,24,23.99029084,3,20,599507271,600007271,5594076.495234,2268819.948396012,random2_k5,5,0.806534607156497
cleanStatic,train,24,23.99029084,3,20,599507271,600007271,5594076.495234,2268819.948396012,random3_k5,5,1.4286876250611809
cleanStatic,train,24,23.99029084,3,20,599507271,600007271,5594076.495234,2268819.948396012,random4_k5,5,1.081852894630535
cleanStatic,train,24,23.99029084,3,20,599507271,600007271,5594076.495234,2268819.948396012,random5_k5,5,0.982003022893046
cleanStatic,train,24,23.99029084,3,20,599507271,600007271,5594076.495234,2268819.948396012,random1_k9,9,0.5190850233736745
cleanStatic,train,24,23.99029084,3,20,599507271,600007271,5594076.495234,2268819.948396012,random2_k9,9,0.7740591620397428
cleanStatic,train,24,23.99029084,3,20,599507271,600007271,5594076.495234,2268819.948396012,random3_k9,9,0.13737169137170074
cleanStatic,train,24,23.99029084,3,20,599507271,600007271,5594076.495234,2268819.948396012,random4_k9,9,0.8639055940162064
cleanStatic,train,24,23.99029084,3,20,599507271,600007271,5594076.495234,2268819.948396012,random5_k9,9,0.5524684086617166
cleanStatic,train,24,24.05559388,4,30,601139847,601639847,5580215.901660001,2247703.8754780972,dense_two_source_glrt,187,0.24248667713599398
cleanStatic,train,24,24.05559388,4,30,601139847,601639847,5580215.901660001,2247703.8754780972,dense_one_source_residual,187,1.693320793293071
cleanStatic,train,24,24.05559388,4,30,601139847,601639847,5580215.901660001,2247703.8754780972,raw_power_only,0,5580215.901660001
cleanStatic,train,24,24.05559388,4,30,601139847,601639847,5580215.901660001,2247703.8754780972,analytic_sparse_k3,3,0.1950501948771827
cleanStatic,train,24,24.05559388,4,30,601139847,601639847,5580215.901660001,2247703.8754780972,uniform_k3,3,0.13114675093478337
cleanStatic,train,24,24.05559388,4,30,601139847,601639847,5580215.901660001,2247703.8754780972,shuffled_k3,3,0.05928520276193509
cleanStatic,train,24,24.05559388,4,30,601139847,601639847,5580215.901660001,2247703.8754780972,analytic_sparse_k5,5,0.07877597014371558
cleanStatic,train,24,24.05559388,4,30,601139847,601639847,5580215.901660001,2247703.8754780972,uniform_k5,5,0.10456462605461472
cleanStatic,train,24,24.05559388,4,30,601139847,601639847,5580215.901660001,2247703.8754780972,shuffled_k5,5,0.3732877769754575
cleanStatic,train,24,24.05559388,4,30,601139847,601639847,5580215.901660001,2247703.8754780972,analytic_sparse_k9,9,0.3019000837763845
cleanStatic,train,24,24.05559388,4,30,601139847,601639847,5580215.901660001,2247703.8754780972,uniform_k9,9,0.0434429027679938
cleanStatic,train,24,24.05559388,4,30,601139847,601639847,5580215.901660001,2247703.8754780972,shuffled_k9,9,1.021764363749517
cleanStatic,train,24,24.05559388,4,30,601139847,601639847,5580215.901660001,2247703.8754780972,ai_sparse_k3,3,2.6849271569878135
cleanStatic,train,24,24.05559388,4,30,601139847,601639847,5580215.901660001,2247703.8754780972,pg_scc_k3,3,1.636933823771507
cleanStatic,train,24,24.05559388,4,30,601139847,601639847,5580215.901660001,2247703.8754780972,ai_sparse_k5,5,2.981655335042622
cleanStatic,train,24,24.05559388,4,30,601139847,601639847,5580215.901660001,2247703.8754780972,pg_scc_k5,5,0.3828445732781642
cleanStatic,train,24,24.05559388,4,30,601139847,601639847,5580215.901660001,2247703.8754780972,ai_sparse_k9,9,1.6454022249147997
cleanStatic,train,24,24.05559388,4,30,601139847,601639847,5580215.901660001,2247703.8754780972,pg_scc_k9,9,0.5657256836309652
cleanStatic,train,24,24.05559388,4,30,601139847,601639847,5580215.901660001,2247703.8754780972,epl3,3,0.9776672894473742
cleanStatic,train,24,24.05559388,4,30,601139847,601639847,5580215.901660001,2247703.8754780972,fixed9,9,1.7973202564953104
cleanStatic,train,24,24.05559388,4,30,601139847,601639847,5580215.901660001,2247703.8754780972,random1_k3,3,0.013472754977366405
cleanStatic,train,24,24.05559388,4,30,601139847,601639847,5580215.901660001,2247703.8754780972,random2_k3,3,0.1901375124750322
cleanStatic,train,24,24.05559388,4,30,601139847,601639847,5580215.901660001,2247703.8754780972,random3_k3,3,1.9535342639913245
cleanStatic,train,24,24.05559388,4,30,601139847,601639847,5580215.901660001,2247703.8754780972,random4_k3,3,0.8120984301838535
cleanStatic,train,24,24.05559388,4,30,601139847,601639847,5580215.901660001,2247703.8754780972,random5_k3,3,0.39199513136333003
cleanStatic,train,24,24.05559388,4,30,601139847,601639847,5580215.901660001,2247703.8754780972,random1_k5,5,1.3203100701851822
cleanStatic,train,24,24.05559388,4,30,601139847,601639847,5580215.901660001,2247703.8754780972,random2_k5,5,0.734463176750346
cleanStatic,train,24,24.05559388,4,30,601139847,601639847,5580215.901660001,2247703.8754780972,random3_k5,5,0.3993164736436294
cleanStatic,train,24,24.05559388,4,30,601139847,601639847,5580215.901660001,2247703.8754780972,random4_k5,5,0.28343378364861355
cleanStatic,train,24,24.05559388,4,30,601139847,601639847,5580215.901660001,2247703.8754780972,random5_k5,5,0.9714778482073037
cleanStatic,train,24,24.05559388,4,30,601139847,601639847,5580215.901660001,2247703.8754780972,random1_k9,9,2.6890657809930367
cleanStatic,train,24,24.05559388,4,30,601139847,601639847,5580215.901660001,2247703.8754780972,random2_k9,9,0.24994184260789146
cleanStatic,train,24,24.05559388,4,30,601139847,601639847,5580215.901660001,2247703.8754780972,random3_k9,9,0.7714930419201951
cleanStatic,train,24,24.05559388,4,30,601139847,601639847,5580215.901660001,2247703.8754780972,random4_k9,9,0.2116275302933559
cleanStatic,train,24,24.05559388,4,30,601139847,601639847,5580215.901660001,2247703.8754780972,random5_k9,9,0.7342958069254748
cleanStatic,train,24,23.99064956,5,6,599516239,600016239,5595141.127312,4719153.827432961,dense_two_source_glrt,187,0.013273078585288665
cleanStatic,train,24,23.99064956,5,6,599516239,600016239,5595141.127312,4719153.827432961,dense_one_source_residual,187,0.2560138945130949
cleanStatic,train,24,23.99064956,5,6,599516239,600016239,5595141.127312,4719153.827432961,raw_power_only,0,5595141.127312
cleanStatic,train,24,23.99064956,5,6,599516239,600016239,5595141.127312,4719153.827432961,analytic_sparse_k3,3,0.23300494884881573
cleanStatic,train,24,23.99064956,5,6,599516239,600016239,5595141.127312,4719153.827432961,uniform_k3,3,0.14284823749648487
cleanStatic,train,24,23.99064956,5,6,599516239,600016239,5595141.127312,4719153.827432961,shuffled_k3,3,0.1225431119980499
cleanStatic,train,24,23.99064956,5,6,599516239,600016239,5595141.127312,4719153.827432961,analytic_sparse_k5,5,0.28527785232505937
cleanStatic,train,24,23.99064956,5,6,599516239,600016239,5595141.127312,4719153.827432961,uniform_k5,5,0.11280437355290111
cleanStatic,train,24,23.99064956,5,6,599516239,600016239,5595141.127312,4719153.827432961,shuffled_k5,5,0.1290917722716264
cleanStatic,train,24,23.99064956,5,6,599516239,600016239,5595141.127312,4719153.827432961,analytic_sparse_k9,9,0.15916160751600872
cleanStatic,train,24,23.99064956,5,6,599516239,600016239,5595141.127312,4719153.827432961,uniform_k9,9,0.056461105764737035
cleanStatic,train,24,23.99064956,5,6,599516239,600016239,5595141.127312,4719153.827432961,shuffled_k9,9,0.026017297049453374
cleanStatic,train,24,23.99064956,5,6,599516239,600016239,5595141.127312,4719153.827432961,ai_sparse_k3,3,0.28298640658870466
cleanStatic,train,24,23.99064956,5,6,599516239,600016239,5595141.127312,4719153.827432961,pg_scc_k3,3,0.07149044168485846
cleanStatic,train,24,23.99064956,5,6,599516239,600016239,5595141.127312,4719153.827432961,ai_sparse_k5,5,0.2632980064701974
cleanStatic,train,24,23.99064956,5,6,599516239,600016239,5595141.127312,4719153.827432961,pg_scc_k5,5,0.12391529280147626
cleanStatic,train,24,23.99064956,5,6,599516239,600016239,5595141.127312,4719153.827432961,ai_sparse_k9,9,0.1412300771212143
cleanStatic,train,24,23.99064956,5,6,599516239,600016239,5595141.127312,4719153.827432961,pg_scc_k9,9,0.07512718143453896
cleanStatic,train,24,23.99064956,5,6,599516239,600016239,5595141.127312,4719153.827432961,epl3,3,0.046509905241937786
cleanStatic,train,24,23.99064956,5,6,599516239,600016239,5595141.127312,4719153.827432961,fixed9,9,0.09934312581469981
cleanStatic,train,24,23.99064956,5,6,599516239,600016239,5595141.127312,4719153.827432961,random1_k3,3,0.2791465334745962
cleanStatic,train,24,23.99064956,5,6,599516239,600016239,5595141.127312,4719153.827432961,random2_k3,3,0.11532123506381901
cleanStatic,train,24,23.99064956,5,6,599516239,600016239,5595141.127312,4719153.827432961,random3_k3,3,0.1200355691177916
cleanStatic,train,24,23.99064956,5,6,599516239,600016239,5595141.127312,4719153.827432961,random4_k3,3,0.24820287935802823
cleanStatic,train,24,23.99064956,5,6,599516239,600016239,5595141.127312,4719153.827432961,random5_k3,3,0.07097286353170973
cleanStatic,train,24,23.99064956,5,6,599516239,600016239,5595141.127312,4719153.827432961,random1_k5,5,0.020775128862639304
cleanStatic,train,24,23.99064956,5,6,599516239,600016239,5595141.127312,4719153.827432961,random2_k5,5,0.10570152485060766
cleanStatic,train,24,23.99064956,5,6,599516239,600016239,5595141.127312,4719153.827432961,random3_k5,5,0.13954945682181066
cleanStatic,train,24,23.99064956,5,6,599516239,600016239,5595141.127312,4719153.827432961,random4_k5,5,0.20078870612879723
cleanStatic,train,24,23.99064956,5,6,599516239,600016239,5595141.127312,4719153.827432961,random5_k5,5,0.059130435505514
cleanStatic,train,24,23.99064956,5,6,599516239,600016239,5595141.127312,4719153.827432961,random1_k9,9,0.12167534046441848
cleanStatic,train,24,23.99064956,5,6,599516239,600016239,5595141.127312,4719153.827432961,random2_k9,9,0.02404764612630461
cleanStatic,train,24,23.99064956,5,6,599516239,600016239,5595141.127312,4719153.827432961,random3_k9,9,0.046871520517923836
cleanStatic,train,24,23.99064956,5,6,599516239,600016239,5595141.127312,4719153.827432961,random4_k9,9,0.053971428440380706
cleanStatic,train,24,23.99064956,5,6,599516239,600016239,5595141.127312,4719153.827432961,random5_k9,9,0.04128401758167419
cleanStatic,train,24,23.99022932,6,7,599505733,600005733,5593505.153562,4549044.3001037575,dense_two_source_glrt,187,0.093424751607113
cleanStatic,train,24,23.99022932,6,7,599505733,600005733,5593505.153562,4549044.3001037575,dense_one_source_residual,187,1.0921899715432342
cleanStatic,train,24,23.99022932,6,7,599505733,600005733,5593505.153562,4549044.3001037575,raw_power_only,0,5593505.153562
cleanStatic,train,24,23.99022932,6,7,599505733,600005733,5593505.153562,4549044.3001037575,analytic_sparse_k3,3,0.4260964243702157
cleanStatic,train,24,23.99022932,6,7,599505733,600005733,5593505.153562,4549044.3001037575,uniform_k3,3,0.9059660666260744
cleanStatic,train,24,23.99022932,6,7,599505733,600005733,5593505.153562,4549044.3001037575,shuffled_k3,3,0.20814719608061952
cleanStatic,train,24,23.99022932,6,7,599505733,600005733,5593505.153562,4549044.3001037575,analytic_sparse_k5,5,0.27253943828583393
cleanStatic,train,24,23.99022932,6,7,599505733,600005733,5593505.153562,4549044.3001037575,uniform_k5,5,0.35657247911101975
cleanStatic,train,24,23.99022932,6,7,599505733,600005733,5593505.153562,4549044.3001037575,shuffled_k5,5,0.25606994372887326
cleanStatic,train,24,23.99022932,6,7,599505733,600005733,5593505.153562,4549044.3001037575,analytic_sparse_k9,9,0.17114497832840414
cleanStatic,train,24,23.99022932,6,7,599505733,600005733,5593505.153562,4549044.3001037575,uniform_k9,9,0.2067401916659808
cleanStatic,train,24,23.99022932,6,7,599505733,600005733,5593505.153562,4549044.3001037575,shuffled_k9,9,0.4707234611055067
cleanStatic,train,24,23.99022932,6,7,599505733,600005733,5593505.153562,4549044.3001037575,ai_sparse_k3,3,0.4662669806605626
cleanStatic,train,24,23.99022932,6,7,599505733,600005733,5593505.153562,4549044.3001037575,pg_scc_k3,3,0.11963618215624501
cleanStatic,train,24,23.99022932,6,7,599505733,600005733,5593505.153562,4549044.3001037575,ai_sparse_k5,5,0.4088975097492279
cleanStatic,train,24,23.99022932,6,7,599505733,600005733,5593505.153562,4549044.3001037575,pg_scc_k5,5,0.18913740909806248
cleanStatic,train,24,23.99022932,6,7,599505733,600005733,5593505.153562,4549044.3001037575,ai_sparse_k9,9,0.5199034689328266
cleanStatic,train,24,23.99022932,6,7,599505733,600005733,5593505.153562,4549044.3001037575,pg_scc_k9,9,0.2210824444387663
cleanStatic,train,24,23.99022932,6,7,599505733,600005733,5593505.153562,4549044.3001037575,epl3,3,0.8868193766149742
cleanStatic,train,24,23.99022932,6,7,599505733,600005733,5593505.153562,4549044.3001037575,fixed9,9,0.4668648313120354
cleanStatic,train,24,23.99022932,6,7,599505733,600005733,5593505.153562,4549044.3001037575,random1_k3,3,0.38349398518882466
cleanStatic,train,24,23.99022932,6,7,599505733,600005733,5593505.153562,4549044.3001037575,random2_k3,3,0.958892426366697
cleanStatic,train,24,23.99022932,6,7,599505733,600005733,5593505.153562,4549044.3001037575,random3_k3,3,0.2717495692209579
cleanStatic,train,24,23.99022932,6,7,599505733,600005733,5593505.153562,4549044.3001037575,random4_k3,3,1.20160658739486
cleanStatic,train,24,23.99022932,6,7,599505733,600005733,5593505.153562,4549044.3001037575,random5_k3,3,0.4085032605708403
cleanStatic,train,24,23.99022932,6,7,599505733,600005733,5593505.153562,4549044.3001037575,random1_k5,5,0.19790437679132172
cleanStatic,train,24,23.99022932,6,7,599505733,600005733,5593505.153562,4549044.3001037575,random2_k5,5,0.3509968750906481
cleanStatic,train,24,23.99022932,6,7,599505733,600005733,5593505.153562,4549044.3001037575,random3_k5,5,0.3309825722232279
cleanStatic,train,24,23.99022932,6,7,599505733,600005733,5593505.153562,4549044.3001037575,random4_k5,5,0.37843260964972364
cleanStatic,train,24,23.99022932,6,7,599505733,600005733,5593505.153562,4549044.3001037575,random5_k5,5,0.5990315142382989
cleanStatic,train,24,23.99022932,6,7,599505733,600005733,5593505.153562,4549044.3001037575,random1_k9,9,0.21827238130987914
cleanStatic,train,24,23.99022932,6,7,599505733,600005733,5593505.153562,4549044.3001037575,random2_k9,9,0.18603642352410096
cleanStatic,train,24,23.99022932,6,7,599505733,600005733,5593505.153562,4549044.3001037575,random3_k9,9,0.9090509125836219
cleanStatic,train,24,23.99022932,6,7,599505733,600005733,5593505.153562,4549044.3001037575,random4_k9,9,0.2642447002337332
cleanStatic,train,24,23.99022932,6,7,599505733,600005733,5593505.153562,4549044.3001037575,random5_k9,9,0.2641741798877931
cleanStatic,train,24,23.99038596,7,10,599509649,600009649,5595333.614668,2480007.1227965513,dense_two_source_glrt,187,0.7506806221155276
cleanStatic,train,24,23.99038596,7,10,599509649,600009649,5595333.614668,2480007.1227965513,dense_one_source_residual,187,2.8355771506099847
cleanStatic,train,24,23.99038596,7,10,599509649,600009649,5595333.614668,2480007.1227965513,raw_power_only,0,5595333.614668
cleanStatic,train,24,23.99038596,7,10,599509649,600009649,5595333.614668,2480007.1227965513,analytic_sparse_k3,3,0.8884584951846799
cleanStatic,train,24,23.99038596,7,10,599509649,600009649,5595333.614668,2480007.1227965513,uniform_k3,3,0.465347050890804
cleanStatic,train,24,23.99038596,7,10,599509649,600009649,5595333.614668,2480007.1227965513,shuffled_k3,3,4.157193359483503
cleanStatic,train,24,23.99038596,7,10,599509649,600009649,5595333.614668,2480007.1227965513,analytic_sparse_k5,5,0.7430568172525469
cleanStatic,train,24,23.99038596,7,10,599509649,600009649,5595333.614668,2480007.1227965513,uniform_k5,5,0.5195311077856981
cleanStatic,train,24,23.99038596,7,10,599509649,600009649,5595333.614668,2480007.1227965513,shuffled_k5,5,0.8329851291838072
cleanStatic,train,24,23.99038596,7,10,599509649,600009649,5595333.614668,2480007.1227965513,analytic_sparse_k9,9,0.8772485313679971
cleanStatic,train,24,23.99038596,7,10,599509649,600009649,5595333.614668,2480007.1227965513,uniform_k9,9,0.5821900151133127
cleanStatic,train,24,23.99038596,7,10,599509649,600009649,5595333.614668,2480007.1227965513,shuffled_k9,9,2.400335274358305
cleanStatic,train,24,23.99038596,7,10,599509649,600009649,5595333.614668,2480007.1227965513,ai_sparse_k3,3,0.8171266416707291
cleanStatic,train,24,23.99038596,7,10,599509649,600009649,5595333.614668,2480007.1227965513,pg_scc_k3,3,0.18171251708896888
cleanStatic,train,24,23.99038596,7,10,599509649,600009649,5595333.614668,2480007.1227965513,ai_sparse_k5,5,1.6840204744636846
cleanStatic,train,24,23.99038596,7,10,599509649,600009649,5595333.614668,2480007.1227965513,pg_scc_k5,5,1.5891729233496168
cleanStatic,train,24,23.99038596,7,10,599509649,600009649,5595333.614668,2480007.1227965513,ai_sparse_k9,9,1.8590044602640488
cleanStatic,train,24,23.99038596,7,10,599509649,600009649,5595333.614668,2480007.1227965513,pg_scc_k9,9,1.586716722104875
cleanStatic,train,24,23.99038596,7,10,599509649,600009649,5595333.614668,2480007.1227965513,epl3,3,1.7913075582119202
cleanStatic,train,24,23.99038596,7,10,599509649,600009649,5595333.614668,2480007.1227965513,fixed9,9,2.3856172109482916
cleanStatic,train,24,23.99038596,7,10,599509649,600009649,5595333.614668,2480007.1227965513,random1_k3,3,0.27179284506024953
cleanStatic,train,24,23.99038596,7,10,599509649,600009649,5595333.614668,2480007.1227965513,random2_k3,3,0.535630934426283
cleanStatic,train,24,23.99038596,7,10,599509649,600009649,5595333.614668,2480007.1227965513,random3_k3,3,0.555309103661657
cleanStatic,train,24,23.99038596,7,10,599509649,600009649,5595333.614668,2480007.1227965513,random4_k3,3,1.005567721299066
cleanStatic,train,24,23.99038596,7,10,599509649,600009649,5595333.614668,2480007.1227965513,random5_k3,3,2.5751765053471707
cleanStatic,train,24,23.99038596,7,10,599509649,600009649,5595333.614668,2480007.1227965513,random1_k5,5,1.9671687224980332
cleanStatic,train,24,23.99038596,7,10,599509649,600009649,5595333.614668,2480007.1227965513,random2_k5,5,0.8023225290415011
cleanStatic,train,24,23.99038596,7,10,599509649,600009649,5595333.614668,2480007.1227965513,random3_k5,5,0.4398462311872982
cleanStatic,train,24,23.99038596,7,10,599509649,600009649,5595333.614668,2480007.1227965513,random4_k5,5,0.6431489194807337
cleanStatic,train,24,23.99038596,7,10,599509649,600009649,5595333.614668,2480007.1227965513,random5_k5,5,1.5840250983215227
cleanStatic,train,24,23.99038596,7,10,599509649,600009649,5595333.614668,2480007.1227965513,random1_k9,9,1.6590159052768034
cleanStatic,train,24,23.99038596,7,10,599509649,600009649,5595333.614668,2480007.1227965513,random2_k9,9,0.8225345071278524
cleanStatic,train,24,23.99038596,7,10,599509649,600009649,5595333.614668,2480007.1227965513,random3_k9,9,1.8241509249194623
cleanStatic,train,24,23.99038596,7,10,599509649,600009649,5595333.614668,2480007.1227965513,random4_k9,9,0.6086294127606887
cleanStatic,train,24,23.99038596,7,10,599509649,600009649,5595333.614668,2480007.1227965513,random5_k9,9,0.4663161677711937
cleanStatic,train,24,23.9907056,8,13,599517640,600017640,5595544.259022,6714164.843373999,dense_two_source_glrt,187,0.008804080027298582
cleanStatic,train,24,23.9907056,8,13,599517640,600017640,5595544.259022,6714164.843373999,dense_one_source_residual,187,0.1891899307768313
cleanStatic,train,24,23.9907056,8,13,599517640,600017640,5595544.259022,6714164.843373999,raw_power_only,0,5595544.259022
cleanStatic,train,24,23.9907056,8,13,599517640,600017640,5595544.259022,6714164.843373999,analytic_sparse_k3,3,0.03240960137441188
cleanStatic,train,24,23.9907056,8,13,599517640,600017640,5595544.259022,6714164.843373999,uniform_k3,3,0.13551479769692373
cleanStatic,train,24,23.9907056,8,13,599517640,600017640,5595544.259022,6714164.843373999,shuffled_k3,3,0.05789269452104737
cleanStatic,train,24,23.9907056,8,13,599517640,600017640,5595544.259022,6714164.843373999,analytic_sparse_k5,5,0.10364915281872707
cleanStatic,train,24,23.9907056,8,13,599517640,600017640,5595544.259022,6714164.843373999,uniform_k5,5,0.05511853376050283
cleanStatic,train,24,23.9907056,8,13,599517640,600017640,5595544.259022,6714164.843373999,shuffled_k5,5,0.16235990748455448
cleanStatic,train,24,23.9907056,8,13,599517640,600017640,5595544.259022,6714164.843373999,analytic_sparse_k9,9,0.03209502335046515
cleanStatic,train,24,23.9907056,8,13,599517640,600017640,5595544.259022,6714164.843373999,uniform_k9,9,0.01690966463044563
cleanStatic,train,24,23.9907056,8,13,599517640,600017640,5595544.259022,6714164.843373999,shuffled_k9,9,0.06313203920333238
cleanStatic,train,24,23.9907056,8,13,599517640,600017640,5595544.259022,6714164.843373999,ai_sparse_k3,3,0.07505210072190206
cleanStatic,train,24,23.9907056,8,13,599517640,600017640,5595544.259022,6714164.843373999,pg_scc_k3,3,0.027002143013479196
cleanStatic,train,24,23.9907056,8,13,599517640,600017640,5595544.259022,6714164.843373999,ai_sparse_k5,5,0.08510211648372028
cleanStatic,train,24,23.9907056,8,13,599517640,600017640,5595544.259022,6714164.843373999,pg_scc_k5,5,0.017490092635605636
cleanStatic,train,24,23.9907056,8,13,599517640,600017640,5595544.259022,6714164.843373999,ai_sparse_k9,9,0.10920699557735908
cleanStatic,train,24,23.9907056,8,13,599517640,600017640,5595544.259022,6714164.843373999,pg_scc_k9,9,0.016294060455151655
cleanStatic,train,24,23.9907056,8,13,599517640,600017640,5595544.259022,6714164.843373999,epl3,3,0.0438910847471621
cleanStatic,train,24,23.9907056,8,13,599517640,600017640,5595544.259022,6714164.843373999,fixed9,9,0.03851215210928833
cleanStatic,train,24,23.9907056,8,13,599517640,600017640,5595544.259022,6714164.843373999,random1_k3,3,0.14550270155384085
cleanStatic,train,24,23.9907056,8,13,599517640,600017640,5595544.259022,6714164.843373999,random2_k3,3,0.05700157321284555
cleanStatic,train,24,23.9907056,8,13,599517640,600017640,5595544.259022,6714164.843373999,random3_k3,3,0.020168549055844066
cleanStatic,train,24,23.9907056,8,13,599517640,600017640,5595544.259022,6714164.843373999,random4_k3,3,0.08205738074102237
cleanStatic,train,24,23.9907056,8,13,599517640,600017640,5595544.259022,6714164.843373999,random5_k3,3,0.08375099870357856
cleanStatic,train,24,23.9907056,8,13,599517640,600017640,5595544.259022,6714164.843373999,random1_k5,5,0.09780304264253348
cleanStatic,train,24,23.9907056,8,13,599517640,600017640,5595544.259022,6714164.843373999,random2_k5,5,0.03658588836236237
cleanStatic,train,24,23.9907056,8,13,599517640,600017640,5595544.259022,6714164.843373999,random3_k5,5,0.03947283986823906
cleanStatic,train,24,23.9907056,8,13,599517640,600017640,5595544.259022,6714164.843373999,random4_k5,5,0.08270694203435916
cleanStatic,train,24,23.9907056,8,13,599517640,600017640,5595544.259022,6714164.843373999,random5_k5,5,0.06727798980982443
cleanStatic,train,24,23.9907056,8,13,599517640,600017640,5595544.259022,6714164.843373999,random1_k9,9,0.12940255244761684
cleanStatic,train,24,23.9907056,8,13,599517640,600017640,5595544.259022,6714164.843373999,random2_k9,9,0.004917495755965697
cleanStatic,train,24,23.9907056,8,13,599517640,600017640,5595544.259022,6714164.843373999,random3_k9,9,0.05219303154830796
cleanStatic,train,24,23.9907056,8,13,599517640,600017640,5595544.259022,6714164.843373999,random4_k9,9,0.03613511788075928
cleanStatic,train,24,23.9907056,8,13,599517640,600017640,5595544.259022,6714164.843373999,random5_k9,9,0.05444389985983987
cleanStatic,train,24,24.00655524,9,19,599913881,600413881,5610943.572960001,4708104.981652581,dense_two_source_glrt,187,0.034169704143682235
cleanStatic,train,24,24.00655524,9,19,599913881,600413881,5610943.572960001,4708104.981652581,dense_one_source_residual,187,0.3375587589453404
cleanStatic,train,24,24.00655524,9,19,599913881,600413881,5610943.572960001,4708104.981652581,raw_power_only,0,5610943.572960001
cleanStatic,train,24,24.00655524,9,19,599913881,600413881,5610943.572960001,4708104.981652581,analytic_sparse_k3,3,0.04292098258965372
cleanStatic,train,24,24.00655524,9,19,599913881,600413881,5610943.572960001,4708104.981652581,uniform_k3,3,0.13812872279793362
cleanStatic,train,24,24.00655524,9,19,599913881,600413881,5610943.572960001,4708104.981652581,shuffled_k3,3,0.008749065491066162
cleanStatic,train,24,24.00655524,9,19,599913881,600413881,5610943.572960001,4708104.981652581,analytic_sparse_k5,5,0.02077668509031382
cleanStatic,train,24,24.00655524,9,19,599913881,600413881,5610943.572960001,4708104.981652581,uniform_k5,5,0.16765044896018919
cleanStatic,train,24,24.00655524,9,19,599913881,600413881,5610943.572960001,4708104.981652581,shuffled_k5,5,0.20591379635542487
cleanStatic,train,24,24.00655524,9,19,599913881,600413881,5610943.572960001,4708104.981652581,analytic_sparse_k9,9,0.146686287173171
cleanStatic,train,24,24.00655524,9,19,599913881,600413881,5610943.572960001,4708104.981652581,uniform_k9,9,0.05967530132791486
cleanStatic,train,24,24.00655524,9,19,599913881,600413881,5610943.572960001,4708104.981652581,shuffled_k9,9,0.15534628206601317
cleanStatic,train,24,24.00655524,9,19,599913881,600413881,5610943.572960001,4708104.981652581,ai_sparse_k3,3,0.18344333366051457
cleanStatic,train,24,24.00655524,9,19,599913881,600413881,5610943.572960001,4708104.981652581,pg_scc_k3,3,0.6109277612568557
cleanStatic,train,24,24.00655524,9,19,599913881,600413881,5610943.572960001,4708104.981652581,ai_sparse_k5,5,0.09383311893775029
cleanStatic,train,24,24.00655524,9,19,599913881,600413881,5610943.572960001,4708104.981652581,pg_scc_k5,5,0.6093496296961265
cleanStatic,train,24,24.00655524,9,19,599913881,600413881,5610943.572960001,4708104.981652581,ai_sparse_k9,9,0.09122470558578016
cleanStatic,train,24,24.00655524,9,19,599913881,600413881,5610943.572960001,4708104.981652581,pg_scc_k9,9,0.2701128864701209
cleanStatic,train,24,24.00655524,9,19,599913881,600413881,5610943.572960001,4708104.981652581,epl3,3,0.3540831597585772
cleanStatic,train,24,24.00655524,9,19,599913881,600413881,5610943.572960001,4708104.981652581,fixed9,9,0.2765445853161872
cleanStatic,train,24,24.00655524,9,19,599913881,600413881,5610943.572960001,4708104.981652581,random1_k3,3,0.24750293871967813
cleanStatic,train,24,24.00655524,9,19,599913881,600413881,5610943.572960001,4708104.981652581,random2_k3,3,0.041833004077213985
cleanStatic,train,24,24.00655524,9,19,599913881,600413881,5610943.572960001,4708104.981652581,random3_k3,3,0.44236125030964774
cleanStatic,train,24,24.00655524,9,19,599913881,600413881,5610943.572960001,4708104.981652581,random4_k3,3,0.12726027142140392
cleanStatic,train,24,24.00655524,9,19,599913881,600413881,5610943.572960001,4708104.981652581,random5_k3,3,0.04526099990811519
cleanStatic,train,24,24.00655524,9,19,599913881,600413881,5610943.572960001,4708104.981652581,random1_k5,5,0.16594386042125525
cleanStatic,train,24,24.00655524,9,19,599913881,600413881,5610943.572960001,4708104.981652581,random2_k5,5,0.21741127324013682
cleanStatic,train,24,24.00655524,9,19,599913881,600413881,5610943.572960001,4708104.981652581,random3_k5,5,0.05226471896510423
cleanStatic,train,24,24.00655524,9,19,599913881,600413881,5610943.572960001,4708104.981652581,random4_k5,5,0.18501732645603403
cleanStatic,train,24,24.00655524,9,19,599913881,600413881,5610943.572960001,4708104.981652581,random5_k5,5,0.07095993638650396
cleanStatic,train,24,24.00655524,9,19,599913881,600413881,5610943.572960001,4708104.981652581,random1_k9,9,0.04845039465880826
cleanStatic,train,24,24.00655524,9,19,599913881,600413881,5610943.572960001,4708104.981652581,random2_k9,9,0.07092934089645962
cleanStatic,train,24,24.00655524,9,19,599913881,600413881,5610943.572960001,4708104.981652581,random3_k9,9,0.17078426158174503
cleanStatic,train,24,24.00655524,9,19,599913881,600413881,5610943.572960001,4708104.981652581,random4_k9,9,0.08356430643613663
cleanStatic,train,24,24.00655524,9,19,599913881,600413881,5610943.572960001,4708104.981652581,random5_k9,9,0.08926675588375918
cleanStatic,train,24,23.99060784,10,23,599515196,600015196,5594807.467362001,6876744.9330327315,dense_two_source_glrt,187,0.0861509225174236
cleanStatic,train,24,23.99060784,10,23,599515196,600015196,5594807.467362001,6876744.9330327315,dense_one_source_residual,187,0.4265057403390217
cleanStatic,train,24,23.99060784,10,23,599515196,600015196,5594807.467362001,6876744.9330327315,raw_power_only,0,5594807.467362001
cleanStatic,train,24,23.99060784,10,23,599515196,600015196,5594807.467362001,6876744.9330327315,analytic_sparse_k3,3,0.10196329538630196
cleanStatic,train,24,23.99060784,10,23,599515196,600015196,5594807.467362001,6876744.9330327315,uniform_k3,3,0.35931275176842936
cleanStatic,train,24,23.99060784,10,23,599515196,600015196,5594807.467362001,6876744.9330327315,shuffled_k3,3,0.066356180667889
cleanStatic,train,24,23.99060784,10,23,599515196,600015196,5594807.467362001,6876744.9330327315,analytic_sparse_k5,5,0.09394943869685057
cleanStatic,train,24,23.99060784,10,23,599515196,600015196,5594807.467362001,6876744.9330327315,uniform_k5,5,0.1515622167249465
cleanStatic,train,24,23.99060784,10,23,599515196,600015196,5594807.467362001,6876744.9330327315,shuffled_k5,5,0.1017403252029117
cleanStatic,train,24,23.99060784,10,23,599515196,600015196,5594807.467362001,6876744.9330327315,analytic_sparse_k9,9,0.10365066160111629
cleanStatic,train,24,23.99060784,10,23,599515196,600015196,5594807.467362001,6876744.9330327315,uniform_k9,9,0.05300825720370063
cleanStatic,train,24,23.99060784,10,23,599515196,600015196,5594807.467362001,6876744.9330327315,shuffled_k9,9,0.14337997102497624
cleanStatic,train,24,23.99060784,10,23,599515196,600015196,5594807.467362001,6876744.9330327315,ai_sparse_k3,3,0.18277875050844314
cleanStatic,train,24,23.99060784,10,23,599515196,600015196,5594807.467362001,6876744.9330327315,pg_scc_k3,3,0.2936394783590925
cleanStatic,train,24,23.99060784,10,23,599515196,600015196,5594807.467362001,6876744.9330327315,ai_sparse_k5,5,0.11516053249916694
cleanStatic,train,24,23.99060784,10,23,599515196,600015196,5594807.467362001,6876744.9330327315,pg_scc_k5,5,0.07804581827585241
cleanStatic,train,24,23.99060784,10,23,599515196,600015196,5594807.467362001,6876744.9330327315,ai_sparse_k9,9,0.12950645130118424
cleanStatic,train,24,23.99060784,10,23,599515196,600015196,5594807.467362001,6876744.9330327315,pg_scc_k9,9,0.06555414375908189
cleanStatic,train,24,23.99060784,10,23,599515196,600015196,5594807.467362001,6876744.9330327315,epl3,3,0.1267154814187628
cleanStatic,train,24,23.99060784,10,23,599515196,600015196,5594807.467362001,6876744.9330327315,fixed9,9,0.2213713693922351
cleanStatic,train,24,23.99060784,10,23,599515196,600015196,5594807.467362001,6876744.9330327315,random1_k3,3,0.15560617413122982
cleanStatic,train,24,23.99060784,10,23,599515196,600015196,5594807.467362001,6876744.9330327315,random2_k3,3,0.11201764153888012
cleanStatic,train,24,23.99060784,10,23,599515196,600015196,5594807.467362001,6876744.9330327315,random3_k3,3,0.555981251385411
cleanStatic,train,24,23.99060784,10,23,599515196,600015196,5594807.467362001,6876744.9330327315,random4_k3,3,0.19714007840628608
cleanStatic,train,24,23.99060784,10,23,599515196,600015196,5594807.467362001,6876744.9330327315,random5_k3,3,0.18969569529206362
cleanStatic,train,24,23.99060784,10,23,599515196,600015196,5594807.467362001,6876744.9330327315,random1_k5,5,0.3105058023279677
cleanStatic,train,24,23.99060784,10,23,599515196,600015196,5594807.467362001,6876744.9330327315,random2_k5,5,0.15721479754191975
cleanStatic,train,24,23.99060784,10,23,599515196,600015196,5594807.467362001,6876744.9330327315,random3_k5,5,0.3711401740953281
cleanStatic,train,24,23.99060784,10,23,599515196,600015196,5594807.467362001,6876744.9330327315,random4_k5,5,0.27141607622434843
cleanStatic,train,24,23.99060784,10,23,599515196,600015196,5594807.467362001,6876744.9330327315,random5_k5,5,0.1062172629640071
cleanStatic,train,24,23.99060784,10,23,599515196,600015196,5594807.467362001,6876744.9330327315,random1_k9,9,0.3066454936681532
cleanStatic,train,24,23.99060784,10,23,599515196,600015196,5594807.467362001,6876744.9330327315,random2_k9,9,0.06285719142522798
cleanStatic,train,24,23.99060784,10,23,599515196,600015196,5594807.467362001,6876744.9330327315,random3_k9,9,0.0664288484265759
cleanStatic,train,24,23.99060784,10,23,599515196,600015196,5594807.467362001,6876744.9330327315,random4_k9,9,0.1374689808428168
cleanStatic,train,24,23.99060784,10,23,599515196,600015196,5594807.467362001,6876744.9330327315,random5_k9,9,0.0706447239493238
cleanStatic,train,26,25.9912494,0,16,649531235,650031235,5568103.774594,5491599.144778966,dense_two_source_glrt,187,0.07320282629478017
cleanStatic,train,26,25.9912494,0,16,649531235,650031235,5568103.774594,5491599.144778966,dense_one_source_residual,187,0.33706053546574055
cleanStatic,train,26,25.9912494,0,16,649531235,650031235,5568103.774594,5491599.144778966,raw_power_only,0,5568103.774594
cleanStatic,train,26,25.9912494,0,16,649531235,650031235,5568103.774594,5491599.144778966,analytic_sparse_k3,3,0.05130926971953612
cleanStatic,train,26,25.9912494,0,16,649531235,650031235,5568103.774594,5491599.144778966,uniform_k3,3,0.23896306929124803
cleanStatic,train,26,25.9912494,0,16,649531235,650031235,5568103.774594,5491599.144778966,shuffled_k3,3,0.14411175194026205
cleanStatic,train,26,25.9912494,0,16,649531235,650031235,5568103.774594,5491599.144778966,analytic_sparse_k5,5,0.064916352431188
cleanStatic,train,26,25.9912494,0,16,649531235,650031235,5568103.774594,5491599.144778966,uniform_k5,5,0.13664747238053715
cleanStatic,train,26,25.9912494,0,16,649531235,650031235,5568103.774594,5491599.144778966,shuffled_k5,5,0.04986079586940885
cleanStatic,train,26,25.9912494,0,16,649531235,650031235,5568103.774594,5491599.144778966,analytic_sparse_k9,9,0.11554659088231044
cleanStatic,train,26,25.9912494,0,16,649531235,650031235,5568103.774594,5491599.144778966,uniform_k9,9,0.11120422614669649
cleanStatic,train,26,25.9912494,0,16,649531235,650031235,5568103.774594,5491599.144778966,shuffled_k9,9,0.15014094378917747
cleanStatic,train,26,25.9912494,0,16,649531235,650031235,5568103.774594,5491599.144778966,ai_sparse_k3,3,0.1222221687949241
cleanStatic,train,26,25.9912494,0,16,649531235,650031235,5568103.774594,5491599.144778966,pg_scc_k3,3,0.12281001897019743
cleanStatic,train,26,25.9912494,0,16,649531235,650031235,5568103.774594,5491599.144778966,ai_sparse_k5,5,0.030744295230492446
cleanStatic,train,26,25.9912494,0,16,649531235,650031235,5568103.774594,5491599.144778966,pg_scc_k5,5,0.10992811794059598
cleanStatic,train,26,25.9912494,0,16,649531235,650031235,5568103.774594,5491599.144778966,ai_sparse_k9,9,0.05966955845828048
cleanStatic,train,26,25.9912494,0,16,649531235,650031235,5568103.774594,5491599.144778966,pg_scc_k9,9,0.24341315447523057
cleanStatic,train,26,25.9912494,0,16,649531235,650031235,5568103.774594,5491599.144778966,epl3,3,0.2216853775401539
cleanStatic,train,26,25.9912494,0,16,649531235,650031235,5568103.774594,5491599.144778966,fixed9,9,0.05706227873337085
cleanStatic,train,26,25.9912494,0,16,649531235,650031235,5568103.774594,5491599.144778966,random1_k3,3,0.02141919185881418
cleanStatic,train,26,25.9912494,0,16,649531235,650031235,5568103.774594,5491599.144778966,random2_k3,3,0.12903068531954667
cleanStatic,train,26,25.9912494,0,16,649531235,650031235,5568103.774594,5491599.144778966,random3_k3,3,0.48021541582222366
cleanStatic,train,26,25.9912494,0,16,649531235,650031235,5568103.774594,5491599.144778966,random4_k3,3,0.07697942222578331
cleanStatic,train,26,25.9912494,0,16,649531235,650031235,5568103.774594,5491599.144778966,random5_k3,3,0.2387262987122313
cleanStatic,train,26,25.9912494,0,16,649531235,650031235,5568103.774594,5491599.144778966,random1_k5,5,0.2526217737853309
cleanStatic,train,26,25.9912494,0,16,649531235,650031235,5568103.774594,5491599.144778966,random2_k5,5,0.3202622083943213
cleanStatic,train,26,25.9912494,0,16,649531235,650031235,5568103.774594,5491599.144778966,random3_k5,5,0.17927977898551686
cleanStatic,train,26,25.9912494,0,16,649531235,650031235,5568103.774594,5491599.144778966,random4_k5,5,0.14072118419191998
cleanStatic,train,26,25.9912494,0,16,649531235,650031235,5568103.774594,5491599.144778966,random5_k5,5,0.10479898477836551
cleanStatic,train,26,25.9912494,0,16,649531235,650031235,5568103.774594,5491599.144778966,random1_k9,9,0.18773152315219951
cleanStatic,train,26,25.9912494,0,16,649531235,650031235,5568103.774594,5491599.144778966,random2_k9,9,0.12468503298453928
cleanStatic,train,26,25.9912494,0,16,649531235,650031235,5568103.774594,5491599.144778966,random3_k9,9,0.08498390246958926
cleanStatic,train,26,25.9912494,0,16,649531235,650031235,5568103.774594,5491599.144778966,random4_k9,9,0.041081484983153754
cleanStatic,train,26,25.9912494,0,16,649531235,650031235,5568103.774594,5491599.144778966,random5_k9,9,0.038730181811233916
cleanStatic,train,26,25.99055648,2,3,649513912,650013912,5564963.143197999,5961570.07750822,dense_two_source_glrt,187,0.08002135110559157
cleanStatic,train,26,25.99055648,2,3,649513912,650013912,5564963.143197999,5961570.07750822,dense_one_source_residual,187,0.30214487202961476
cleanStatic,train,26,25.99055648,2,3,649513912,650013912,5564963.143197999,5961570.07750822,raw_power_only,0,5564963.143197999
cleanStatic,train,26,25.99055648,2,3,649513912,650013912,5564963.143197999,5961570.07750822,analytic_sparse_k3,3,0.22208350524402323
cleanStatic,train,26,25.99055648,2,3,649513912,650013912,5564963.143197999,5961570.07750822,uniform_k3,3,0.4274567956856885
cleanStatic,train,26,25.99055648,2,3,649513912,650013912,5564963.143197999,5961570.07750822,shuffled_k3,3,0.05826663600031939
cleanStatic,train,26,25.99055648,2,3,649513912,650013912,5564963.143197999,5961570.07750822,analytic_sparse_k5,5,0.30520864600535774
cleanStatic,train,26,25.99055648,2,3,649513912,650013912,5564963.143197999,5961570.07750822,uniform_k5,5,0.23391792858350766
cleanStatic,train,26,25.99055648,2,3,649513912,650013912,5564963.143197999,5961570.07750822,shuffled_k5,5,0.4080936989383619
cleanStatic,train,26,25.99055648,2,3,649513912,650013912,5564963.143197999,5961570.07750822,analytic_sparse_k9,9,0.28125876054834215
cleanStatic,train,26,25.99055648,2,3,649513912,650013912,5564963.143197999,5961570.07750822,uniform_k9,9,0.10345969125805368
cleanStatic,train,26,25.99055648,2,3,649513912,650013912,5564963.143197999,5961570.07750822,shuffled_k9,9,0.07648425048316526
cleanStatic,train,26,25.99055648,2,3,649513912,650013912,5564963.143197999,5961570.07750822,ai_sparse_k3,3,0.14999176675750217
cleanStatic,train,26,25.99055648,2,3,649513912,650013912,5564963.143197999,5961570.07750822,pg_scc_k3,3,0.07304341111027356
cleanStatic,train,26,25.99055648,2,3,649513912,650013912,5564963.143197999,5961570.07750822,ai_sparse_k5,5,0.1445246227774744
cleanStatic,train,26,25.99055648,2,3,649513912,650013912,5564963.143197999,5961570.07750822,pg_scc_k5,5,0.15656223700051722
cleanStatic,train,26,25.99055648,2,3,649513912,650013912,5564963.143197999,5961570.07750822,ai_sparse_k9,9,0.1030185656606592
cleanStatic,train,26,25.99055648,2,3,649513912,650013912,5564963.143197999,5961570.07750822,pg_scc_k9,9,0.1348632801307325
cleanStatic,train,26,25.99055648,2,3,649513912,650013912,5564963.143197999,5961570.07750822,epl3,3,0.1403397180635832
cleanStatic,train,26,25.99055648,2,3,649513912,650013912,5564963.143197999,5961570.07750822,fixed9,9,0.08685169241931183
cleanStatic,train,26,25.99055648,2,3,649513912,650013912,5564963.143197999,5961570.07750822,random1_k3,3,0.27791428361996373
cleanStatic,train,26,25.99055648,2,3,649513912,650013912,5564963.143197999,5961570.07750822,random2_k3,3,0.30914972457085366
cleanStatic,train,26,25.99055648,2,3,649513912,650013912,5564963.143197999,5961570.07750822,random3_k3,3,0.05239971641665437
cleanStatic,train,26,25.99055648,2,3,649513912,650013912,5564963.143197999,5961570.07750822,random4_k3,3,0.08188836241075889
cleanStatic,train,26,25.99055648,2,3,649513912,650013912,5564963.143197999,5961570.07750822,random5_k3,3,0.1818450890127087
cleanStatic,train,26,25.99055648,2,3,649513912,650013912,5564963.143197999,5961570.07750822,random1_k5,5,0.04635345168107764
cleanStatic,train,26,25.99055648,2,3,649513912,650013912,5564963.143197999,5961570.07750822,random2_k5,5,0.31038202154089584
cleanStatic,train,26,25.99055648,2,3,649513912,650013912,5564963.143197999,5961570.07750822,random3_k5,5,0.04473625586991037
cleanStatic,train,26,25.99055648,2,3,649513912,650013912,5564963.143197999,5961570.07750822,random4_k5,5,0.1278739315173648
cleanStatic,train,26,25.99055648,2,3,649513912,650013912,5564963.143197999,5961570.07750822,random5_k5,5,0.2404443561979778
cleanStatic,train,26,25.99055648,2,3,649513912,650013912,5564963.143197999,5961570.07750822,random1_k9,9,0.05052060055145538
cleanStatic,train,26,25.99055648,2,3,649513912,650013912,5564963.143197999,5961570.07750822,random2_k9,9,0.20403880359302826
cleanStatic,train,26,25.99055648,2,3,649513912,650013912,5564963.143197999,5961570.07750822,random3_k9,9,0.17307829006879136
cleanStatic,train,26,25.99055648,2,3,649513912,650013912,5564963.143197999,5961570.07750822,random4_k9,9,0.07470628746376799
cleanStatic,train,26,25.99055648,2,3,649513912,650013912,5564963.143197999,5961570.07750822,random5_k9,9,0.19795301202543059
cleanStatic,train,26,26.00129464,3,20,649782366,650282366,5606344.4562180005,2235669.802190612,dense_two_source_glrt,187,0.2683835009288274
cleanStatic,train,26,26.00129464,3,20,649782366,650282366,5606344.4562180005,2235669.802190612,dense_one_source_residual,187,1.8297178703659502
cleanStatic,train,26,26.00129464,3,20,649782366,650282366,5606344.4562180005,2235669.802190612,raw_power_only,0,5606344.4562180005
cleanStatic,train,26,26.00129464,3,20,649782366,650282366,5606344.4562180005,2235669.802190612,analytic_sparse_k3,3,0.7832412293366855
cleanStatic,train,26,26.00129464,3,20,649782366,650282366,5606344.4562180005,2235669.802190612,uniform_k3,3,0.09920274533231194
cleanStatic,train,26,26.00129464,3,20,649782366,650282366,5606344.4562180005,2235669.802190612,shuffled_k3,3,1.0762954131115452
cleanStatic,train,26,26.00129464,3,20,649782366,650282366,5606344.4562180005,2235669.802190612,analytic_sparse_k5,5,0.7800588846039724
cleanStatic,train,26,26.00129464,3,20,649782366,650282366,5606344.4562180005,2235669.802190612,uniform_k5,5,0.206667311582129
cleanStatic,train,26,26.00129464,3,20,649782366,650282366,5606344.4562180005,2235669.802190612,shuffled_k5,5,0.7739632133573167
cleanStatic,train,26,26.00129464,3,20,649782366,650282366,5606344.4562180005,2235669.802190612,analytic_sparse_k9,9,0.6906625263779325
cleanStatic,train,26,26.00129464,3,20,649782366,650282366,5606344.4562180005,2235669.802190612,uniform_k9,9,0.023159008247625498
cleanStatic,train,26,26.00129464,3,20,649782366,650282366,5606344.4562180005,2235669.802190612,shuffled_k9,9,0.6835544631929338
cleanStatic,train,26,26.00129464,3,20,649782366,650282366,5606344.4562180005,2235669.802190612,ai_sparse_k3,3,1.0368399812189633
cleanStatic,train,26,26.00129464,3,20,649782366,650282366,5606344.4562180005,2235669.802190612,pg_scc_k3,3,1.1126715078629064
cleanStatic,train,26,26.00129464,3,20,649782366,650282366,5606344.4562180005,2235669.802190612,ai_sparse_k5,5,0.6521814967809714
cleanStatic,train,26,26.00129464,3,20,649782366,650282366,5606344.4562180005,2235669.802190612,pg_scc_k5,5,0.6014754691048276
cleanStatic,train,26,26.00129464,3,20,649782366,650282366,5606344.4562180005,2235669.802190612,ai_sparse_k9,9,0.7922082561802104
cleanStatic,train,26,26.00129464,3,20,649782366,650282366,5606344.4562180005,2235669.802190612,pg_scc_k9,9,0.47334474597656256
cleanStatic,train,26,26.00129464,3,20,649782366,650282366,5606344.4562180005,2235669.802190612,epl3,3,1.904335198148261
cleanStatic,train,26,26.00129464,3,20,649782366,650282366,5606344.4562180005,2235669.802190612,fixed9,9,1.3207939845567127
cleanStatic,train,26,26.00129464,3,20,649782366,650282366,5606344.4562180005,2235669.802190612,random1_k3,3,1.3378292964164238
cleanStatic,train,26,26.00129464,3,20,649782366,650282366,5606344.4562180005,2235669.802190612,random2_k3,3,1.2532439961354618
cleanStatic,train,26,26.00129464,3,20,649782366,650282366,5606344.4562180005,2235669.802190612,random3_k3,3,1.013543424982923
cleanStatic,train,26,26.00129464,3,20,649782366,650282366,5606344.4562180005,2235669.802190612,random4_k3,3,0.9839609157442094
cleanStatic,train,26,26.00129464,3,20,649782366,650282366,5606344.4562180005,2235669.802190612,random5_k3,3,0.23882421321441671
cleanStatic,train,26,26.00129464,3,20,649782366,650282366,5606344.4562180005,2235669.802190612,random1_k5,5,0.41242803432508646
cleanStatic,train,26,26.00129464,3,20,649782366,650282366,5606344.4562180005,2235669.802190612,random2_k5,5,0.903166115972746
cleanStatic,train,26,26.00129464,3,20,649782366,650282366,5606344.4562180005,2235669.802190612,random3_k5,5,0.775564753805632
cleanStatic,train,26,26.00129464,3,20,649782366,650282366,5606344.4562180005,2235669.802190612,random4_k5,5,1.0031423340709822
cleanStatic,train,26,26.00129464,3,20,649782366,650282366,5606344.4562180005,2235669.802190612,random5_k5,5,0.6152299095971514
cleanStatic,train,26,26.00129464,3,20,649782366,650282366,5606344.4562180005,2235669.802190612,random1_k9,9,0.7753672489113661
cleanStatic,train,26,26.00129464,3,20,649782366,650282366,5606344.4562180005,2235669.802190612,random2_k9,9,0.5630798858850312
cleanStatic,train,26,26.00129464,3,20,649782366,650282366,5606344.4562180005,2235669.802190612,random3_k9,9,0.7650459934779492
cleanStatic,train,26,26.00129464,3,20,649782366,650282366,5606344.4562180005,2235669.802190612,random4_k9,9,0.8520193236977477
cleanStatic,train,26,26.00129464,3,20,649782366,650282366,5606344.4562180005,2235669.802190612,random5_k9,9,0.5900159120610705
cleanStatic,train,26,26.02559804,4,30,650389951,650889951,5623244.890862,2158137.461322258,dense_two_source_glrt,187,0.4072658138506054
cleanStatic,train,26,26.02559804,4,30,650389951,650889951,5623244.890862,2158137.461322258,dense_one_source_residual,187,1.7605196102801832
cleanStatic,train,26,26.02559804,4,30,650389951,650889951,5623244.890862,2158137.461322258,raw_power_only,0,5623244.890862
cleanStatic,train,26,26.02559804,4,30,650389951,650889951,5623244.890862,2158137.461322258,analytic_sparse_k3,3,0.5239308624016797
cleanStatic,train,26,26.02559804,4,30,650389951,650889951,5623244.890862,2158137.461322258,uniform_k3,3,0.43321369450678393
cleanStatic,train,26,26.02559804,4,30,650389951,650889951,5623244.890862,2158137.461322258,shuffled_k3,3,0.264010105777563
cleanStatic,train,26,26.02559804,4,30,650389951,650889951,5623244.890862,2158137.461322258,analytic_sparse_k5,5,0.7390945049762554
cleanStatic,train,26,26.02559804,4,30,650389951,650889951,5623244.890862,2158137.461322258,uniform_k5,5,0.7849875058412115
cleanStatic,train,26,26.02559804,4,30,650389951,650889951,5623244.890862,2158137.461322258,shuffled_k5,5,0.5139843988162569
cleanStatic,train,26,26.02559804,4,30,650389951,650889951,5623244.890862,2158137.461322258,analytic_sparse_k9,9,0.700522993084771
cleanStatic,train,26,26.02559804,4,30,650389951,650889951,5623244.890862,2158137.461322258,uniform_k9,9,0.39971715150641374
cleanStatic,train,26,26.02559804,4,30,650389951,650889951,5623244.890862,2158137.461322258,shuffled_k9,9,0.37390970691909
cleanStatic,train,26,26.02559804,4,30,650389951,650889951,5623244.890862,2158137.461322258,ai_sparse_k3,3,1.386867138255977
cleanStatic,train,26,26.02559804,4,30,650389951,650889951,5623244.890862,2158137.461322258,pg_scc_k3,3,0.4436354361840287
cleanStatic,train,26,26.02559804,4,30,650389951,650889951,5623244.890862,2158137.461322258,ai_sparse_k5,5,1.8121075902029251
cleanStatic,train,26,26.02559804,4,30,650389951,650889951,5623244.890862,2158137.461322258,pg_scc_k5,5,1.3463318103984427
cleanStatic,train,26,26.02559804,4,30,650389951,650889951,5623244.890862,2158137.461322258,ai_sparse_k9,9,1.6940817331612616
cleanStatic,train,26,26.02559804,4,30,650389951,650889951,5623244.890862,2158137.461322258,pg_scc_k9,9,1.1575694884244716
cleanStatic,train,26,26.02559804,4,30,650389951,650889951,5623244.890862,2158137.461322258,epl3,3,0.20928796031093289
cleanStatic,train,26,26.02559804,4,30,650389951,650889951,5623244.890862,2158137.461322258,fixed9,9,0.20996158864862885
cleanStatic,train,26,26.02559804,4,30,650389951,650889951,5623244.890862,2158137.461322258,random1_k3,3,1.3568165610806133
cleanStatic,train,26,26.02559804,4,30,650389951,650889951,5623244.890862,2158137.461322258,random2_k3,3,2.4594928033404138
cleanStatic,train,26,26.02559804,4,30,650389951,650889951,5623244.890862,2158137.461322258,random3_k3,3,1.302394315088028
cleanStatic,train,26,26.02559804,4,30,650389951,650889951,5623244.890862,2158137.461322258,random4_k3,3,1.378823606126949
cleanStatic,train,26,26.02559804,4,30,650389951,650889951,5623244.890862,2158137.461322258,random5_k3,3,3.168321910230775
cleanStatic,train,26,26.02559804,4,30,650389951,650889951,5623244.890862,2158137.461322258,random1_k5,5,0.6364570855313708
cleanStatic,train,26,26.02559804,4,30,650389951,650889951,5623244.890862,2158137.461322258,random2_k5,5,0.6769289991927576
cleanStatic,train,26,26.02559804,4,30,650389951,650889951,5623244.890862,2158137.461322258,random3_k5,5,1.2465208476708605
cleanStatic,train,26,26.02559804,4,30,650389951,650889951,5623244.890862,2158137.461322258,random4_k5,5,0.9346123627366401
cleanStatic,train,26,26.02559804,4,30,650389951,650889951,5623244.890862,2158137.461322258,random5_k5,5,0.6163502245340053
cleanStatic,train,26,26.02559804,4,30,650389951,650889951,5623244.890862,2158137.461322258,random1_k9,9,0.8893054075933277
cleanStatic,train,26,26.02559804,4,30,650389951,650889951,5623244.890862,2158137.461322258,random2_k9,9,0.9171459145591336
cleanStatic,train,26,26.02559804,4,30,650389951,650889951,5623244.890862,2158137.461322258,random3_k9,9,0.5482236849314182
cleanStatic,train,26,26.02559804,4,30,650389951,650889951,5623244.890862,2158137.461322258,random4_k9,9,0.625589596555646
cleanStatic,train,26,26.02559804,4,30,650389951,650889951,5623244.890862,2158137.461322258,random5_k9,9,0.7006951721540707
cleanStatic,train,26,25.9906502,5,6,649516255,650016255,5565771.023076001,4607682.755044399,dense_two_source_glrt,187,0.09227657775629922
cleanStatic,train,26,25.9906502,5,6,649516255,650016255,5565771.023076001,4607682.755044399,dense_one_source_residual,187,0.4231549902691652
cleanStatic,train,26,25.9906502,5,6,649516255,650016255,5565771.023076001,4607682.755044399,raw_power_only,0,5565771.023076001
cleanStatic,train,26,25.9906502,5,6,649516255,650016255,5565771.023076001,4607682.755044399,analytic_sparse_k3,3,1.0011297678747555
cleanStatic,train,26,25.9906502,5,6,649516255,650016255,5565771.023076001,4607682.755044399,uniform_k3,3,0.16735143257589077
cleanStatic,train,26,25.9906502,5,6,649516255,650016255,5565771.023076001,4607682.755044399,shuffled_k3,3,0.1477143047711357
cleanStatic,train,26,25.9906502,5,6,649516255,650016255,5565771.023076001,4607682.755044399,analytic_sparse_k5,5,0.562361147862422
cleanStatic,train,26,25.9906502,5,6,649516255,650016255,5565771.023076001,4607682.755044399,uniform_k5,5,0.13943773990257563
cleanStatic,train,26,25.9906502,5,6,649516255,650016255,5565771.023076001,4607682.755044399,shuffled_k5,5,0.15834791221314082
cleanStatic,train,26,25.9906502,5,6,649516255,650016255,5565771.023076001,4607682.755044399,analytic_sparse_k9,9,0.2025463736130588
cleanStatic,train,26,25.9906502,5,6,649516255,650016255,5565771.023076001,4607682.755044399,uniform_k9,9,0.09991066716947768
cleanStatic,train,26,25.9906502,5,6,649516255,650016255,5565771.023076001,4607682.755044399,shuffled_k9,9,0.06242067136371365
cleanStatic,train,26,25.9906502,5,6,649516255,650016255,5565771.023076001,4607682.755044399,ai_sparse_k3,3,0.39797285953596434
cleanStatic,train,26,25.9906502,5,6,649516255,650016255,5565771.023076001,4607682.755044399,pg_scc_k3,3,0.2428370583223128
cleanStatic,train,26,25.9906502,5,6,649516255,650016255,5565771.023076001,4607682.755044399,ai_sparse_k5,5,0.23947839523433126
cleanStatic,train,26,25.9906502,5,6,649516255,650016255,5565771.023076001,4607682.755044399,pg_scc_k5,5,0.20823465009578174
cleanStatic,train,26,25.9906502,5,6,649516255,650016255,5565771.023076001,4607682.755044399,ai_sparse_k9,9,0.17519919559349695
cleanStatic,train,26,25.9906502,5,6,649516255,650016255,5565771.023076001,4607682.755044399,pg_scc_k9,9,0.11742563163043254
cleanStatic,train,26,25.9906502,5,6,649516255,650016255,5565771.023076001,4607682.755044399,epl3,3,0.06075488564142717
cleanStatic,train,26,25.9906502,5,6,649516255,650016255,5565771.023076001,4607682.755044399,fixed9,9,0.060504912399277654
cleanStatic,train,26,25.9906502,5,6,649516255,650016255,5565771.023076001,4607682.755044399,random1_k3,3,0.1493166830844609
cleanStatic,train,26,25.9906502,5,6,649516255,650016255,5565771.023076001,4607682.755044399,random2_k3,3,0.027746084555895934
cleanStatic,train,26,25.9906502,5,6,649516255,650016255,5565771.023076001,4607682.755044399,random3_k3,3,0.0440560445742969
cleanStatic,train,26,25.9906502,5,6,649516255,650016255,5565771.023076001,4607682.755044399,random4_k3,3,0.5800580554293592
cleanStatic,train,26,25.9906502,5,6,649516255,650016255,5565771.023076001,4607682.755044399,random5_k3,3,0.13842494528858504
cleanStatic,train,26,25.9906502,5,6,649516255,650016255,5565771.023076001,4607682.755044399,random1_k5,5,0.5995065577619496
cleanStatic,train,26,25.9906502,5,6,649516255,650016255,5565771.023076001,4607682.755044399,random2_k5,5,0.07625204537507416
cleanStatic,train,26,25.9906502,5,6,649516255,650016255,5565771.023076001,4607682.755044399,random3_k5,5,0.14483420611246672
cleanStatic,train,26,25.9906502,5,6,649516255,650016255,5565771.023076001,4607682.755044399,random4_k5,5,0.5092021601665918
cleanStatic,train,26,25.9906502,5,6,649516255,650016255,5565771.023076001,4607682.755044399,random5_k5,5,0.2715958045552337
cleanStatic,train,26,25.9906502,5,6,649516255,650016255,5565771.023076001,4607682.755044399,random1_k9,9,0.3859346946159639
cleanStatic,train,26,25.9906502,5,6,649516255,650016255,5565771.023076001,4607682.755044399,random2_k9,9,0.20132752909240756
cleanStatic,train,26,25.9906502,5,6,649516255,650016255,5565771.023076001,4607682.755044399,random3_k9,9,0.10760667306457683
cleanStatic,train,26,25.9906502,5,6,649516255,650016255,5565771.023076001,4607682.755044399,random4_k9,9,0.2593080036125239
cleanStatic,train,26,25.9906502,5,6,649516255,650016255,5565771.023076001,4607682.755044399,random5_k9,9,0.11730391730055237
cleanStatic,train,26,25.99022696,6,7,649505674,650005674,5565751.759650001,4940944.4551183,dense_two_source_glrt,187,0.1109382697395043
cleanStatic,train,26,25.99022696,6,7,649505674,650005674,5565751.759650001,4940944.4551183,dense_one_source_residual,187,1.4090635926825843
cleanStatic,train,26,25.99022696,6,7,649505674,650005674,5565751.759650001,4940944.4551183,raw_power_only,0,5565751.759650001
cleanStatic,train,26,25.99022696,6,7,649505674,650005674,5565751.759650001,4940944.4551183,analytic_sparse_k3,3,0.5638694565779231
cleanStatic,train,26,25.99022696,6,7,649505674,650005674,5565751.759650001,4940944.4551183,uniform_k3,3,2.443576777840908
cleanStatic,train,26,25.99022696,6,7,649505674,650005674,5565751.759650001,4940944.4551183,shuffled_k3,3,0.30947098369397336
cleanStatic,train,26,25.99022696,6,7,649505674,650005674,5565751.759650001,4940944.4551183,analytic_sparse_k5,5,0.42101391633317375
cleanStatic,train,26,25.99022696,6,7,649505674,650005674,5565751.759650001,4940944.4551183,uniform_k5,5,1.4688993384878501
cleanStatic,train,26,25.99022696,6,7,649505674,650005674,5565751.759650001,4940944.4551183,shuffled_k5,5,0.6178472752058252
cleanStatic,train,26,25.99022696,6,7,649505674,650005674,5565751.759650001,4940944.4551183,analytic_sparse_k9,9,0.23037827659811771
cleanStatic,train,26,25.99022696,6,7,649505674,650005674,5565751.759650001,4940944.4551183,uniform_k9,9,0.1902642298204476
cleanStatic,train,26,25.99022696,6,7,649505674,650005674,5565751.759650001,4940944.4551183,shuffled_k9,9,0.22015466714424686
cleanStatic,train,26,25.99022696,6,7,649505674,650005674,5565751.759650001,4940944.4551183,ai_sparse_k3,3,0.21609635431230825
cleanStatic,train,26,25.99022696,6,7,649505674,650005674,5565751.759650001,4940944.4551183,pg_scc_k3,3,0.4140653443341014
cleanStatic,train,26,25.99022696,6,7,649505674,650005674,5565751.759650001,4940944.4551183,ai_sparse_k5,5,0.05190859199197848
cleanStatic,train,26,25.99022696,6,7,649505674,650005674,5565751.759650001,4940944.4551183,pg_scc_k5,5,0.25502829465571536
cleanStatic,train,26,25.99022696,6,7,649505674,650005674,5565751.759650001,4940944.4551183,ai_sparse_k9,9,0.03294047122883429
cleanStatic,train,26,25.99022696,6,7,649505674,650005674,5565751.759650001,4940944.4551183,pg_scc_k9,9,0.31127482234412807
cleanStatic,train,26,25.99022696,6,7,649505674,650005674,5565751.759650001,4940944.4551183,epl3,3,1.038633436885445
cleanStatic,train,26,25.99022696,6,7,649505674,650005674,5565751.759650001,4940944.4551183,fixed9,9,0.13617766262561787
cleanStatic,train,26,25.99022696,6,7,649505674,650005674,5565751.759650001,4940944.4551183,random1_k3,3,0.8018304671308397
cleanStatic,train,26,25.99022696,6,7,649505674,650005674,5565751.759650001,4940944.4551183,random2_k3,3,0.4150411715209666
cleanStatic,train,26,25.99022696,6,7,649505674,650005674,5565751.759650001,4940944.4551183,random3_k3,3,0.43578828422105076
cleanStatic,train,26,25.99022696,6,7,649505674,650005674,5565751.759650001,4940944.4551183,random4_k3,3,1.1026454734920303
cleanStatic,train,26,25.99022696,6,7,649505674,650005674,5565751.759650001,4940944.4551183,random5_k3,3,0.4080655976167795
cleanStatic,train,26,25.99022696,6,7,649505674,650005674,5565751.759650001,4940944.4551183,random1_k5,5,0.45749721532993437
cleanStatic,train,26,25.99022696,6,7,649505674,650005674,5565751.759650001,4940944.4551183,random2_k5,5,0.6071522258811861
cleanStatic,train,26,25.99022696,6,7,649505674,650005674,5565751.759650001,4940944.4551183,random3_k5,5,0.4369377533651875
cleanStatic,train,26,25.99022696,6,7,649505674,650005674,5565751.759650001,4940944.4551183,random4_k5,5,0.601399027671288
cleanStatic,train,26,25.99022696,6,7,649505674,650005674,5565751.759650001,4940944.4551183,random5_k5,5,0.45383956274700027
cleanStatic,train,26,25.99022696,6,7,649505674,650005674,5565751.759650001,4940944.4551183,random1_k9,9,0.40427179072153685
cleanStatic,train,26,25.99022696,6,7,649505674,650005674,5565751.759650001,4940944.4551183,random2_k9,9,0.15247605490095614
cleanStatic,train,26,25.99022696,6,7,649505674,650005674,5565751.759650001,4940944.4551183,random3_k9,9,0.38972802064726
cleanStatic,train,26,25.99022696,6,7,649505674,650005674,5565751.759650001,4940944.4551183,random4_k9,9,0.39341604750168685
cleanStatic,train,26,25.99022696,6,7,649505674,650005674,5565751.759650001,4940944.4551183,random5_k9,9,0.3387939144550164
cleanStatic,train,26,25.99038516,7,10,649509629,650009629,5564947.597991999,2511276.628327241,dense_two_source_glrt,187,0.11142596055622529
cleanStatic,train,26,25.99038516,7,10,649509629,650009629,5564947.597991999,2511276.628327241,dense_one_source_residual,187,0.9860880431095451
cleanStatic,train,26,25.99038516,7,10,649509629,650009629,5564947.597991999,2511276.628327241,raw_power_only,0,5564947.597991999
cleanStatic,train,26,25.99038516,7,10,649509629,650009629,5564947.597991999,2511276.628327241,analytic_sparse_k3,3,0.562572176158954
cleanStatic,train,26,25.99038516,7,10,649509629,650009629,5564947.597991999,2511276.628327241,uniform_k3,3,0.609889523686617
cleanStatic,train,26,25.99038516,7,10,649509629,650009629,5564947.597991999,2511276.628327241,shuffled_k3,3,0.15908048909422975
cleanStatic,train,26,25.99038516,7,10,649509629,650009629,5564947.597991999,2511276.628327241,analytic_sparse_k5,5,0.6022233394046836
cleanStatic,train,26,25.99038516,7,10,649509629,650009629,5564947.597991999,2511276.628327241,uniform_k5,5,0.33191457226718435
cleanStatic,train,26,25.99038516,7,10,649509629,650009629,5564947.597991999,2511276.628327241,shuffled_k5,5,0.12693172435140357
cleanStatic,train,26,25.99038516,7,10,649509629,650009629,5564947.597991999,2511276.628327241,analytic_sparse_k9,9,0.6482688395305231
cleanStatic,train,26,25.99038516,7,10,649509629,650009629,5564947.597991999,2511276.628327241,uniform_k9,9,0.2706623405277245
cleanStatic,train,26,25.99038516,7,10,649509629,650009629,5564947.597991999,2511276.628327241,shuffled_k9,9,0.26843686769655295
cleanStatic,train,26,25.99038516,7,10,649509629,650009629,5564947.597991999,2511276.628327241,ai_sparse_k3,3,0.6058214667038134
cleanStatic,train,26,25.99038516,7,10,649509629,650009629,5564947.597991999,2511276.628327241,pg_scc_k3,3,0.2361476787338529
cleanStatic,train,26,25.99038516,7,10,649509629,650009629,5564947.597991999,2511276.628327241,ai_sparse_k5,5,0.5679813097553734
cleanStatic,train,26,25.99038516,7,10,649509629,650009629,5564947.597991999,2511276.628327241,pg_scc_k5,5,0.27924089917973205
cleanStatic,train,26,25.99038516,7,10,649509629,650009629,5564947.597991999,2511276.628327241,ai_sparse_k9,9,0.3499659500068095
cleanStatic,train,26,25.99038516,7,10,649509629,650009629,5564947.597991999,2511276.628327241,pg_scc_k9,9,0.15771465187294753
cleanStatic,train,26,25.99038516,7,10,649509629,650009629,5564947.597991999,2511276.628327241,epl3,3,0.8004300541131273
cleanStatic,train,26,25.99038516,7,10,649509629,650009629,5564947.597991999,2511276.628327241,fixed9,9,0.1125264602789696
cleanStatic,train,26,25.99038516,7,10,649509629,650009629,5564947.597991999,2511276.628327241,random1_k3,3,0.6856155593636708
cleanStatic,train,26,25.99038516,7,10,649509629,650009629,5564947.597991999,2511276.628327241,random2_k3,3,0.14614364706305707
cleanStatic,train,26,25.99038516,7,10,649509629,650009629,5564947.597991999,2511276.628327241,random3_k3,3,0.7930096188471709
cleanStatic,train,26,25.99038516,7,10,649509629,650009629,5564947.597991999,2511276.628327241,random4_k3,3,0.8058985173131733
cleanStatic,train,26,25.99038516,7,10,649509629,650009629,5564947.597991999,2511276.628327241,random5_k3,3,0.3882226185122741
cleanStatic,train,26,25.99038516,7,10,649509629,650009629,5564947.597991999,2511276.628327241,random1_k5,5,0.5503017868602387
cleanStatic,train,26,25.99038516,7,10,649509629,650009629,5564947.597991999,2511276.628327241,random2_k5,5,0.34994097366081717
cleanStatic,train,26,25.99038516,7,10,649509629,650009629,5564947.597991999,2511276.628327241,random3_k5,5,0.1577393430663764
cleanStatic,train,26,25.99038516,7,10,649509629,650009629,5564947.597991999,2511276.628327241,random4_k5,5,0.5039619351197621
cleanStatic,train,26,25.99038516,7,10,649509629,650009629,5564947.597991999,2511276.628327241,random5_k5,5,0.4491478760734087
cleanStatic,train,26,25.99038516,7,10,649509629,650009629,5564947.597991999,2511276.628327241,random1_k9,9,0.09712427566347752
cleanStatic,train,26,25.99038516,7,10,649509629,650009629,5564947.597991999,2511276.628327241,random2_k9,9,0.31357149505572846
cleanStatic,train,26,25.99038516,7,10,649509629,650009629,5564947.597991999,2511276.628327241,random3_k9,9,0.08178991911857222
cleanStatic,train,26,25.99038516,7,10,649509629,650009629,5564947.597991999,2511276.628327241,random4_k9,9,0.6322997127325389
cleanStatic,train,26,25.99038516,7,10,649509629,650009629,5564947.597991999,2511276.628327241,random5_k9,9,0.08952581497885514
cleanStatic,train,26,26.00470324,8,13,649867581,650367581,5603921.239384,6599492.772479823,dense_two_source_glrt,187,0.07539800265759718
cleanStatic,train,26,26.00470324,8,13,649867581,650367581,5603921.239384,6599492.772479823,dense_one_source_residual,187,0.3334694205924994
cleanStatic,train,26,26.00470324,8,13,649867581,650367581,5603921.239384,6599492.772479823,raw_power_only,0,5603921.239384
cleanStatic,train,26,26.00470324,8,13,649867581,650367581,5603921.239384,6599492.772479823,analytic_sparse_k3,3,0.07707687198141115
cleanStatic,train,26,26.00470324,8,13,649867581,650367581,5603921.239384,6599492.772479823,uniform_k3,3,0.11942938719171325
cleanStatic,train,26,26.00470324,8,13,649867581,650367581,5603921.239384,6599492.772479823,shuffled_k3,3,0.1647632117782678
cleanStatic,train,26,26.00470324,8,13,649867581,650367581,5603921.239384,6599492.772479823,analytic_sparse_k5,5,0.11292766115295101
cleanStatic,train,26,26.00470324,8,13,649867581,650367581,5603921.239384,6599492.772479823,uniform_k5,5,0.15788475555255257
cleanStatic,train,26,26.00470324,8,13,649867581,650367581,5603921.239384,6599492.772479823,shuffled_k5,5,0.11250354468101828
cleanStatic,train,26,26.00470324,8,13,649867581,650367581,5603921.239384,6599492.772479823,analytic_sparse_k9,9,0.033296564869384024
cleanStatic,train,26,26.00470324,8,13,649867581,650367581,5603921.239384,6599492.772479823,uniform_k9,9,0.046360923466876355
cleanStatic,train,26,26.00470324,8,13,649867581,650367581,5603921.239384,6599492.772479823,shuffled_k9,9,0.19397728199679992
cleanStatic,train,26,26.00470324,8,13,649867581,650367581,5603921.239384,6599492.772479823,ai_sparse_k3,3,0.10293304019771603
cleanStatic,train,26,26.00470324,8,13,649867581,650367581,5603921.239384,6599492.772479823,pg_scc_k3,3,0.03453433525909052
cleanStatic,train,26,26.00470324,8,13,649867581,650367581,5603921.239384,6599492.772479823,ai_sparse_k5,5,0.0814490724893367
cleanStatic,train,26,26.00470324,8,13,649867581,650367581,5603921.239384,6599492.772479823,pg_scc_k5,5,0.019673545957797245
cleanStatic,train,26,26.00470324,8,13,649867581,650367581,5603921.239384,6599492.772479823,ai_sparse_k9,9,0.09411617595038752
cleanStatic,train,26,26.00470324,8,13,649867581,650367581,5603921.239384,6599492.772479823,pg_scc_k9,9,0.016847502934351086
cleanStatic,train,26,26.00470324,8,13,649867581,650367581,5603921.239384,6599492.772479823,epl3,3,0.33388400119469847
cleanStatic,train,26,26.00470324,8,13,649867581,650367581,5603921.239384,6599492.772479823,fixed9,9,0.2104839267192563
cleanStatic,train,26,26.00470324,8,13,649867581,650367581,5603921.239384,6599492.772479823,random1_k3,3,0.21179507877642847
cleanStatic,train,26,26.00470324,8,13,649867581,650367581,5603921.239384,6599492.772479823,random2_k3,3,0.22745472286899263
cleanStatic,train,26,26.00470324,8,13,649867581,650367581,5603921.239384,6599492.772479823,random3_k3,3,0.25975057232379356
cleanStatic,train,26,26.00470324,8,13,649867581,650367581,5603921.239384,6599492.772479823,random4_k3,3,0.20354235609837357
cleanStatic,train,26,26.00470324,8,13,649867581,650367581,5603921.239384,6599492.772479823,random5_k3,3,0.08393508071133532
cleanStatic,train,26,26.00470324,8,13,649867581,650367581,5603921.239384,6599492.772479823,random1_k5,5,0.15725124666660634
cleanStatic,train,26,26.00470324,8,13,649867581,650367581,5603921.239384,6599492.772479823,random2_k5,5,0.05349012550730879
cleanStatic,train,26,26.00470324,8,13,649867581,650367581,5603921.239384,6599492.772479823,random3_k5,5,0.2639239447666693
cleanStatic,train,26,26.00470324,8,13,649867581,650367581,5603921.239384,6599492.772479823,random4_k5,5,0.1161773362420647
cleanStatic,train,26,26.00470324,8,13,649867581,650367581,5603921.239384,6599492.772479823,random5_k5,5,0.3677087605569292
cleanStatic,train,26,26.00470324,8,13,649867581,650367581,5603921.239384,6599492.772479823,random1_k9,9,0.06248279598976877
cleanStatic,train,26,26.00470324,8,13,649867581,650367581,5603921.239384,6599492.772479823,random2_k9,9,0.07655168395753591
cleanStatic,train,26,26.00470324,8,13,649867581,650367581,5603921.239384,6599492.772479823,random3_k9,9,0.27674968860747745
cleanStatic,train,26,26.00470324,8,13,649867581,650367581,5603921.239384,6599492.772479823,random4_k9,9,0.1729172638561975
cleanStatic,train,26,26.00470324,8,13,649867581,650367581,5603921.239384,6599492.772479823,random5_k9,9,0.09919773250088054
cleanStatic,train,26,26.00355192,9,19,649838798,650338798,5611796.3184239995,4732596.7242348995,dense_two_source_glrt,187,0.16420391121877553
cleanStatic,train,26,26.00355192,9,19,649838798,650338798,5611796.3184239995,4732596.7242348995,dense_one_source_residual,187,0.6673965235149708
cleanStatic,train,26,26.00355192,9,19,649838798,650338798,5611796.3184239995,4732596.7242348995,raw_power_only,0,5611796.3184239995
cleanStatic,train,26,26.00355192,9,19,649838798,650338798,5611796.3184239995,4732596.7242348995,analytic_sparse_k3,3,0.16019455663192014
cleanStatic,train,26,26.00355192,9,19,649838798,650338798,5611796.3184239995,4732596.7242348995,uniform_k3,3,0.5374870990222703
cleanStatic,train,26,26.00355192,9,19,649838798,650338798,5611796.3184239995,4732596.7242348995,shuffled_k3,3,0.2779366182138631
cleanStatic,train,26,26.00355192,9,19,649838798,650338798,5611796.3184239995,4732596.7242348995,analytic_sparse_k5,5,0.13222943924213226
cleanStatic,train,26,26.00355192,9,19,649838798,650338798,5611796.3184239995,4732596.7242348995,uniform_k5,5,0.2865918582172978
cleanStatic,train,26,26.00355192,9,19,649838798,650338798,5611796.3184239995,4732596.7242348995,shuffled_k5,5,0.13959864361187874
cleanStatic,train,26,26.00355192,9,19,649838798,650338798,5611796.3184239995,4732596.7242348995,analytic_sparse_k9,9,0.3412026292221226
cleanStatic,train,26,26.00355192,9,19,649838798,650338798,5611796.3184239995,4732596.7242348995,uniform_k9,9,0.05923066167626873
cleanStatic,train,26,26.00355192,9,19,649838798,650338798,5611796.3184239995,4732596.7242348995,shuffled_k9,9,0.5344222543729281
cleanStatic,train,26,26.00355192,9,19,649838798,650338798,5611796.3184239995,4732596.7242348995,ai_sparse_k3,3,0.6317868887312912
cleanStatic,train,26,26.00355192,9,19,649838798,650338798,5611796.3184239995,4732596.7242348995,pg_scc_k3,3,1.2688835892856989
cleanStatic,train,26,26.00355192,9,19,649838798,650338798,5611796.3184239995,4732596.7242348995,ai_sparse_k5,5,0.4519521295159866
cleanStatic,train,26,26.00355192,9,19,649838798,650338798,5611796.3184239995,4732596.7242348995,pg_scc_k5,5,0.5219582707803784
cleanStatic,train,26,26.00355192,9,19,649838798,650338798,5611796.3184239995,4732596.7242348995,ai_sparse_k9,9,0.4283963017186429
cleanStatic,train,26,26.00355192,9,19,649838798,650338798,5611796.3184239995,4732596.7242348995,pg_scc_k9,9,0.5196331318595492
cleanStatic,train,26,26.00355192,9,19,649838798,650338798,5611796.3184239995,4732596.7242348995,epl3,3,0.4383534104926567
cleanStatic,train,26,26.00355192,9,19,649838798,650338798,5611796.3184239995,4732596.7242348995,fixed9,9,0.2527371285889728
cleanStatic,train,26,26.00355192,9,19,649838798,650338798,5611796.3184239995,4732596.7242348995,random1_k3,3,0.2935276559217914
cleanStatic,train,26,26.00355192,9,19,649838798,650338798,5611796.3184239995,4732596.7242348995,random2_k3,3,0.20883616355760867
cleanStatic,train,26,26.00355192,9,19,649838798,650338798,5611796.3184239995,4732596.7242348995,random3_k3,3,0.43782410057844956
cleanStatic,train,26,26.00355192,9,19,649838798,650338798,5611796.3184239995,4732596.7242348995,random4_k3,3,0.22401488908754155
cleanStatic,train,26,26.00355192,9,19,649838798,650338798,5611796.3184239995,4732596.7242348995,random5_k3,3,0.21522079060424346
cleanStatic,train,26,26.00355192,9,19,649838798,650338798,5611796.3184239995,4732596.7242348995,random1_k5,5,0.21451533950270907
cleanStatic,train,26,26.00355192,9,19,649838798,650338798,5611796.3184239995,4732596.7242348995,random2_k5,5,0.5333892963533721
cleanStatic,train,26,26.00355192,9,19,649838798,650338798,5611796.3184239995,4732596.7242348995,random3_k5,5,0.30226607668307925
cleanStatic,train,26,26.00355192,9,19,649838798,650338798,5611796.3184239995,4732596.7242348995,random4_k5,5,0.6900071201404799
cleanStatic,train,26,26.00355192,9,19,649838798,650338798,5611796.3184239995,4732596.7242348995,random5_k5,5,0.26429566778679653
cleanStatic,train,26,26.00355192,9,19,649838798,650338798,5611796.3184239995,4732596.7242348995,random1_k9,9,0.2110645077242069
cleanStatic,train,26,26.00355192,9,19,649838798,650338798,5611796.3184239995,4732596.7242348995,random2_k9,9,0.18533574961905785
cleanStatic,train,26,26.00355192,9,19,649838798,650338798,5611796.3184239995,4732596.7242348995,random3_k9,9,0.10107354347509924
cleanStatic,train,26,26.00355192,9,19,649838798,650338798,5611796.3184239995,4732596.7242348995,random4_k9,9,0.15771934270577814
cleanStatic,train,26,26.00355192,9,19,649838798,650338798,5611796.3184239995,4732596.7242348995,random5_k9,9,0.39369593216128096
cleanStatic,train,26,25.9906084,10,23,649515210,650015210,5564747.433058,6906992.46459752,dense_two_source_glrt,187,0.09064705584481804
cleanStatic,train,26,25.9906084,10,23,649515210,650015210,5564747.433058,6906992.46459752,dense_one_source_residual,187,0.3120709881189517
cleanStatic,train,26,25.9906084,10,23,649515210,650015210,5564747.433058,6906992.46459752,raw_power_only,0,5564747.433058
cleanStatic,train,26,25.9906084,10,23,649515210,650015210,5564747.433058,6906992.46459752,analytic_sparse_k3,3,0.2815493383985098
cleanStatic,train,26,25.9906084,10,23,649515210,650015210,5564747.433058,6906992.46459752,uniform_k3,3,0.1348875759652578
cleanStatic,train,26,25.9906084,10,23,649515210,650015210,5564747.433058,6906992.46459752,shuffled_k3,3,0.09380224507881026
cleanStatic,train,26,25.9906084,10,23,649515210,650015210,5564747.433058,6906992.46459752,analytic_sparse_k5,5,0.18187184231168235
cleanStatic,train,26,25.9906084,10,23,649515210,650015210,5564747.433058,6906992.46459752,uniform_k5,5,0.0641089922565288
cleanStatic,train,26,25.9906084,10,23,649515210,650015210,5564747.433058,6906992.46459752,shuffled_k5,5,0.08013368396759199
cleanStatic,train,26,25.9906084,10,23,649515210,650015210,5564747.433058,6906992.46459752,analytic_sparse_k9,9,0.10426094954946885
cleanStatic,train,26,25.9906084,10,23,649515210,650015210,5564747.433058,6906992.46459752,uniform_k9,9,0.034328182167085525
cleanStatic,train,26,25.9906084,10,23,649515210,650015210,5564747.433058,6906992.46459752,shuffled_k9,9,0.2506844507192755
cleanStatic,train,26,25.9906084,10,23,649515210,650015210,5564747.433058,6906992.46459752,ai_sparse_k3,3,0.08261563970345111
cleanStatic,train,26,25.9906084,10,23,649515210,650015210,5564747.433058,6906992.46459752,pg_scc_k3,3,0.1095061103961527
cleanStatic,train,26,25.9906084,10,23,649515210,650015210,5564747.433058,6906992.46459752,ai_sparse_k5,5,0.14188284036415227
cleanStatic,train,26,25.9906084,10,23,649515210,650015210,5564747.433058,6906992.46459752,pg_scc_k5,5,0.044894236699030234
cleanStatic,train,26,25.9906084,10,23,649515210,650015210,5564747.433058,6906992.46459752,ai_sparse_k9,9,0.12016912310298565
cleanStatic,train,26,25.9906084,10,23,649515210,650015210,5564747.433058,6906992.46459752,pg_scc_k9,9,0.029574394001400876
cleanStatic,train,26,25.9906084,10,23,649515210,650015210,5564747.433058,6906992.46459752,epl3,3,0.2376553841827794
cleanStatic,train,26,25.9906084,10,23,649515210,650015210,5564747.433058,6906992.46459752,fixed9,9,0.13335048972512115
cleanStatic,train,26,25.9906084,10,23,649515210,650015210,5564747.433058,6906992.46459752,random1_k3,3,0.12215260286935403
cleanStatic,train,26,25.9906084,10,23,649515210,650015210,5564747.433058,6906992.46459752,random2_k3,3,0.13419179675575119
cleanStatic,train,26,25.9906084,10,23,649515210,650015210,5564747.433058,6906992.46459752,random3_k3,3,0.24271976834252418
cleanStatic,train,26,25.9906084,10,23,649515210,650015210,5564747.433058,6906992.46459752,random4_k3,3,0.1607988010439987
cleanStatic,train,26,25.9906084,10,23,649515210,650015210,5564747.433058,6906992.46459752,random5_k3,3,0.3441180149871245
cleanStatic,train,26,25.9906084,10,23,649515210,650015210,5564747.433058,6906992.46459752,random1_k5,5,0.27531691030678485
cleanStatic,train,26,25.9906084,10,23,649515210,650015210,5564747.433058,6906992.46459752,random2_k5,5,0.1144813384364773
cleanStatic,train,26,25.9906084,10,23,649515210,650015210,5564747.433058,6906992.46459752,random3_k5,5,0.17044559876388998
cleanStatic,train,26,25.9906084,10,23,649515210,650015210,5564747.433058,6906992.46459752,random4_k5,5,0.09126464087285369
cleanStatic,train,26,25.9906084,10,23,649515210,650015210,5564747.433058,6906992.46459752,random5_k5,5,0.17494811334310373
cleanStatic,train,26,25.9906084,10,23,649515210,650015210,5564747.433058,6906992.46459752,random1_k9,9,0.20892374263746472
cleanStatic,train,26,25.9906084,10,23,649515210,650015210,5564747.433058,6906992.46459752,random2_k9,9,0.1285282983917847
cleanStatic,train,26,25.9906084,10,23,649515210,650015210,5564747.433058,6906992.46459752,random3_k9,9,0.20593490804778242
cleanStatic,train,26,25.9906084,10,23,649515210,650015210,5564747.433058,6906992.46459752,random4_k9,9,0.11378792064346739
cleanStatic,train,26,25.9906084,10,23,649515210,650015210,5564747.433058,6906992.46459752,random5_k9,9,0.054935331875899635
cleanStatic,train,28,27.99225296,0,16,699556324,700056324,5582068.2754999995,5640928.2978235595,dense_two_source_glrt,187,0.1924663925872968
cleanStatic,train,28,27.99225296,0,16,699556324,700056324,5582068.2754999995,5640928.2978235595,dense_one_source_residual,187,0.7571091737883887
cleanStatic,train,28,27.99225296,0,16,699556324,700056324,5582068.2754999995,5640928.2978235595,raw_power_only,0,5582068.2754999995
cleanStatic,train,28,27.99225296,0,16,699556324,700056324,5582068.2754999995,5640928.2978235595,analytic_sparse_k3,3,0.16930404574887178
cleanStatic,train,28,27.99225296,0,16,699556324,700056324,5582068.2754999995,5640928.2978235595,uniform_k3,3,0.1905536305219042
cleanStatic,train,28,27.99225296,0,16,699556324,700056324,5582068.2754999995,5640928.2978235595,shuffled_k3,3,0.1625836614627275
cleanStatic,train,28,27.99225296,0,16,699556324,700056324,5582068.2754999995,5640928.2978235595,analytic_sparse_k5,5,0.20857989774207483
cleanStatic,train,28,27.99225296,0,16,699556324,700056324,5582068.2754999995,5640928.2978235595,uniform_k5,5,0.21828523567627872
cleanStatic,train,28,27.99225296,0,16,699556324,700056324,5582068.2754999995,5640928.2978235595,shuffled_k5,5,0.2731062531879183
cleanStatic,train,28,27.99225296,0,16,699556324,700056324,5582068.2754999995,5640928.2978235595,analytic_sparse_k9,9,0.23122611413204325
cleanStatic,train,28,27.99225296,0,16,699556324,700056324,5582068.2754999995,5640928.2978235595,uniform_k9,9,0.08646655441090524
cleanStatic,train,28,27.99225296,0,16,699556324,700056324,5582068.2754999995,5640928.2978235595,shuffled_k9,9,0.44291346607955145
cleanStatic,train,28,27.99225296,0,16,699556324,700056324,5582068.2754999995,5640928.2978235595,ai_sparse_k3,3,0.7777186001617684
cleanStatic,train,28,27.99225296,0,16,699556324,700056324,5582068.2754999995,5640928.2978235595,pg_scc_k3,3,0.7188312701030403
cleanStatic,train,28,27.99225296,0,16,699556324,700056324,5582068.2754999995,5640928.2978235595,ai_sparse_k5,5,0.9282384120914127
cleanStatic,train,28,27.99225296,0,16,699556324,700056324,5582068.2754999995,5640928.2978235595,pg_scc_k5,5,0.0941683002261314
cleanStatic,train,28,27.99225296,0,16,699556324,700056324,5582068.2754999995,5640928.2978235595,ai_sparse_k9,9,0.9625215924852477
cleanStatic,train,28,27.99225296,0,16,699556324,700056324,5582068.2754999995,5640928.2978235595,pg_scc_k9,9,0.15913841409700957
cleanStatic,train,28,27.99225296,0,16,699556324,700056324,5582068.2754999995,5640928.2978235595,epl3,3,0.5185174971205554
cleanStatic,train,28,27.99225296,0,16,699556324,700056324,5582068.2754999995,5640928.2978235595,fixed9,9,0.7369860875787065
cleanStatic,train,28,27.99225296,0,16,699556324,700056324,5582068.2754999995,5640928.2978235595,random1_k3,3,0.23767912258706256
cleanStatic,train,28,27.99225296,0,16,699556324,700056324,5582068.2754999995,5640928.2978235595,random2_k3,3,0.49304963980232513
cleanStatic,train,28,27.99225296,0,16,699556324,700056324,5582068.2754999995,5640928.2978235595,random3_k3,3,0.1356935116929955
cleanStatic,train,28,27.99225296,0,16,699556324,700056324,5582068.2754999995,5640928.2978235595,random4_k3,3,0.1891075140679831
cleanStatic,train,28,27.99225296,0,16,699556324,700056324,5582068.2754999995,5640928.2978235595,random5_k3,3,0.9453657685902398
cleanStatic,train,28,27.99225296,0,16,699556324,700056324,5582068.2754999995,5640928.2978235595,random1_k5,5,0.4737844853636922
cleanStatic,train,28,27.99225296,0,16,699556324,700056324,5582068.2754999995,5640928.2978235595,random2_k5,5,0.09839516503722998
cleanStatic,train,28,27.99225296,0,16,699556324,700056324,5582068.2754999995,5640928.2978235595,random3_k5,5,0.3080089692763167
cleanStatic,train,28,27.99225296,0,16,699556324,700056324,5582068.2754999995,5640928.2978235595,random4_k5,5,0.10576043143417135
cleanStatic,train,28,27.99225296,0,16,699556324,700056324,5582068.2754999995,5640928.2978235595,random5_k5,5,0.688672879528381
cleanStatic,train,28,27.99225296,0,16,699556324,700056324,5582068.2754999995,5640928.2978235595,random1_k9,9,0.5663497828458897
cleanStatic,train,28,27.99225296,0,16,699556324,700056324,5582068.2754999995,5640928.2978235595,random2_k9,9,0.1758405899026176
cleanStatic,train,28,27.99225296,0,16,699556324,700056324,5582068.2754999995,5640928.2978235595,random3_k9,9,0.5208277854404545
cleanStatic,train,28,27.99225296,0,16,699556324,700056324,5582068.2754999995,5640928.2978235595,random4_k9,9,0.2042326829016334
cleanStatic,train,28,27.99225296,0,16,699556324,700056324,5582068.2754999995,5640928.2978235595,random5_k9,9,0.14602413390384386
cleanStatic,train,28,27.99555548,2,3,699638887,700138887,5556037.077570001,5979267.307657497,dense_two_source_glrt,187,0.061004687487095255
cleanStatic,train,28,27.99555548,2,3,699638887,700138887,5556037.077570001,5979267.307657497,dense_one_source_residual,187,0.25335346323456703
cleanStatic,train,28,27.99555548,2,3,699638887,700138887,5556037.077570001,5979267.307657497,raw_power_only,0,5556037.077570001
cleanStatic,train,28,27.99555548,2,3,699638887,700138887,5556037.077570001,5979267.307657497,analytic_sparse_k3,3,0.07188209250452021
cleanStatic,train,28,27.99555548,2,3,699638887,700138887,5556037.077570001,5979267.307657497,uniform_k3,3,0.38588739767256836
cleanStatic,train,28,27.99555548,2,3,699638887,700138887,5556037.077570001,5979267.307657497,shuffled_k3,3,0.08227023093803883
cleanStatic,train,28,27.99555548,2,3,699638887,700138887,5556037.077570001,5979267.307657497,analytic_sparse_k5,5,0.13323448229478205
cleanStatic,train,28,27.99555548,2,3,699638887,700138887,5556037.077570001,5979267.307657497,uniform_k5,5,0.21176661473978903
cleanStatic,train,28,27.99555548,2,3,699638887,700138887,5556037.077570001,5979267.307657497,shuffled_k5,5,0.1260772374176522
cleanStatic,train,28,27.99555548,2,3,699638887,700138887,5556037.077570001,5979267.307657497,analytic_sparse_k9,9,0.18421593411414489
cleanStatic,train,28,27.99555548,2,3,699638887,700138887,5556037.077570001,5979267.307657497,uniform_k9,9,0.11118398490503775
cleanStatic,train,28,27.99555548,2,3,699638887,700138887,5556037.077570001,5979267.307657497,shuffled_k9,9,0.08948478548406784
cleanStatic,train,28,27.99555548,2,3,699638887,700138887,5556037.077570001,5979267.307657497,ai_sparse_k3,3,0.30399416338766727
cleanStatic,train,28,27.99555548,2,3,699638887,700138887,5556037.077570001,5979267.307657497,pg_scc_k3,3,0.17071923647171983
cleanStatic,train,28,27.99555548,2,3,699638887,700138887,5556037.077570001,5979267.307657497,ai_sparse_k5,5,0.25758118602441593
cleanStatic,train,28,27.99555548,2,3,699638887,700138887,5556037.077570001,5979267.307657497,pg_scc_k5,5,0.21691150874826728
cleanStatic,train,28,27.99555548,2,3,699638887,700138887,5556037.077570001,5979267.307657497,ai_sparse_k9,9,0.197673704304613
cleanStatic,train,28,27.99555548,2,3,699638887,700138887,5556037.077570001,5979267.307657497,pg_scc_k9,9,0.1719911936290146
cleanStatic,train,28,27.99555548,2,3,699638887,700138887,5556037.077570001,5979267.307657497,epl3,3,0.0520164005884991
cleanStatic,train,28,27.99555548,2,3,699638887,700138887,5556037.077570001,5979267.307657497,fixed9,9,0.045194323191433156
cleanStatic,train,28,27.99555548,2,3,699638887,700138887,5556037.077570001,5979267.307657497,random1_k3,3,0.08419666709324121
cleanStatic,train,28,27.99555548,2,3,699638887,700138887,5556037.077570001,5979267.307657497,random2_k3,3,0.11970538333764914
cleanStatic,train,28,27.99555548,2,3,699638887,700138887,5556037.077570001,5979267.307657497,random3_k3,3,0.2668790224175581
cleanStatic,train,28,27.99555548,2,3,699638887,700138887,5556037.077570001,5979267.307657497,random4_k3,3,0.04124391539892938
cleanStatic,train,28,27.99555548,2,3,699638887,700138887,5556037.077570001,5979267.307657497,random5_k3,3,0.031327723972675574
cleanStatic,train,28,27.99555548,2,3,699638887,700138887,5556037.077570001,5979267.307657497,random1_k5,5,0.07290488118345344
cleanStatic,train,28,27.99555548,2,3,699638887,700138887,5556037.077570001,5979267.307657497,random2_k5,5,0.15493168418026226
cleanStatic,train,28,27.99555548,2,3,699638887,700138887,5556037.077570001,5979267.307657497,random3_k5,5,0.2610239883298143
cleanStatic,train,28,27.99555548,2,3,699638887,700138887,5556037.077570001,5979267.307657497,random4_k5,5,0.02710479922503719
cleanStatic,train,28,27.99555548,2,3,699638887,700138887,5556037.077570001,5979267.307657497,random5_k5,5,0.13582519968951115
cleanStatic,train,28,27.99555548,2,3,699638887,700138887,5556037.077570001,5979267.307657497,random1_k9,9,0.1123455193824214
cleanStatic,train,28,27.99555548,2,3,699638887,700138887,5556037.077570001,5979267.307657497,random2_k9,9,0.04248380479119122
cleanStatic,train,28,27.99555548,2,3,699638887,700138887,5556037.077570001,5979267.307657497,random3_k9,9,0.05946010554798843
cleanStatic,train,28,27.99555548,2,3,699638887,700138887,5556037.077570001,5979267.307657497,random4_k9,9,0.06355866072351635
cleanStatic,train,28,27.99555548,2,3,699638887,700138887,5556037.077570001,5979267.307657497,random5_k9,9,0.09069271829934712
cleanStatic,train,28,27.9982984,3,20,699707460,700207460,5545568.265268,2174939.3040952394,dense_two_source_glrt,187,0.2719718524138444
cleanStatic,train,28,27.9982984,3,20,699707460,700207460,5545568.265268,2174939.3040952394,dense_one_source_residual,187,1.9410163723481175
cleanStatic,train,28,27.9982984,3,20,699707460,700207460,5545568.265268,2174939.3040952394,raw_power_only,0,5545568.265268
cleanStatic,train,28,27.9982984,3,20,699707460,700207460,5545568.265268,2174939.3040952394,analytic_sparse_k3,3,0.09799391453300244
cleanStatic,train,28,27.9982984,3,20,699707460,700207460,5545568.265268,2174939.3040952394,uniform_k3,3,0.7751169366248822
cleanStatic,train,28,27.9982984,3,20,699707460,700207460,5545568.265268,2174939.3040952394,shuffled_k3,3,1.1124237915740482
cleanStatic,train,28,27.9982984,3,20,699707460,700207460,5545568.265268,2174939.3040952394,analytic_sparse_k5,5,0.9541620188665956
cleanStatic,train,28,27.9982984,3,20,699707460,700207460,5545568.265268,2174939.3040952394,uniform_k5,5,0.29473567807633855
cleanStatic,train,28,27.9982984,3,20,699707460,700207460,5545568.265268,2174939.3040952394,shuffled_k5,5,1.0266039803062772
cleanStatic,train,28,27.9982984,3,20,699707460,700207460,5545568.265268,2174939.3040952394,analytic_sparse_k9,9,0.2940788972445911
cleanStatic,train,28,27.9982984,3,20,699707460,700207460,5545568.265268,2174939.3040952394,uniform_k9,9,0.03922886752974611
cleanStatic,train,28,27.9982984,3,20,699707460,700207460,5545568.265268,2174939.3040952394,shuffled_k9,9,1.032723926414316
cleanStatic,train,28,27.9982984,3,20,699707460,700207460,5545568.265268,2174939.3040952394,ai_sparse_k3,3,2.2882681616673195
cleanStatic,train,28,27.9982984,3,20,699707460,700207460,5545568.265268,2174939.3040952394,pg_scc_k3,3,1.358279711120768
cleanStatic,train,28,27.9982984,3,20,699707460,700207460,5545568.265268,2174939.3040952394,ai_sparse_k5,5,0.6608926743835536
cleanStatic,train,28,27.9982984,3,20,699707460,700207460,5545568.265268,2174939.3040952394,pg_scc_k5,5,0.19642106765161635
cleanStatic,train,28,27.9982984,3,20,699707460,700207460,5545568.265268,2174939.3040952394,ai_sparse_k9,9,0.6025730012076005
cleanStatic,train,28,27.9982984,3,20,699707460,700207460,5545568.265268,2174939.3040952394,pg_scc_k9,9,0.3382604251648341
cleanStatic,train,28,27.9982984,3,20,699707460,700207460,5545568.265268,2174939.3040952394,epl3,3,1.3358686362765129
cleanStatic,train,28,27.9982984,3,20,699707460,700207460,5545568.265268,2174939.3040952394,fixed9,9,0.5643676974365402
cleanStatic,train,28,27.9982984,3,20,699707460,700207460,5545568.265268,2174939.3040952394,random1_k3,3,0.6251260455851465
cleanStatic,train,28,27.9982984,3,20,699707460,700207460,5545568.265268,2174939.3040952394,random2_k3,3,0.3742182225272719
cleanStatic,train,28,27.9982984,3,20,699707460,700207460,5545568.265268,2174939.3040952394,random3_k3,3,1.4685984742152254
cleanStatic,train,28,27.9982984,3,20,699707460,700207460,5545568.265268,2174939.3040952394,random4_k3,3,0.9152813324754688
cleanStatic,train,28,27.9982984,3,20,699707460,700207460,5545568.265268,2174939.3040952394,random5_k3,3,0.3812757214868605
cleanStatic,train,28,27.9982984,3,20,699707460,700207460,5545568.265268,2174939.3040952394,random1_k5,5,1.3543058539663293
cleanStatic,train,28,27.9982984,3,20,699707460,700207460,5545568.265268,2174939.3040952394,random2_k5,5,0.6880955585228307
cleanStatic,train,28,27.9982984,3,20,699707460,700207460,5545568.265268,2174939.3040952394,random3_k5,5,0.7885477503098368
cleanStatic,train,28,27.9982984,3,20,699707460,700207460,5545568.265268,2174939.3040952394,random4_k5,5,2.3292034352843713
cleanStatic,train,28,27.9982984,3,20,699707460,700207460,5545568.265268,2174939.3040952394,random5_k5,5,0.9114802347661464
cleanStatic,train,28,27.9982984,3,20,699707460,700207460,5545568.265268,2174939.3040952394,random1_k9,9,0.6578028910241558
cleanStatic,train,28,27.9982984,3,20,699707460,700207460,5545568.265268,2174939.3040952394,random2_k9,9,0.21914051765772294
cleanStatic,train,28,27.9982984,3,20,699707460,700207460,5545568.265268,2174939.3040952394,random3_k9,9,0.5436318301525527
cleanStatic,train,28,27.9982984,3,20,699707460,700207460,5545568.265268,2174939.3040952394,random4_k9,9,0.6672825140502118
cleanStatic,train,28,27.9982984,3,20,699707460,700207460,5545568.265268,2174939.3040952394,random5_k9,9,0.9386132976215857
cleanStatic,train,28,27.9996022,4,30,699740055,700240055,5547052.226654001,2363443.4393728385,dense_two_source_glrt,187,0.5160535505164036
cleanStatic,train,28,27.9996022,4,30,699740055,700240055,5547052.226654001,2363443.4393728385,dense_one_source_residual,187,1.202708234365669
cleanStatic,train,28,27.9996022,4,30,699740055,700240055,5547052.226654001,2363443.4393728385,raw_power_only,0,5547052.226654001
cleanStatic,train,28,27.9996022,4,30,699740055,700240055,5547052.226654001,2363443.4393728385,analytic_sparse_k3,3,0.75238299726119
cleanStatic,train,28,27.9996022,4,30,699740055,700240055,5547052.226654001,2363443.4393728385,uniform_k3,3,0.36353319802670053
cleanStatic,train,28,27.9996022,4,30,699740055,700240055,5547052.226654001,2363443.4393728385,shuffled_k3,3,0.7758454831423235
cleanStatic,train,28,27.9996022,4,30,699740055,700240055,5547052.226654001,2363443.4393728385,analytic_sparse_k5,5,0.6889429121737338
cleanStatic,train,28,27.9996022,4,30,699740055,700240055,5547052.226654001,2363443.4393728385,uniform_k5,5,0.3372867869681646
cleanStatic,train,28,27.9996022,4,30,699740055,700240055,5547052.226654001,2363443.4393728385,shuffled_k5,5,1.4348387869044223
cleanStatic,train,28,27.9996022,4,30,699740055,700240055,5547052.226654001,2363443.4393728385,analytic_sparse_k9,9,0.6002851728360661
cleanStatic,train,28,27.9996022,4,30,699740055,700240055,5547052.226654001,2363443.4393728385,uniform_k9,9,0.3992594154981395
cleanStatic,train,28,27.9996022,4,30,699740055,700240055,5547052.226654001,2363443.4393728385,shuffled_k9,9,0.22112223005992593
cleanStatic,train,28,27.9996022,4,30,699740055,700240055,5547052.226654001,2363443.4393728385,ai_sparse_k3,3,0.2067771131289279
cleanStatic,train,28,27.9996022,4,30,699740055,700240055,5547052.226654001,2363443.4393728385,pg_scc_k3,3,0.5092124352067534
cleanStatic,train,28,27.9996022,4,30,699740055,700240055,5547052.226654001,2363443.4393728385,ai_sparse_k5,5,0.49074935338636544
cleanStatic,train,28,27.9996022,4,30,699740055,700240055,5547052.226654001,2363443.4393728385,pg_scc_k5,5,0.4112824231861964
cleanStatic,train,28,27.9996022,4,30,699740055,700240055,5547052.226654001,2363443.4393728385,ai_sparse_k9,9,0.35993295408844167
cleanStatic,train,28,27.9996022,4,30,699740055,700240055,5547052.226654001,2363443.4393728385,pg_scc_k9,9,0.5802740781649686
cleanStatic,train,28,27.9996022,4,30,699740055,700240055,5547052.226654001,2363443.4393728385,epl3,3,0.38344441856018013
cleanStatic,train,28,27.9996022,4,30,699740055,700240055,5547052.226654001,2363443.4393728385,fixed9,9,0.4809901261689662
cleanStatic,train,28,27.9996022,4,30,699740055,700240055,5547052.226654001,2363443.4393728385,random1_k3,3,0.5256096019739388
cleanStatic,train,28,27.9996022,4,30,699740055,700240055,5547052.226654001,2363443.4393728385,random2_k3,3,0.7258837295829874
cleanStatic,train,28,27.9996022,4,30,699740055,700240055,5547052.226654001,2363443.4393728385,random3_k3,3,0.8415483533831822
cleanStatic,train,28,27.9996022,4,30,699740055,700240055,5547052.226654001,2363443.4393728385,random4_k3,3,0.5470450130408411
cleanStatic,train,28,27.9996022,4,30,699740055,700240055,5547052.226654001,2363443.4393728385,random5_k3,3,0.2855287641691517
cleanStatic,train,28,27.9996022,4,30,699740055,700240055,5547052.226654001,2363443.4393728385,random1_k5,5,0.42865676163417754
cleanStatic,train,28,27.9996022,4,30,699740055,700240055,5547052.226654001,2363443.4393728385,random2_k5,5,1.1307504662365626
cleanStatic,train,28,27.9996022,4,30,699740055,700240055,5547052.226654001,2363443.4393728385,random3_k5,5,0.30136105679970554
cleanStatic,train,28,27.9996022,4,30,699740055,700240055,5547052.226654001,2363443.4393728385,random4_k5,5,0.8879911994100655
cleanStatic,train,28,27.9996022,4,30,699740055,700240055,5547052.226654001,2363443.4393728385,random5_k5,5,0.3069080812865552
cleanStatic,train,28,27.9996022,4,30,699740055,700240055,5547052.226654001,2363443.4393728385,random1_k9,9,0.3733748045773834
cleanStatic,train,28,27.9996022,4,30,699740055,700240055,5547052.226654001,2363443.4393728385,random2_k9,9,0.842865806034272
cleanStatic,train,28,27.9996022,4,30,699740055,700240055,5547052.226654001,2363443.4393728385,random3_k9,9,0.31179293405274083
cleanStatic,train,28,27.9996022,4,30,699740055,700240055,5547052.226654001,2363443.4393728385,random4_k9,9,0.21047771272223603
cleanStatic,train,28,27.9996022,4,30,699740055,700240055,5547052.226654001,2363443.4393728385,random5_k9,9,0.34045169442697115
cleanStatic,train,28,27.99065088,5,6,699516272,700016272,5586887.637332001,4562365.743260549,dense_two_source_glrt,187,0.1236557276361103
cleanStatic,train,28,27.99065088,5,6,699516272,700016272,5586887.637332001,4562365.743260549,dense_one_source_residual,187,0.5862324575462229
cleanStatic,train,28,27.99065088,5,6,699516272,700016272,5586887.637332001,4562365.743260549,raw_power_only,0,5586887.637332001
cleanStatic,train,28,27.99065088,5,6,699516272,700016272,5586887.637332001,4562365.743260549,analytic_sparse_k3,3,0.06090323917706051
cleanStatic,train,28,27.99065088,5,6,699516272,700016272,5586887.637332001,4562365.743260549,uniform_k3,3,0.44012115717610106
cleanStatic,train,28,27.99065088,5,6,699516272,700016272,5586887.637332001,4562365.743260549,shuffled_k3,3,0.06625651134617652
cleanStatic,train,28,27.99065088,5,6,699516272,700016272,5586887.637332001,4562365.743260549,analytic_sparse_k5,5,0.13511616403051604
cleanStatic,train,28,27.99065088,5,6,699516272,700016272,5586887.637332001,4562365.743260549,uniform_k5,5,0.4947748455360414
cleanStatic,train,28,27.99065088,5,6,699516272,700016272,5586887.637332001,4562365.743260549,shuffled_k5,5,0.17433421997337137
cleanStatic,train,28,27.99065088,5,6,699516272,700016272,5586887.637332001,4562365.743260549,analytic_sparse_k9,9,0.1205256598750748
cleanStatic,train,28,27.99065088,5,6,699516272,700016272,5586887.637332001,4562365.743260549,uniform_k9,9,0.17477628717839386
cleanStatic,train,28,27.99065088,5,6,699516272,700016272,5586887.637332001,4562365.743260549,shuffled_k9,9,0.1969524478597739
cleanStatic,train,28,27.99065088,5,6,699516272,700016272,5586887.637332001,4562365.743260549,ai_sparse_k3,3,0.6685944793572816
cleanStatic,train,28,27.99065088,5,6,699516272,700016272,5586887.637332001,4562365.743260549,pg_scc_k3,3,0.3747245785438516
cleanStatic,train,28,27.99065088,5,6,699516272,700016272,5586887.637332001,4562365.743260549,ai_sparse_k5,5,0.4454422301478404
cleanStatic,train,28,27.99065088,5,6,699516272,700016272,5586887.637332001,4562365.743260549,pg_scc_k5,5,0.3965345607303326
cleanStatic,train,28,27.99065088,5,6,699516272,700016272,5586887.637332001,4562365.743260549,ai_sparse_k9,9,0.22245256550300102
cleanStatic,train,28,27.99065088,5,6,699516272,700016272,5586887.637332001,4562365.743260549,pg_scc_k9,9,0.16030831252991126
cleanStatic,train,28,27.99065088,5,6,699516272,700016272,5586887.637332001,4562365.743260549,epl3,3,0.08694075253004065
cleanStatic,train,28,27.99065088,5,6,699516272,700016272,5586887.637332001,4562365.743260549,fixed9,9,0.08904299140327679
cleanStatic,train,28,27.99065088,5,6,699516272,700016272,5586887.637332001,4562365.743260549,random1_k3,3,0.1917080467472473
cleanStatic,train,28,27.99065088,5,6,699516272,700016272,5586887.637332001,4562365.743260549,random2_k3,3,0.8321420643394775
cleanStatic,train,28,27.99065088,5,6,699516272,700016272,5586887.637332001,4562365.743260549,random3_k3,3,0.35855968255764276
cleanStatic,train,28,27.99065088,5,6,699516272,700016272,5586887.637332001,4562365.743260549,random4_k3,3,0.2845904026017364
cleanStatic,train,28,27.99065088,5,6,699516272,700016272,5586887.637332001,4562365.743260549,random5_k3,3,0.6550360799365758
cleanStatic,train,28,27.99065088,5,6,699516272,700016272,5586887.637332001,4562365.743260549,random1_k5,5,0.14479360747984912
cleanStatic,train,28,27.99065088,5,6,699516272,700016272,5586887.637332001,4562365.743260549,random2_k5,5,0.061565550918845635
cleanStatic,train,28,27.99065088,5,6,699516272,700016272,5586887.637332001,4562365.743260549,random3_k5,5,0.21582617278098995
cleanStatic,train,28,27.99065088,5,6,699516272,700016272,5586887.637332001,4562365.743260549,random4_k5,5,0.09211254506190851
cleanStatic,train,28,27.99065088,5,6,699516272,700016272,5586887.637332001,4562365.743260549,random5_k5,5,0.20124883345502592
cleanStatic,train,28,27.99065088,5,6,699516272,700016272,5586887.637332001,4562365.743260549,random1_k9,9,0.1981943263217729
cleanStatic,train,28,27.99065088,5,6,699516272,700016272,5586887.637332001,4562365.743260549,random2_k9,9,0.2357696442351273
cleanStatic,train,28,27.99065088,5,6,699516272,700016272,5586887.637332001,4562365.743260549,random3_k9,9,0.18325069860430462
cleanStatic,train,28,27.99065088,5,6,699516272,700016272,5586887.637332001,4562365.743260549,random4_k9,9,0.3466513570145309
cleanStatic,train,28,27.99065088,5,6,699516272,700016272,5586887.637332001,4562365.743260549,random5_k9,9,0.19070276060293706
cleanStatic,train,28,27.9902246,6,7,699505615,700005615,5585967.0282499995,4335281.733781127,dense_two_source_glrt,187,0.18771643242681613
cleanStatic,train,28,27.9902246,6,7,699505615,700005615,5585967.0282499995,4335281.733781127,dense_one_source_residual,187,0.9031094871055355
cleanStatic,train,28,27.9902246,6,7,699505615,700005615,5585967.0282499995,4335281.733781127,raw_power_only,0,5585967.0282499995
cleanStatic,train,28,27.9902246,6,7,699505615,700005615,5585967.0282499995,4335281.733781127,analytic_sparse_k3,3,0.049435361960895575
cleanStatic,train,28,27.9902246,6,7,699505615,700005615,5585967.0282499995,4335281.733781127,uniform_k3,3,1.113636851526823
cleanStatic,train,28,27.9902246,6,7,699505615,700005615,5585967.0282499995,4335281.733781127,shuffled_k3,3,0.26963071080698264
cleanStatic,train,28,27.9902246,6,7,699505615,700005615,5585967.0282499995,4335281.733781127,analytic_sparse_k5,5,0.052109238171709725
cleanStatic,train,28,27.9902246,6,7,699505615,700005615,5585967.0282499995,4335281.733781127,uniform_k5,5,0.9052027701894364
cleanStatic,train,28,27.9902246,6,7,699505615,700005615,5585967.0282499995,4335281.733781127,shuffled_k5,5,0.2642306787700387
cleanStatic,train,28,27.9902246,6,7,699505615,700005615,5585967.0282499995,4335281.733781127,analytic_sparse_k9,9,0.08929628400836304
cleanStatic,train,28,27.9902246,6,7,699505615,700005615,5585967.0282499995,4335281.733781127,uniform_k9,9,0.14477013118602164
cleanStatic,train,28,27.9902246,6,7,699505615,700005615,5585967.0282499995,4335281.733781127,shuffled_k9,9,0.4320500255537431
cleanStatic,train,28,27.9902246,6,7,699505615,700005615,5585967.0282499995,4335281.733781127,ai_sparse_k3,3,0.1348957491758019
cleanStatic,train,28,27.9902246,6,7,699505615,700005615,5585967.0282499995,4335281.733781127,pg_scc_k3,3,0.4641875146106687
cleanStatic,train,28,27.9902246,6,7,699505615,700005615,5585967.0282499995,4335281.733781127,ai_sparse_k5,5,0.3154899925648039
cleanStatic,train,28,27.9902246,6,7,699505615,700005615,5585967.0282499995,4335281.733781127,pg_scc_k5,5,0.25664560193646724
cleanStatic,train,28,27.9902246,6,7,699505615,700005615,5585967.0282499995,4335281.733781127,ai_sparse_k9,9,0.35351615913653356
cleanStatic,train,28,27.9902246,6,7,699505615,700005615,5585967.0282499995,4335281.733781127,pg_scc_k9,9,0.35398888028592174
cleanStatic,train,28,27.9902246,6,7,699505615,700005615,5585967.0282499995,4335281.733781127,epl3,3,0.740953798401112
cleanStatic,train,28,27.9902246,6,7,699505615,700005615,5585967.0282499995,4335281.733781127,fixed9,9,0.702535494774402
cleanStatic,train,28,27.9902246,6,7,699505615,700005615,5585967.0282499995,4335281.733781127,random1_k3,3,0.4784670654409106
cleanStatic,train,28,27.9902246,6,7,699505615,700005615,5585967.0282499995,4335281.733781127,random2_k3,3,0.5195909786502778
cleanStatic,train,28,27.9902246,6,7,699505615,700005615,5585967.0282499995,4335281.733781127,random3_k3,3,0.14963141265987753
cleanStatic,train,28,27.9902246,6,7,699505615,700005615,5585967.0282499995,4335281.733781127,random4_k3,3,0.3204835828711334
cleanStatic,train,28,27.9902246,6,7,699505615,700005615,5585967.0282499995,4335281.733781127,random5_k3,3,0.9246773768318955
cleanStatic,train,28,27.9902246,6,7,699505615,700005615,5585967.0282499995,4335281.733781127,random1_k5,5,0.2924123757698433
cleanStatic,train,28,27.9902246,6,7,699505615,700005615,5585967.0282499995,4335281.733781127,random2_k5,5,0.27067239853534386
cleanStatic,train,28,27.9902246,6,7,699505615,700005615,5585967.0282499995,4335281.733781127,random3_k5,5,0.46520450776141037
cleanStatic,train,28,27.9902246,6,7,699505615,700005615,5585967.0282499995,4335281.733781127,random4_k5,5,0.46889152910016263
cleanStatic,train,28,27.9902246,6,7,699505615,700005615,5585967.0282499995,4335281.733781127,random5_k5,5,0.5601167470870242
cleanStatic,train,28,27.9902246,6,7,699505615,700005615,5585967.0282499995,4335281.733781127,random1_k9,9,0.2849695086273595
cleanStatic,train,28,27.9902246,6,7,699505615,700005615,5585967.0282499995,4335281.733781127,random2_k9,9,0.5470252710064317
cleanStatic,train,28,27.9902246,6,7,699505615,700005615,5585967.0282499995,4335281.733781127,random3_k9,9,0.5715273788380943
cleanStatic,train,28,27.9902246,6,7,699505615,700005615,5585967.0282499995,4335281.733781127,random4_k9,9,0.5987520901600359
cleanStatic,train,28,27.9902246,6,7,699505615,700005615,5585967.0282499995,4335281.733781127,random5_k9,9,0.6370330194414611
cleanStatic,train,28,27.99038436,7,10,699509609,700009609,5585960.31567,2420797.6163773304,dense_two_source_glrt,187,0.33447766155230774
cleanStatic,train,28,27.99038436,7,10,699509609,700009609,5585960.31567,2420797.6163773304,dense_one_source_residual,187,1.3706509196964607
cleanStatic,train,28,27.99038436,7,10,699509609,700009609,5585960.31567,2420797.6163773304,raw_power_only,0,5585960.31567
cleanStatic,train,28,27.99038436,7,10,699509609,700009609,5585960.31567,2420797.6163773304,analytic_sparse_k3,3,0.10245173826481457
cleanStatic,train,28,27.99038436,7,10,699509609,700009609,5585960.31567,2420797.6163773304,uniform_k3,3,0.9228464684562514
cleanStatic,train,28,27.99038436,7,10,699509609,700009609,5585960.31567,2420797.6163773304,shuffled_k3,3,0.06846329090857353
cleanStatic,train,28,27.99038436,7,10,699509609,700009609,5585960.31567,2420797.6163773304,analytic_sparse_k5,5,0.1918309945188193
cleanStatic,train,28,27.99038436,7,10,699509609,700009609,5585960.31567,2420797.6163773304,uniform_k5,5,1.0121872914722538
cleanStatic,train,28,27.99038436,7,10,699509609,700009609,5585960.31567,2420797.6163773304,shuffled_k5,5,0.17738184671840013
cleanStatic,train,28,27.99038436,7,10,699509609,700009609,5585960.31567,2420797.6163773304,analytic_sparse_k9,9,0.1551518427919159
cleanStatic,train,28,27.99038436,7,10,699509609,700009609,5585960.31567,2420797.6163773304,uniform_k9,9,0.040352185894994404
cleanStatic,train,28,27.99038436,7,10,699509609,700009609,5585960.31567,2420797.6163773304,shuffled_k9,9,0.517609790522431
cleanStatic,train,28,27.99038436,7,10,699509609,700009609,5585960.31567,2420797.6163773304,ai_sparse_k3,3,1.1812630608712646
cleanStatic,train,28,27.99038436,7,10,699509609,700009609,5585960.31567,2420797.6163773304,pg_scc_k3,3,0.7522850035242645
cleanStatic,train,28,27.99038436,7,10,699509609,700009609,5585960.31567,2420797.6163773304,ai_sparse_k5,5,0.20257396880425454
cleanStatic,train,28,27.99038436,7,10,699509609,700009609,5585960.31567,2420797.6163773304,pg_scc_k5,5,0.22197005354419197
cleanStatic,train,28,27.99038436,7,10,699509609,700009609,5585960.31567,2420797.6163773304,ai_sparse_k9,9,0.12649796875959435
cleanStatic,train,28,27.99038436,7,10,699509609,700009609,5585960.31567,2420797.6163773304,pg_scc_k9,9,0.17491138809689596
cleanStatic,train,28,27.99038436,7,10,699509609,700009609,5585960.31567,2420797.6163773304,epl3,3,0.8066837430122873
cleanStatic,train,28,27.99038436,7,10,699509609,700009609,5585960.31567,2420797.6163773304,fixed9,9,0.880490827711295
cleanStatic,train,28,27.99038436,7,10,699509609,700009609,5585960.31567,2420797.6163773304,random1_k3,3,0.11509458514017656
cleanStatic,train,28,27.99038436,7,10,699509609,700009609,5585960.31567,2420797.6163773304,random2_k3,3,0.6834753391864857
cleanStatic,train,28,27.99038436,7,10,699509609,700009609,5585960.31567,2420797.6163773304,random3_k3,3,1.1415601602863141
cleanStatic,train,28,27.99038436,7,10,699509609,700009609,5585960.31567,2420797.6163773304,random4_k3,3,1.436021778965799
cleanStatic,train,28,27.99038436,7,10,699509609,700009609,5585960.31567,2420797.6163773304,random5_k3,3,0.33233629517503555
cleanStatic,train,28,27.99038436,7,10,699509609,700009609,5585960.31567,2420797.6163773304,random1_k5,5,0.8436869865728014
cleanStatic,train,28,27.99038436,7,10,699509609,700009609,5585960.31567,2420797.6163773304,random2_k5,5,0.26564191845368124
cleanStatic,train,28,27.99038436,7,10,699509609,700009609,5585960.31567,2420797.6163773304,random3_k5,5,0.9629274193408394
cleanStatic,train,28,27.99038436,7,10,699509609,700009609,5585960.31567,2420797.6163773304,random4_k5,5,0.4914225357707762
cleanStatic,train,28,27.99038436,7,10,699509609,700009609,5585960.31567,2420797.6163773304,random5_k5,5,0.4424372116056012
cleanStatic,train,28,27.99038436,7,10,699509609,700009609,5585960.31567,2420797.6163773304,random1_k9,9,0.5632464729046214
cleanStatic,train,28,27.99038436,7,10,699509609,700009609,5585960.31567,2420797.6163773304,random2_k9,9,0.24296144369823777
cleanStatic,train,28,27.99038436,7,10,699509609,700009609,5585960.31567,2420797.6163773304,random3_k9,9,0.48703806041321823
cleanStatic,train,28,27.99038436,7,10,699509609,700009609,5585960.31567,2420797.6163773304,random4_k9,9,0.5810801406979949
cleanStatic,train,28,27.99038436,7,10,699509609,700009609,5585960.31567,2420797.6163773304,random5_k9,9,0.12977221147338813
cleanStatic,train,28,27.99770092,8,13,699692523,700192523,5547396.307958,6798097.95308879,dense_two_source_glrt,187,0.08189306777608436
cleanStatic,train,28,27.99770092,8,13,699692523,700192523,5547396.307958,6798097.95308879,dense_one_source_residual,187,0.4527810377495168
cleanStatic,train,28,27.99770092,8,13,699692523,700192523,5547396.307958,6798097.95308879,raw_power_only,0,5547396.307958
cleanStatic,train,28,27.99770092,8,13,699692523,700192523,5547396.307958,6798097.95308879,analytic_sparse_k3,3,0.19835184467712066
cleanStatic,train,28,27.99770092,8,13,699692523,700192523,5547396.307958,6798097.95308879,uniform_k3,3,0.12241238707029516
cleanStatic,train,28,27.99770092,8,13,699692523,700192523,5547396.307958,6798097.95308879,shuffled_k3,3,0.03596088725427856
cleanStatic,train,28,27.99770092,8,13,699692523,700192523,5547396.307958,6798097.95308879,analytic_sparse_k5,5,0.15607212228456527
cleanStatic,train,28,27.99770092,8,13,699692523,700192523,5547396.307958,6798097.95308879,uniform_k5,5,0.02732064181929106
cleanStatic,train,28,27.99770092,8,13,699692523,700192523,5547396.307958,6798097.95308879,shuffled_k5,5,0.11090124253810178
cleanStatic,train,28,27.99770092,8,13,699692523,700192523,5547396.307958,6798097.95308879,analytic_sparse_k9,9,0.1374751001586587
cleanStatic,train,28,27.99770092,8,13,699692523,700192523,5547396.307958,6798097.95308879,uniform_k9,9,0.01989201434983285
cleanStatic,train,28,27.99770092,8,13,699692523,700192523,5547396.307958,6798097.95308879,shuffled_k9,9,0.3793980234988344
cleanStatic,train,28,27.99770092,8,13,699692523,700192523,5547396.307958,6798097.95308879,ai_sparse_k3,3,0.7025697038956727
cleanStatic,train,28,27.99770092,8,13,699692523,700192523,5547396.307958,6798097.95308879,pg_scc_k3,3,0.5806446683430181
cleanStatic,train,28,27.99770092,8,13,699692523,700192523,5547396.307958,6798097.95308879,ai_sparse_k5,5,0.6416713079970932
cleanStatic,train,28,27.99770092,8,13,699692523,700192523,5547396.307958,6798097.95308879,pg_scc_k5,5,0.10019657230950534
cleanStatic,train,28,27.99770092,8,13,699692523,700192523,5547396.307958,6798097.95308879,ai_sparse_k9,9,0.6201213173409101
cleanStatic,train,28,27.99770092,8,13,699692523,700192523,5547396.307958,6798097.95308879,pg_scc_k9,9,0.08837140647062054
cleanStatic,train,28,27.99770092,8,13,699692523,700192523,5547396.307958,6798097.95308879,epl3,3,0.4071940216045764
cleanStatic,train,28,27.99770092,8,13,699692523,700192523,5547396.307958,6798097.95308879,fixed9,9,0.4160653761726125
cleanStatic,train,28,27.99770092,8,13,699692523,700192523,5547396.307958,6798097.95308879,random1_k3,3,0.27515651432201554
cleanStatic,train,28,27.99770092,8,13,699692523,700192523,5547396.307958,6798097.95308879,random2_k3,3,0.22692572422045873
cleanStatic,train,28,27.99770092,8,13,699692523,700192523,5547396.307958,6798097.95308879,random3_k3,3,0.30339121000779234
cleanStatic,train,28,27.99770092,8,13,699692523,700192523,5547396.307958,6798097.95308879,random4_k3,3,0.21157394055687795
cleanStatic,train,28,27.99770092,8,13,699692523,700192523,5547396.307958,6798097.95308879,random5_k3,3,0.22064172365304568
cleanStatic,train,28,27.99770092,8,13,699692523,700192523,5547396.307958,6798097.95308879,random1_k5,5,0.2926900976304802
cleanStatic,train,28,27.99770092,8,13,699692523,700192523,5547396.307958,6798097.95308879,random2_k5,5,0.17235330904827645
cleanStatic,train,28,27.99770092,8,13,699692523,700192523,5547396.307958,6798097.95308879,random3_k5,5,0.20764514322691802
cleanStatic,train,28,27.99770092,8,13,699692523,700192523,5547396.307958,6798097.95308879,random4_k5,5,0.1432597970058508
cleanStatic,train,28,27.99770092,8,13,699692523,700192523,5547396.307958,6798097.95308879,random5_k5,5,0.21563218560877492
cleanStatic,train,28,27.99770092,8,13,699692523,700192523,5547396.307958,6798097.95308879,random1_k9,9,0.3521628311942171
cleanStatic,train,28,27.99770092,8,13,699692523,700192523,5547396.307958,6798097.95308879,random2_k9,9,0.1272284071548901
cleanStatic,train,28,27.99770092,8,13,699692523,700192523,5547396.307958,6798097.95308879,random3_k9,9,0.22478186902926245
cleanStatic,train,28,27.99770092,8,13,699692523,700192523,5547396.307958,6798097.95308879,random4_k9,9,0.17167415129124416
cleanStatic,train,28,27.99770092,8,13,699692523,700192523,5547396.307958,6798097.95308879,random5_k9,9,0.08689380980757294
cleanStatic,train,28,28.0035486,9,19,699838715,700338715,5552524.834842,4611958.03216506,dense_two_source_glrt,187,0.04879799072585972
cleanStatic,train,28,28.0035486,9,19,699838715,700338715,5552524.834842,4611958.03216506,dense_one_source_residual,187,0.5695672537306223
cleanStatic,train,28,28.0035486,9,19,699838715,700338715,5552524.834842,4611958.03216506,raw_power_only,0,5552524.834842
cleanStatic,train,28,28.0035486,9,19,699838715,700338715,5552524.834842,4611958.03216506,analytic_sparse_k3,3,0.18875793538927435
cleanStatic,train,28,28.0035486,9,19,699838715,700338715,5552524.834842,4611958.03216506,uniform_k3,3,0.3558674271818208
cleanStatic,train,28,28.0035486,9,19,699838715,700338715,5552524.834842,4611958.03216506,shuffled_k3,3,0.10925511207499757
cleanStatic,train,28,28.0035486,9,19,699838715,700338715,5552524.834842,4611958.03216506,analytic_sparse_k5,5,0.32621931435802015
cleanStatic,train,28,28.0035486,9,19,699838715,700338715,5552524.834842,4611958.03216506,uniform_k5,5,0.13117552345873937
cleanStatic,train,28,28.0035486,9,19,699838715,700338715,5552524.834842,4611958.03216506,shuffled_k5,5,0.44576825686914845
cleanStatic,train,28,28.0035486,9,19,699838715,700338715,5552524.834842,4611958.03216506,analytic_sparse_k9,9,0.2184951996691903
cleanStatic,train,28,28.0035486,9,19,699838715,700338715,5552524.834842,4611958.03216506,uniform_k9,9,0.010715969154620463
cleanStatic,train,28,28.0035486,9,19,699838715,700338715,5552524.834842,4611958.03216506,shuffled_k9,9,0.20982679659275374
cleanStatic,train,28,28.0035486,9,19,699838715,700338715,5552524.834842,4611958.03216506,ai_sparse_k3,3,0.5783252455251379
cleanStatic,train,28,28.0035486,9,19,699838715,700338715,5552524.834842,4611958.03216506,pg_scc_k3,3,0.534439031914607
cleanStatic,train,28,28.0035486,9,19,699838715,700338715,5552524.834842,4611958.03216506,ai_sparse_k5,5,0.41430021695784225
cleanStatic,train,28,28.0035486,9,19,699838715,700338715,5552524.834842,4611958.03216506,pg_scc_k5,5,0.24710679027499438
cleanStatic,train,28,28.0035486,9,19,699838715,700338715,5552524.834842,4611958.03216506,ai_sparse_k9,9,0.27976270708217654
cleanStatic,train,28,28.0035486,9,19,699838715,700338715,5552524.834842,4611958.03216506,pg_scc_k9,9,0.11998097162093598
cleanStatic,train,28,28.0035486,9,19,699838715,700338715,5552524.834842,4611958.03216506,epl3,3,0.41219815186215397
cleanStatic,train,28,28.0035486,9,19,699838715,700338715,5552524.834842,4611958.03216506,fixed9,9,0.3434602204545285
cleanStatic,train,28,28.0035486,9,19,699838715,700338715,5552524.834842,4611958.03216506,random1_k3,3,0.27036003535098174
cleanStatic,train,28,28.0035486,9,19,699838715,700338715,5552524.834842,4611958.03216506,random2_k3,3,0.2852193755208925
cleanStatic,train,28,28.0035486,9,19,699838715,700338715,5552524.834842,4611958.03216506,random3_k3,3,0.2970544112879377
cleanStatic,train,28,28.0035486,9,19,699838715,700338715,5552524.834842,4611958.03216506,random4_k3,3,0.3611108534572878
cleanStatic,train,28,28.0035486,9,19,699838715,700338715,5552524.834842,4611958.03216506,random5_k3,3,0.12686758118224326
cleanStatic,train,28,28.0035486,9,19,699838715,700338715,5552524.834842,4611958.03216506,random1_k5,5,0.5913837411608631
cleanStatic,train,28,28.0035486,9,19,699838715,700338715,5552524.834842,4611958.03216506,random2_k5,5,0.5167253942245036
cleanStatic,train,28,28.0035486,9,19,699838715,700338715,5552524.834842,4611958.03216506,random3_k5,5,0.257950872119278
cleanStatic,train,28,28.0035486,9,19,699838715,700338715,5552524.834842,4611958.03216506,random4_k5,5,0.21549467182795617
cleanStatic,train,28,28.0035486,9,19,699838715,700338715,5552524.834842,4611958.03216506,random5_k5,5,0.251704539560951
cleanStatic,train,28,28.0035486,9,19,699838715,700338715,5552524.834842,4611958.03216506,random1_k9,9,0.07060792585091548
cleanStatic,train,28,28.0035486,9,19,699838715,700338715,5552524.834842,4611958.03216506,random2_k9,9,0.10372042402153639
cleanStatic,train,28,28.0035486,9,19,699838715,700338715,5552524.834842,4611958.03216506,random3_k9,9,0.3285742720310813
cleanStatic,train,28,28.0035486,9,19,699838715,700338715,5552524.834842,4611958.03216506,random4_k9,9,0.19623354305711432
cleanStatic,train,28,28.0035486,9,19,699838715,700338715,5552524.834842,4611958.03216506,random5_k9,9,0.22240228501419448
cleanStatic,train,28,27.99060896,10,23,699515224,700015224,5586947.4244,6859805.809252421,dense_two_source_glrt,187,0.03283258307166557
cleanStatic,train,28,27.99060896,10,23,699515224,700015224,5586947.4244,6859805.809252421,dense_one_source_residual,187,0.1334765466385727
cleanStatic,train,28,27.99060896,10,23,699515224,700015224,5586947.4244,6859805.809252421,raw_power_only,0,5586947.4244
cleanStatic,train,28,27.99060896,10,23,699515224,700015224,5586947.4244,6859805.809252421,analytic_sparse_k3,3,0.030464241960530644
cleanStatic,train,28,27.99060896,10,23,699515224,700015224,5586947.4244,6859805.809252421,uniform_k3,3,0.18948258818192973
cleanStatic,train,28,27.99060896,10,23,699515224,700015224,5586947.4244,6859805.809252421,shuffled_k3,3,0.10079548038976482
cleanStatic,train,28,27.99060896,10,23,699515224,700015224,5586947.4244,6859805.809252421,analytic_sparse_k5,5,0.023668679139770044
cleanStatic,train,28,27.99060896,10,23,699515224,700015224,5586947.4244,6859805.809252421,uniform_k5,5,0.07617925846364645
cleanStatic,train,28,27.99060896,10,23,699515224,700015224,5586947.4244,6859805.809252421,shuffled_k5,5,0.11461295913678256
cleanStatic,train,28,27.99060896,10,23,699515224,700015224,5586947.4244,6859805.809252421,analytic_sparse_k9,9,0.029015242532871553
cleanStatic,train,28,27.99060896,10,23,699515224,700015224,5586947.4244,6859805.809252421,uniform_k9,9,0.0686941387883509
cleanStatic,train,28,27.99060896,10,23,699515224,700015224,5586947.4244,6859805.809252421,shuffled_k9,9,0.016556388511268942
cleanStatic,train,28,27.99060896,10,23,699515224,700015224,5586947.4244,6859805.809252421,ai_sparse_k3,3,0.014829493797473906
cleanStatic,train,28,27.99060896,10,23,699515224,700015224,5586947.4244,6859805.809252421,pg_scc_k3,3,0.06214510156729256
cleanStatic,train,28,27.99060896,10,23,699515224,700015224,5586947.4244,6859805.809252421,ai_sparse_k5,5,0.009804539051625016
cleanStatic,train,28,27.99060896,10,23,699515224,700015224,5586947.4244,6859805.809252421,pg_scc_k5,5,0.05426821032236993
cleanStatic,train,28,27.99060896,10,23,699515224,700015224,5586947.4244,6859805.809252421,ai_sparse_k9,9,0.05006543640930091
cleanStatic,train,28,27.99060896,10,23,699515224,700015224,5586947.4244,6859805.809252421,pg_scc_k9,9,0.07735043715100212
cleanStatic,train,28,27.99060896,10,23,699515224,700015224,5586947.4244,6859805.809252421,epl3,3,0.04314800767508501
cleanStatic,train,28,27.99060896,10,23,699515224,700015224,5586947.4244,6859805.809252421,fixed9,9,0.03607015992385734
cleanStatic,train,28,27.99060896,10,23,699515224,700015224,5586947.4244,6859805.809252421,random1_k3,3,0.0340386800510964
cleanStatic,train,28,27.99060896,10,23,699515224,700015224,5586947.4244,6859805.809252421,random2_k3,3,0.01816334523930868
cleanStatic,train,28,27.99060896,10,23,699515224,700015224,5586947.4244,6859805.809252421,random3_k3,3,0.15708620748631127
cleanStatic,train,28,27.99060896,10,23,699515224,700015224,5586947.4244,6859805.809252421,random4_k3,3,0.02643230036371734
cleanStatic,train,28,27.99060896,10,23,699515224,700015224,5586947.4244,6859805.809252421,random5_k3,3,0.028948185467891182
cleanStatic,train,28,27.99060896,10,23,699515224,700015224,5586947.4244,6859805.809252421,random1_k5,5,0.0685641515493358
cleanStatic,train,28,27.99060896,10,23,699515224,700015224,5586947.4244,6859805.809252421,random2_k5,5,0.10074531234819488
cleanStatic,train,28,27.99060896,10,23,699515224,700015224,5586947.4244,6859805.809252421,random3_k5,5,0.020866338826370956
cleanStatic,train,28,27.99060896,10,23,699515224,700015224,5586947.4244,6859805.809252421,random4_k5,5,0.09376595505311291
cleanStatic,train,28,27.99060896,10,23,699515224,700015224,5586947.4244,6859805.809252421,random5_k5,5,0.033496494960281946
cleanStatic,train,28,27.99060896,10,23,699515224,700015224,5586947.4244,6859805.809252421,random1_k9,9,0.0371022746396971
cleanStatic,train,28,27.99060896,10,23,699515224,700015224,5586947.4244,6859805.809252421,random2_k9,9,0.07455812974169798
cleanStatic,train,28,27.99060896,10,23,699515224,700015224,5586947.4244,6859805.809252421,random3_k9,9,0.044196797895611324
cleanStatic,train,28,27.99060896,10,23,699515224,700015224,5586947.4244,6859805.809252421,random4_k9,9,0.053361502043789456
cleanStatic,train,28,27.99060896,10,23,699515224,700015224,5586947.4244,6859805.809252421,random5_k9,9,0.06158129949235117
cleanStatic,train,30,29.99325652,0,16,749581413,750081413,5529063.846178,5705880.559402766,dense_two_source_glrt,187,0.09790923264560786
cleanStatic,train,30,29.99325652,0,16,749581413,750081413,5529063.846178,5705880.559402766,dense_one_source_residual,187,0.41108740956905776
cleanStatic,train,30,29.99325652,0,16,749581413,750081413,5529063.846178,5705880.559402766,raw_power_only,0,5529063.846178
cleanStatic,train,30,29.99325652,0,16,749581413,750081413,5529063.846178,5705880.559402766,analytic_sparse_k3,3,0.04171482553567446
cleanStatic,train,30,29.99325652,0,16,749581413,750081413,5529063.846178,5705880.559402766,uniform_k3,3,0.4301750703002498
cleanStatic,train,30,29.99325652,0,16,749581413,750081413,5529063.846178,5705880.559402766,shuffled_k3,3,0.07104746459639265
cleanStatic,train,30,29.99325652,0,16,749581413,750081413,5529063.846178,5705880.559402766,analytic_sparse_k5,5,0.19179318269312792
cleanStatic,train,30,29.99325652,0,16,749581413,750081413,5529063.846178,5705880.559402766,uniform_k5,5,0.18454588037087855
cleanStatic,train,30,29.99325652,0,16,749581413,750081413,5529063.846178,5705880.559402766,shuffled_k5,5,0.1877159706168011
cleanStatic,train,30,29.99325652,0,16,749581413,750081413,5529063.846178,5705880.559402766,analytic_sparse_k9,9,0.07980515827231018
cleanStatic,train,30,29.99325652,0,16,749581413,750081413,5529063.846178,5705880.559402766,uniform_k9,9,0.056980298869928364
cleanStatic,train,30,29.99325652,0,16,749581413,750081413,5529063.846178,5705880.559402766,shuffled_k9,9,0.29604543739475025
cleanStatic,train,30,29.99325652,0,16,749581413,750081413,5529063.846178,5705880.559402766,ai_sparse_k3,3,0.24908008036343476
cleanStatic,train,30,29.99325652,0,16,749581413,750081413,5529063.846178,5705880.559402766,pg_scc_k3,3,0.04973263934972375
cleanStatic,train,30,29.99325652,0,16,749581413,750081413,5529063.846178,5705880.559402766,ai_sparse_k5,5,0.47061190913912937
cleanStatic,train,30,29.99325652,0,16,749581413,750081413,5529063.846178,5705880.559402766,pg_scc_k5,5,0.06343607592761939
cleanStatic,train,30,29.99325652,0,16,749581413,750081413,5529063.846178,5705880.559402766,ai_sparse_k9,9,0.5021016061264107
cleanStatic,train,30,29.99325652,0,16,749581413,750081413,5529063.846178,5705880.559402766,pg_scc_k9,9,0.11200711303780825
cleanStatic,train,30,29.99325652,0,16,749581413,750081413,5529063.846178,5705880.559402766,epl3,3,0.12717666073552408
cleanStatic,train,30,29.99325652,0,16,749581413,750081413,5529063.846178,5705880.559402766,fixed9,9,0.38248009082923745
cleanStatic,train,30,29.99325652,0,16,749581413,750081413,5529063.846178,5705880.559402766,random1_k3,3,0.10207269335805373
cleanStatic,train,30,29.99325652,0,16,749581413,750081413,5529063.846178,5705880.559402766,random2_k3,3,0.0055165550569148515
cleanStatic,train,30,29.99325652,0,16,749581413,750081413,5529063.846178,5705880.559402766,random3_k3,3,0.16138985835993305
cleanStatic,train,30,29.99325652,0,16,749581413,750081413,5529063.846178,5705880.559402766,random4_k3,3,0.08360824474541712
cleanStatic,train,30,29.99325652,0,16,749581413,750081413,5529063.846178,5705880.559402766,random5_k3,3,0.6516650965564124
cleanStatic,train,30,29.99325652,0,16,749581413,750081413,5529063.846178,5705880.559402766,random1_k5,5,0.46611082000745163
cleanStatic,train,30,29.99325652,0,16,749581413,750081413,5529063.846178,5705880.559402766,random2_k5,5,0.18787615618548176
cleanStatic,train,30,29.99325652,0,16,749581413,750081413,5529063.846178,5705880.559402766,random3_k5,5,0.15486225528070036
cleanStatic,train,30,29.99325652,0,16,749581413,750081413,5529063.846178,5705880.559402766,random4_k5,5,0.1702735907591484
cleanStatic,train,30,29.99325652,0,16,749581413,750081413,5529063.846178,5705880.559402766,random5_k5,5,0.4158947351877864
cleanStatic,train,30,29.99325652,0,16,749581413,750081413,5529063.846178,5705880.559402766,random1_k9,9,0.2375127964568483
cleanStatic,train,30,29.99325652,0,16,749581413,750081413,5529063.846178,5705880.559402766,random2_k9,9,0.11726683844195183
cleanStatic,train,30,29.99325652,0,16,749581413,750081413,5529063.846178,5705880.559402766,random3_k9,9,0.20968139659707624
cleanStatic,train,30,29.99325652,0,16,749581413,750081413,5529063.846178,5705880.559402766,random4_k9,9,0.11229195608268859
cleanStatic,train,30,29.99325652,0,16,749581413,750081413,5529063.846178,5705880.559402766,random5_k9,9,0.07357059549450619
cleanStatic,train,30,29.99055452,2,3,749513863,750013863,5525583.869139999,5916836.63016111,dense_two_source_glrt,187,0.07529716709875649
cleanStatic,train,30,29.99055452,2,3,749513863,750013863,5525583.869139999,5916836.63016111,dense_one_source_residual,187,0.37625042052591284
cleanStatic,train,30,29.99055452,2,3,749513863,750013863,5525583.869139999,5916836.63016111,raw_power_only,0,5525583.869139999
cleanStatic,train,30,29.99055452,2,3,749513863,750013863,5525583.869139999,5916836.63016111,analytic_sparse_k3,3,0.04254885920236054
cleanStatic,train,30,29.99055452,2,3,749513863,750013863,5525583.869139999,5916836.63016111,uniform_k3,3,0.2347328239356877
cleanStatic,train,30,29.99055452,2,3,749513863,750013863,5525583.869139999,5916836.63016111,shuffled_k3,3,0.04857638882387778
cleanStatic,train,30,29.99055452,2,3,749513863,750013863,5525583.869139999,5916836.63016111,analytic_sparse_k5,5,0.05876568479023529
cleanStatic,train,30,29.99055452,2,3,749513863,750013863,5525583.869139999,5916836.63016111,uniform_k5,5,0.2225784273087234
cleanStatic,train,30,29.99055452,2,3,749513863,750013863,5525583.869139999,5916836.63016111,shuffled_k5,5,0.07212458718056422
cleanStatic,train,30,29.99055452,2,3,749513863,750013863,5525583.869139999,5916836.63016111,analytic_sparse_k9,9,0.14466844829621323
cleanStatic,train,30,29.99055452,2,3,749513863,750013863,5525583.869139999,5916836.63016111,uniform_k9,9,0.049113062182668435
cleanStatic,train,30,29.99055452,2,3,749513863,750013863,5525583.869139999,5916836.63016111,shuffled_k9,9,0.2135664525392421
cleanStatic,train,30,29.99055452,2,3,749513863,750013863,5525583.869139999,5916836.63016111,ai_sparse_k3,3,0.4112980995236741
cleanStatic,train,30,29.99055452,2,3,749513863,750013863,5525583.869139999,5916836.63016111,pg_scc_k3,3,0.3660356115780508
cleanStatic,train,30,29.99055452,2,3,749513863,750013863,5525583.869139999,5916836.63016111,ai_sparse_k5,5,0.20792831115586358
cleanStatic,train,30,29.99055452,2,3,749513863,750013863,5525583.869139999,5916836.63016111,pg_scc_k5,5,0.10270670197969323
cleanStatic,train,30,29.99055452,2,3,749513863,750013863,5525583.869139999,5916836.63016111,ai_sparse_k9,9,0.22214531971872747
cleanStatic,train,30,29.99055452,2,3,749513863,750013863,5525583.869139999,5916836.63016111,pg_scc_k9,9,0.06046786739551448
cleanStatic,train,30,29.99055452,2,3,749513863,750013863,5525583.869139999,5916836.63016111,epl3,3,0.10504009657323694
cleanStatic,train,30,29.99055452,2,3,749513863,750013863,5525583.869139999,5916836.63016111,fixed9,9,0.29348117089650533
cleanStatic,train,30,29.99055452,2,3,749513863,750013863,5525583.869139999,5916836.63016111,random1_k3,3,0.11462599876427458
cleanStatic,train,30,29.99055452,2,3,749513863,750013863,5525583.869139999,5916836.63016111,random2_k3,3,0.13935604487711734
cleanStatic,train,30,29.99055452,2,3,749513863,750013863,5525583.869139999,5916836.63016111,random3_k3,3,0.5928135780032123
cleanStatic,train,30,29.99055452,2,3,749513863,750013863,5525583.869139999,5916836.63016111,random4_k3,3,0.07145371193583042
cleanStatic,train,30,29.99055452,2,3,749513863,750013863,5525583.869139999,5916836.63016111,random5_k3,3,0.20890279971748846
cleanStatic,train,30,29.99055452,2,3,749513863,750013863,5525583.869139999,5916836.63016111,random1_k5,5,0.23353176139534165
cleanStatic,train,30,29.99055452,2,3,749513863,750013863,5525583.869139999,5916836.63016111,random2_k5,5,0.13716032333793424
cleanStatic,train,30,29.99055452,2,3,749513863,750013863,5525583.869139999,5916836.63016111,random3_k5,5,0.10902244642467744
cleanStatic,train,30,29.99055452,2,3,749513863,750013863,5525583.869139999,5916836.63016111,random4_k5,5,0.20044943659354625
cleanStatic,train,30,29.99055452,2,3,749513863,750013863,5525583.869139999,5916836.63016111,random5_k5,5,0.2149333305135034
cleanStatic,train,30,29.99055452,2,3,749513863,750013863,5525583.869139999,5916836.63016111,random1_k9,9,0.21498689990112738
cleanStatic,train,30,29.99055452,2,3,749513863,750013863,5525583.869139999,5916836.63016111,random2_k9,9,0.0769347376013381
cleanStatic,train,30,29.99055452,2,3,749513863,750013863,5525583.869139999,5916836.63016111,random3_k9,9,0.06477872018842322
cleanStatic,train,30,29.99055452,2,3,749513863,750013863,5525583.869139999,5916836.63016111,random4_k9,9,0.2808837503591907
cleanStatic,train,30,29.99055452,2,3,749513863,750013863,5525583.869139999,5916836.63016111,random5_k9,9,0.12336270692106993
cleanStatic,train,30,29.99530216,3,20,749632554,750132554,5531846.9077119995,2096328.2020526323,dense_two_source_glrt,187,0.5419235251221828
cleanStatic,train,30,29.99530216,3,20,749632554,750132554,5531846.9077119995,2096328.2020526323,dense_one_source_residual,187,3.598002330003082
cleanStatic,train,30,29.99530216,3,20,749632554,750132554,5531846.9077119995,2096328.2020526323,raw_power_only,0,5531846.9077119995
cleanStatic,train,30,29.99530216,3,20,749632554,750132554,5531846.9077119995,2096328.2020526323,analytic_sparse_k3,3,3.1097558056798875
cleanStatic,train,30,29.99530216,3,20,749632554,750132554,5531846.9077119995,2096328.2020526323,uniform_k3,3,1.6926491240351946
cleanStatic,train,30,29.99530216,3,20,749632554,750132554,5531846.9077119995,2096328.2020526323,shuffled_k3,3,3.3507003291667474
cleanStatic,train,30,29.99530216,3,20,749632554,750132554,5531846.9077119995,2096328.2020526323,analytic_sparse_k5,5,3.775501758198389
cleanStatic,train,30,29.99530216,3,20,749632554,750132554,5531846.9077119995,2096328.2020526323,uniform_k5,5,0.6130585910425446
cleanStatic,train,30,29.99530216,3,20,749632554,750132554,5531846.9077119995,2096328.2020526323,shuffled_k5,5,1.117526027914805
cleanStatic,train,30,29.99530216,3,20,749632554,750132554,5531846.9077119995,2096328.2020526323,analytic_sparse_k9,9,2.2065389377526747
cleanStatic,train,30,29.99530216,3,20,749632554,750132554,5531846.9077119995,2096328.2020526323,uniform_k9,9,0.7755042901866465
cleanStatic,train,30,29.99530216,3,20,749632554,750132554,5531846.9077119995,2096328.2020526323,shuffled_k9,9,1.3808263658487039
cleanStatic,train,30,29.99530216,3,20,749632554,750132554,5531846.9077119995,2096328.2020526323,ai_sparse_k3,3,1.1795184583463718
cleanStatic,train,30,29.99530216,3,20,749632554,750132554,5531846.9077119995,2096328.2020526323,pg_scc_k3,3,0.831181935173733
cleanStatic,train,30,29.99530216,3,20,749632554,750132554,5531846.9077119995,2096328.2020526323,ai_sparse_k5,5,1.7337230322255501
cleanStatic,train,30,29.99530216,3,20,749632554,750132554,5531846.9077119995,2096328.2020526323,pg_scc_k5,5,0.643453870898416
cleanStatic,train,30,29.99530216,3,20,749632554,750132554,5531846.9077119995,2096328.2020526323,ai_sparse_k9,9,2.2413761642233734
cleanStatic,train,30,29.99530216,3,20,749632554,750132554,5531846.9077119995,2096328.2020526323,pg_scc_k9,9,1.1164437989700882
cleanStatic,train,30,29.99530216,3,20,749632554,750132554,5531846.9077119995,2096328.2020526323,epl3,3,1.6740852889686562
cleanStatic,train,30,29.99530216,3,20,749632554,750132554,5531846.9077119995,2096328.2020526323,fixed9,9,1.3036038245474555
cleanStatic,train,30,29.99530216,3,20,749632554,750132554,5531846.9077119995,2096328.2020526323,random1_k3,3,3.111948086985801
cleanStatic,train,30,29.99530216,3,20,749632554,750132554,5531846.9077119995,2096328.2020526323,random2_k3,3,3.0693180313128345
cleanStatic,train,30,29.99530216,3,20,749632554,750132554,5531846.9077119995,2096328.2020526323,random3_k3,3,1.3727391101865567
cleanStatic,train,30,29.99530216,3,20,749632554,750132554,5531846.9077119995,2096328.2020526323,random4_k3,3,2.4928391954060296
cleanStatic,train,30,29.99530216,3,20,749632554,750132554,5531846.9077119995,2096328.2020526323,random5_k3,3,2.6391335119348196
cleanStatic,train,30,29.99530216,3,20,749632554,750132554,5531846.9077119995,2096328.2020526323,random1_k5,5,1.4707619169761372
cleanStatic,train,30,29.99530216,3,20,749632554,750132554,5531846.9077119995,2096328.2020526323,random2_k5,5,1.854717920947619
cleanStatic,train,30,29.99530216,3,20,749632554,750132554,5531846.9077119995,2096328.2020526323,random3_k5,5,1.4685408266764857
cleanStatic,train,30,29.99530216,3,20,749632554,750132554,5531846.9077119995,2096328.2020526323,random4_k5,5,0.6187261103502039
cleanStatic,train,30,29.99530216,3,20,749632554,750132554,5531846.9077119995,2096328.2020526323,random5_k5,5,1.9130161366080614
cleanStatic,train,30,29.99530216,3,20,749632554,750132554,5531846.9077119995,2096328.2020526323,random1_k9,9,1.7287144256663383
cleanStatic,train,30,29.99530216,3,20,749632554,750132554,5531846.9077119995,2096328.2020526323,random2_k9,9,1.003362971417071
cleanStatic,train,30,29.99530216,3,20,749632554,750132554,5531846.9077119995,2096328.2020526323,random3_k9,9,1.1631583240830485
cleanStatic,train,30,29.99530216,3,20,749632554,750132554,5531846.9077119995,2096328.2020526323,random4_k9,9,1.0389108183804072
cleanStatic,train,30,29.99530216,3,20,749632554,750132554,5531846.9077119995,2096328.2020526323,random5_k9,9,0.4556079599711336
cleanStatic,train,30,30.11760668,4,30,752690167,753190167,5538028.704638,2371937.266895186,dense_two_source_glrt,187,0.03999312101475857
cleanStatic,train,30,30.11760668,4,30,752690167,753190167,5538028.704638,2371937.266895186,dense_one_source_residual,187,1.00297507559552
cleanStatic,train,30,30.11760668,4,30,752690167,753190167,5538028.704638,2371937.266895186,raw_power_only,0,5538028.704638
cleanStatic,train,30,30.11760668,4,30,752690167,753190167,5538028.704638,2371937.266895186,analytic_sparse_k3,3,0.5185087821243225
cleanStatic,train,30,30.11760668,4,30,752690167,753190167,5538028.704638,2371937.266895186,uniform_k3,3,0.35498697146913766
cleanStatic,train,30,30.11760668,4,30,752690167,753190167,5538028.704638,2371937.266895186,shuffled_k3,3,0.459102779531351
cleanStatic,train,30,30.11760668,4,30,752690167,753190167,5538028.704638,2371937.266895186,analytic_sparse_k5,5,0.6683804399331666
cleanStatic,train,30,30.11760668,4,30,752690167,753190167,5538028.704638,2371937.266895186,uniform_k5,5,0.878656903038174
cleanStatic,train,30,30.11760668,4,30,752690167,753190167,5538028.704638,2371937.266895186,shuffled_k5,5,0.4820524344006481
cleanStatic,train,30,30.11760668,4,30,752690167,753190167,5538028.704638,2371937.266895186,analytic_sparse_k9,9,0.33921436652587705
cleanStatic,train,30,30.11760668,4,30,752690167,753190167,5538028.704638,2371937.266895186,uniform_k9,9,0.2622983384983646
cleanStatic,train,30,30.11760668,4,30,752690167,753190167,5538028.704638,2371937.266895186,shuffled_k9,9,0.10544676975732761
cleanStatic,train,30,30.11760668,4,30,752690167,753190167,5538028.704638,2371937.266895186,ai_sparse_k3,3,0.4129394148036288
cleanStatic,train,30,30.11760668,4,30,752690167,753190167,5538028.704638,2371937.266895186,pg_scc_k3,3,0.29265069818354195
cleanStatic,train,30,30.11760668,4,30,752690167,753190167,5538028.704638,2371937.266895186,ai_sparse_k5,5,0.24237170591286752
cleanStatic,train,30,30.11760668,4,30,752690167,753190167,5538028.704638,2371937.266895186,pg_scc_k5,5,0.15218124568763894
cleanStatic,train,30,30.11760668,4,30,752690167,753190167,5538028.704638,2371937.266895186,ai_sparse_k9,9,0.13292204232155225
cleanStatic,train,30,30.11760668,4,30,752690167,753190167,5538028.704638,2371937.266895186,pg_scc_k9,9,0.16066691096244975
cleanStatic,train,30,30.11760668,4,30,752690167,753190167,5538028.704638,2371937.266895186,epl3,3,0.7727289688179687
cleanStatic,train,30,30.11760668,4,30,752690167,753190167,5538028.704638,2371937.266895186,fixed9,9,0.42123587921613265
cleanStatic,train,30,30.11760668,4,30,752690167,753190167,5538028.704638,2371937.266895186,random1_k3,3,0.8449679977253292
cleanStatic,train,30,30.11760668,4,30,752690167,753190167,5538028.704638,2371937.266895186,random2_k3,3,0.9989205600433594
cleanStatic,train,30,30.11760668,4,30,752690167,753190167,5538028.704638,2371937.266895186,random3_k3,3,1.0180328789383577
cleanStatic,train,30,30.11760668,4,30,752690167,753190167,5538028.704638,2371937.266895186,random4_k3,3,0.20957738656174815
cleanStatic,train,30,30.11760668,4,30,752690167,753190167,5538028.704638,2371937.266895186,random5_k3,3,0.5404931511180188
cleanStatic,train,30,30.11760668,4,30,752690167,753190167,5538028.704638,2371937.266895186,random1_k5,5,0.07744298410607682
cleanStatic,train,30,30.11760668,4,30,752690167,753190167,5538028.704638,2371937.266895186,random2_k5,5,0.5301408756188312
cleanStatic,train,30,30.11760668,4,30,752690167,753190167,5538028.704638,2371937.266895186,random3_k5,5,0.21722697739538335
cleanStatic,train,30,30.11760668,4,30,752690167,753190167,5538028.704638,2371937.266895186,random4_k5,5,0.31797178790986697
cleanStatic,train,30,30.11760668,4,30,752690167,753190167,5538028.704638,2371937.266895186,random5_k5,5,0.4278087612512477
cleanStatic,train,30,30.11760668,4,30,752690167,753190167,5538028.704638,2371937.266895186,random1_k9,9,0.305260862249787
cleanStatic,train,30,30.11760668,4,30,752690167,753190167,5538028.704638,2371937.266895186,random2_k9,9,0.44438630085970093
cleanStatic,train,30,30.11760668,4,30,752690167,753190167,5538028.704638,2371937.266895186,random3_k9,9,0.19698305617312883
cleanStatic,train,30,30.11760668,4,30,752690167,753190167,5538028.704638,2371937.266895186,random4_k9,9,0.3625166596498171
cleanStatic,train,30,30.11760668,4,30,752690167,753190167,5538028.704638,2371937.266895186,random5_k9,9,0.48483742564676585
cleanStatic,train,30,29.99065156,5,6,749516289,750016289,5525215.315398,4698910.357676003,dense_two_source_glrt,187,0.0420053398247484
cleanStatic,train,30,29.99065156,5,6,749516289,750016289,5525215.315398,4698910.357676003,dense_one_source_residual,187,0.35166892333769073
cleanStatic,train,30,29.99065156,5,6,749516289,750016289,5525215.315398,4698910.357676003,raw_power_only,0,5525215.315398
cleanStatic,train,30,29.99065156,5,6,749516289,750016289,5525215.315398,4698910.357676003,analytic_sparse_k3,3,0.26740017671689426
cleanStatic,train,30,29.99065156,5,6,749516289,750016289,5525215.315398,4698910.357676003,uniform_k3,3,0.039573961757545156
cleanStatic,train,30,29.99065156,5,6,749516289,750016289,5525215.315398,4698910.357676003,shuffled_k3,3,0.04811908066948852
cleanStatic,train,30,29.99065156,5,6,749516289,750016289,5525215.315398,4698910.357676003,analytic_sparse_k5,5,0.12000890192158606
cleanStatic,train,30,29.99065156,5,6,749516289,750016289,5525215.315398,4698910.357676003,uniform_k5,5,0.06378826635939301
cleanStatic,train,30,29.99065156,5,6,749516289,750016289,5525215.315398,4698910.357676003,shuffled_k5,5,0.08184766076838394
cleanStatic,train,30,29.99065156,5,6,749516289,750016289,5525215.315398,4698910.357676003,analytic_sparse_k9,9,0.047243808237976026
cleanStatic,train,30,29.99065156,5,6,749516289,750016289,5525215.315398,4698910.357676003,uniform_k9,9,0.13670221957389017
cleanStatic,train,30,29.99065156,5,6,749516289,750016289,5525215.315398,4698910.357676003,shuffled_k9,9,0.12527127860848689
cleanStatic,train,30,29.99065156,5,6,749516289,750016289,5525215.315398,4698910.357676003,ai_sparse_k3,3,0.10788429710549367
cleanStatic,train,30,29.99065156,5,6,749516289,750016289,5525215.315398,4698910.357676003,pg_scc_k3,3,0.13723295673180338
cleanStatic,train,30,29.99065156,5,6,749516289,750016289,5525215.315398,4698910.357676003,ai_sparse_k5,5,0.07976136645540367
cleanStatic,train,30,29.99065156,5,6,749516289,750016289,5525215.315398,4698910.357676003,pg_scc_k5,5,0.10160747713540501
cleanStatic,train,30,29.99065156,5,6,749516289,750016289,5525215.315398,4698910.357676003,ai_sparse_k9,9,0.3235655888274467
cleanStatic,train,30,29.99065156,5,6,749516289,750016289,5525215.315398,4698910.357676003,pg_scc_k9,9,0.13464529634405759
cleanStatic,train,30,29.99065156,5,6,749516289,750016289,5525215.315398,4698910.357676003,epl3,3,0.16433932915901472
cleanStatic,train,30,29.99065156,5,6,749516289,750016289,5525215.315398,4698910.357676003,fixed9,9,0.07611230155729881
cleanStatic,train,30,29.99065156,5,6,749516289,750016289,5525215.315398,4698910.357676003,random1_k3,3,0.3125498705122128
cleanStatic,train,30,29.99065156,5,6,749516289,750016289,5525215.315398,4698910.357676003,random2_k3,3,0.031111818395737036
cleanStatic,train,30,29.99065156,5,6,749516289,750016289,5525215.315398,4698910.357676003,random3_k3,3,0.08926182675612866
cleanStatic,train,30,29.99065156,5,6,749516289,750016289,5525215.315398,4698910.357676003,random4_k3,3,0.22209928459750092
cleanStatic,train,30,29.99065156,5,6,749516289,750016289,5525215.315398,4698910.357676003,random5_k3,3,0.24404432467331053
cleanStatic,train,30,29.99065156,5,6,749516289,750016289,5525215.315398,4698910.357676003,random1_k5,5,0.10947374583274345
cleanStatic,train,30,29.99065156,5,6,749516289,750016289,5525215.315398,4698910.357676003,random2_k5,5,0.035756870443417375
cleanStatic,train,30,29.99065156,5,6,749516289,750016289,5525215.315398,4698910.357676003,random3_k5,5,0.03910728043363343
cleanStatic,train,30,29.99065156,5,6,749516289,750016289,5525215.315398,4698910.357676003,random4_k5,5,0.13025166918885614
cleanStatic,train,30,29.99065156,5,6,749516289,750016289,5525215.315398,4698910.357676003,random5_k5,5,0.05312862009830668
cleanStatic,train,30,29.99065156,5,6,749516289,750016289,5525215.315398,4698910.357676003,random1_k9,9,0.029784848558922987
cleanStatic,train,30,29.99065156,5,6,749516289,750016289,5525215.315398,4698910.357676003,random2_k9,9,0.15029754755278818
cleanStatic,train,30,29.99065156,5,6,749516289,750016289,5525215.315398,4698910.357676003,random3_k9,9,0.04238951671294067
cleanStatic,train,30,29.99065156,5,6,749516289,750016289,5525215.315398,4698910.357676003,random4_k9,9,0.26281775948810354
cleanStatic,train,30,29.99065156,5,6,749516289,750016289,5525215.315398,4698910.357676003,random5_k9,9,0.18554829133194253
cleanStatic,train,30,29.99022224,6,7,749505556,750005556,5523641.523871999,4291110.777035525,dense_two_source_glrt,187,0.07682456972192256
cleanStatic,train,30,29.99022224,6,7,749505556,750005556,5523641.523871999,4291110.777035525,dense_one_source_residual,187,0.7629705591133079
cleanStatic,train,30,29.99022224,6,7,749505556,750005556,5523641.523871999,4291110.777035525,raw_power_only,0,5523641.523871999
cleanStatic,train,30,29.99022224,6,7,749505556,750005556,5523641.523871999,4291110.777035525,analytic_sparse_k3,3,0.6851202270157751
cleanStatic,train,30,29.99022224,6,7,749505556,750005556,5523641.523871999,4291110.777035525,uniform_k3,3,0.33976638991532915
cleanStatic,train,30,29.99022224,6,7,749505556,750005556,5523641.523871999,4291110.777035525,shuffled_k3,3,0.5531211314676802
cleanStatic,train,30,29.99022224,6,7,749505556,750005556,5523641.523871999,4291110.777035525,analytic_sparse_k5,5,1.1502063594800347
cleanStatic,train,30,29.99022224,6,7,749505556,750005556,5523641.523871999,4291110.777035525,uniform_k5,5,0.3188753404951326
cleanStatic,train,30,29.99022224,6,7,749505556,750005556,5523641.523871999,4291110.777035525,shuffled_k5,5,0.3642678121346095
cleanStatic,train,30,29.99022224,6,7,749505556,750005556,5523641.523871999,4291110.777035525,analytic_sparse_k9,9,0.8044930039000472
cleanStatic,train,30,29.99022224,6,7,749505556,750005556,5523641.523871999,4291110.777035525,uniform_k9,9,0.19200946813271477
cleanStatic,train,30,29.99022224,6,7,749505556,750005556,5523641.523871999,4291110.777035525,shuffled_k9,9,0.18562829717561394
cleanStatic,train,30,29.99022224,6,7,749505556,750005556,5523641.523871999,4291110.777035525,ai_sparse_k3,3,0.21853671259535942
cleanStatic,train,30,29.99022224,6,7,749505556,750005556,5523641.523871999,4291110.777035525,pg_scc_k3,3,0.149914433759599
cleanStatic,train,30,29.99022224,6,7,749505556,750005556,5523641.523871999,4291110.777035525,ai_sparse_k5,5,0.22014721884405244
cleanStatic,train,30,29.99022224,6,7,749505556,750005556,5523641.523871999,4291110.777035525,pg_scc_k5,5,0.18054925992124252
cleanStatic,train,30,29.99022224,6,7,749505556,750005556,5523641.523871999,4291110.777035525,ai_sparse_k9,9,0.055224679988790326
cleanStatic,train,30,29.99022224,6,7,749505556,750005556,5523641.523871999,4291110.777035525,pg_scc_k9,9,0.11675300018372198
cleanStatic,train,30,29.99022224,6,7,749505556,750005556,5523641.523871999,4291110.777035525,epl3,3,0.7926272911036815
cleanStatic,train,30,29.99022224,6,7,749505556,750005556,5523641.523871999,4291110.777035525,fixed9,9,0.2017207275023217
cleanStatic,train,30,29.99022224,6,7,749505556,750005556,5523641.523871999,4291110.777035525,random1_k3,3,1.2244034296188382
cleanStatic,train,30,29.99022224,6,7,749505556,750005556,5523641.523871999,4291110.777035525,random2_k3,3,0.9813304677313833
cleanStatic,train,30,29.99022224,6,7,749505556,750005556,5523641.523871999,4291110.777035525,random3_k3,3,0.1154978996153656
cleanStatic,train,30,29.99022224,6,7,749505556,750005556,5523641.523871999,4291110.777035525,random4_k3,3,0.6306081363511756
cleanStatic,train,30,29.99022224,6,7,749505556,750005556,5523641.523871999,4291110.777035525,random5_k3,3,0.4454679997680022
cleanStatic,train,30,29.99022224,6,7,749505556,750005556,5523641.523871999,4291110.777035525,random1_k5,5,0.29997569255063816
cleanStatic,train,30,29.99022224,6,7,749505556,750005556,5523641.523871999,4291110.777035525,random2_k5,5,0.21887672940655484
cleanStatic,train,30,29.99022224,6,7,749505556,750005556,5523641.523871999,4291110.777035525,random3_k5,5,0.23994610246738537
cleanStatic,train,30,29.99022224,6,7,749505556,750005556,5523641.523871999,4291110.777035525,random4_k5,5,0.37654696590203907
cleanStatic,train,30,29.99022224,6,7,749505556,750005556,5523641.523871999,4291110.777035525,random5_k5,5,0.32117660204278636
cleanStatic,train,30,29.99022224,6,7,749505556,750005556,5523641.523871999,4291110.777035525,random1_k9,9,0.19312692575823664
cleanStatic,train,30,29.99022224,6,7,749505556,750005556,5523641.523871999,4291110.777035525,random2_k9,9,0.25818352905986003
cleanStatic,train,30,29.99022224,6,7,749505556,750005556,5523641.523871999,4291110.777035525,random3_k9,9,0.26277772833764335
cleanStatic,train,30,29.99022224,6,7,749505556,750005556,5523641.523871999,4291110.777035525,random4_k9,9,0.2652781455610239
cleanStatic,train,30,29.99022224,6,7,749505556,750005556,5523641.523871999,4291110.777035525,random5_k9,9,0.11099391421153143
cleanStatic,train,30,29.99038356,7,10,749509589,750009589,5525291.544476001,2404421.265954812,dense_two_source_glrt,187,0.11091527204228911
cleanStatic,train,30,29.99038356,7,10,749509589,750009589,5525291.544476001,2404421.265954812,dense_one_source_residual,187,1.2087955434913598
cleanStatic,train,30,29.99038356,7,10,749509589,750009589,5525291.544476001,2404421.265954812,raw_power_only,0,5525291.544476001
cleanStatic,train,30,29.99038356,7,10,749509589,750009589,5525291.544476001,2404421.265954812,analytic_sparse_k3,3,0.39770140404574095
cleanStatic,train,30,29.99038356,7,10,749509589,750009589,5525291.544476001,2404421.265954812,uniform_k3,3,0.6691306856122788
cleanStatic,train,30,29.99038356,7,10,749509589,750009589,5525291.544476001,2404421.265954812,shuffled_k3,3,0.45198549046010844
cleanStatic,train,30,29.99038356,7,10,749509589,750009589,5525291.544476001,2404421.265954812,analytic_sparse_k5,5,0.3146156202800986
cleanStatic,train,30,29.99038356,7,10,749509589,750009589,5525291.544476001,2404421.265954812,uniform_k5,5,0.4713391918683617
cleanStatic,train,30,29.99038356,7,10,749509589,750009589,5525291.544476001,2404421.265954812,shuffled_k5,5,0.2370285741811168
cleanStatic,train,30,29.99038356,7,10,749509589,750009589,5525291.544476001,2404421.265954812,analytic_sparse_k9,9,0.2873180247090062
cleanStatic,train,30,29.99038356,7,10,749509589,750009589,5525291.544476001,2404421.265954812,uniform_k9,9,0.28367886201805576
cleanStatic,train,30,29.99038356,7,10,749509589,750009589,5525291.544476001,2404421.265954812,shuffled_k9,9,0.04169396957123182
cleanStatic,train,30,29.99038356,7,10,749509589,750009589,5525291.544476001,2404421.265954812,ai_sparse_k3,3,0.3906453066304992
cleanStatic,train,30,29.99038356,7,10,749509589,750009589,5525291.544476001,2404421.265954812,pg_scc_k3,3,0.4937714088407598
cleanStatic,train,30,29.99038356,7,10,749509589,750009589,5525291.544476001,2404421.265954812,ai_sparse_k5,5,0.7634386570706184
cleanStatic,train,30,29.99038356,7,10,749509589,750009589,5525291.544476001,2404421.265954812,pg_scc_k5,5,0.15122210109910322
cleanStatic,train,30,29.99038356,7,10,749509589,750009589,5525291.544476001,2404421.265954812,ai_sparse_k9,9,0.2991551976659292
cleanStatic,train,30,29.99038356,7,10,749509589,750009589,5525291.544476001,2404421.265954812,pg_scc_k9,9,0.045686413766373155
cleanStatic,train,30,29.99038356,7,10,749509589,750009589,5525291.544476001,2404421.265954812,epl3,3,0.24472320479061913
cleanStatic,train,30,29.99038356,7,10,749509589,750009589,5525291.544476001,2404421.265954812,fixed9,9,0.40493754399377185
cleanStatic,train,30,29.99038356,7,10,749509589,750009589,5525291.544476001,2404421.265954812,random1_k3,3,0.45608530669007696
cleanStatic,train,30,29.99038356,7,10,749509589,750009589,5525291.544476001,2404421.265954812,random2_k3,3,0.46707945234416015
cleanStatic,train,30,29.99038356,7,10,749509589,750009589,5525291.544476001,2404421.265954812,random3_k3,3,0.8591707071112801
cleanStatic,train,30,29.99038356,7,10,749509589,750009589,5525291.544476001,2404421.265954812,random4_k3,3,0.3632063422458091
cleanStatic,train,30,29.99038356,7,10,749509589,750009589,5525291.544476001,2404421.265954812,random5_k3,3,1.1380308393495708
cleanStatic,train,30,29.99038356,7,10,749509589,750009589,5525291.544476001,2404421.265954812,random1_k5,5,0.34134984491675885
cleanStatic,train,30,29.99038356,7,10,749509589,750009589,5525291.544476001,2404421.265954812,random2_k5,5,0.2258053391799674
cleanStatic,train,30,29.99038356,7,10,749509589,750009589,5525291.544476001,2404421.265954812,random3_k5,5,0.19948444653075895
cleanStatic,train,30,29.99038356,7,10,749509589,750009589,5525291.544476001,2404421.265954812,random4_k5,5,0.20225087998207453
cleanStatic,train,30,29.99038356,7,10,749509589,750009589,5525291.544476001,2404421.265954812,random5_k5,5,0.23492281851061106
cleanStatic,train,30,29.99038356,7,10,749509589,750009589,5525291.544476001,2404421.265954812,random1_k9,9,0.2502695152326094
cleanStatic,train,30,29.99038356,7,10,749509589,750009589,5525291.544476001,2404421.265954812,random2_k9,9,0.2280430471944257
cleanStatic,train,30,29.99038356,7,10,749509589,750009589,5525291.544476001,2404421.265954812,random3_k9,9,0.33040356340413624
cleanStatic,train,30,29.99038356,7,10,749509589,750009589,5525291.544476001,2404421.265954812,random4_k9,9,0.5495252299719515
cleanStatic,train,30,29.99038356,7,10,749509589,750009589,5525291.544476001,2404421.265954812,random5_k9,9,0.5284874493500262
cleanStatic,train,30,29.9906986,8,13,749517465,750017465,5525469.747376,6689214.300686843,dense_two_source_glrt,187,0.005786690509576762
cleanStatic,train,30,29.9906986,8,13,749517465,750017465,5525469.747376,6689214.300686843,dense_one_source_residual,187,0.1669441294351943
cleanStatic,train,30,29.9906986,8,13,749517465,750017465,5525469.747376,6689214.300686843,raw_power_only,0,5525469.747376
cleanStatic,train,30,29.9906986,8,13,749517465,750017465,5525469.747376,6689214.300686843,analytic_sparse_k3,3,0.009319196980148662
cleanStatic,train,30,29.9906986,8,13,749517465,750017465,5525469.747376,6689214.300686843,uniform_k3,3,0.12374029417787503
cleanStatic,train,30,29.9906986,8,13,749517465,750017465,5525469.747376,6689214.300686843,shuffled_k3,3,0.028198064678278133
cleanStatic,train,30,29.9906986,8,13,749517465,750017465,5525469.747376,6689214.300686843,analytic_sparse_k5,5,0.04733254815247161
cleanStatic,train,30,29.9906986,8,13,749517465,750017465,5525469.747376,6689214.300686843,uniform_k5,5,0.0949001758457102
cleanStatic,train,30,29.9906986,8,13,749517465,750017465,5525469.747376,6689214.300686843,shuffled_k5,5,0.05896531433649157
cleanStatic,train,30,29.9906986,8,13,749517465,750017465,5525469.747376,6689214.300686843,analytic_sparse_k9,9,0.02801548010846723
cleanStatic,train,30,29.9906986,8,13,749517465,750017465,5525469.747376,6689214.300686843,uniform_k9,9,0.013038002516333271
cleanStatic,train,30,29.9906986,8,13,749517465,750017465,5525469.747376,6689214.300686843,shuffled_k9,9,0.03547295668915621
cleanStatic,train,30,29.9906986,8,13,749517465,750017465,5525469.747376,6689214.300686843,ai_sparse_k3,3,0.06737010014953872
cleanStatic,train,30,29.9906986,8,13,749517465,750017465,5525469.747376,6689214.300686843,pg_scc_k3,3,0.026929230861842846
cleanStatic,train,30,29.9906986,8,13,749517465,750017465,5525469.747376,6689214.300686843,ai_sparse_k5,5,0.045754315516115376
cleanStatic,train,30,29.9906986,8,13,749517465,750017465,5525469.747376,6689214.300686843,pg_scc_k5,5,0.03656528021107734
cleanStatic,train,30,29.9906986,8,13,749517465,750017465,5525469.747376,6689214.300686843,ai_sparse_k9,9,0.027356168393888214
cleanStatic,train,30,29.9906986,8,13,749517465,750017465,5525469.747376,6689214.300686843,pg_scc_k9,9,0.027740775392814745
cleanStatic,train,30,29.9906986,8,13,749517465,750017465,5525469.747376,6689214.300686843,epl3,3,0.1472249720019874
cleanStatic,train,30,29.9906986,8,13,749517465,750017465,5525469.747376,6689214.300686843,fixed9,9,0.06642011440746881
cleanStatic,train,30,29.9906986,8,13,749517465,750017465,5525469.747376,6689214.300686843,random1_k3,3,0.1257149526600365
cleanStatic,train,30,29.9906986,8,13,749517465,750017465,5525469.747376,6689214.300686843,random2_k3,3,0.07691781453727432
cleanStatic,train,30,29.9906986,8,13,749517465,750017465,5525469.747376,6689214.300686843,random3_k3,3,0.042853867235239505
cleanStatic,train,30,29.9906986,8,13,749517465,750017465,5525469.747376,6689214.300686843,random4_k3,3,0.08005984795501862
cleanStatic,train,30,29.9906986,8,13,749517465,750017465,5525469.747376,6689214.300686843,random5_k3,3,0.025898494795050752
cleanStatic,train,30,29.9906986,8,13,749517465,750017465,5525469.747376,6689214.300686843,random1_k5,5,0.05758430877103715
cleanStatic,train,30,29.9906986,8,13,749517465,750017465,5525469.747376,6689214.300686843,random2_k5,5,0.03474259840267677
cleanStatic,train,30,29.9906986,8,13,749517465,750017465,5525469.747376,6689214.300686843,random3_k5,5,0.09240768045505135
cleanStatic,train,30,29.9906986,8,13,749517465,750017465,5525469.747376,6689214.300686843,random4_k5,5,0.07681856893090093
cleanStatic,train,30,29.9906986,8,13,749517465,750017465,5525469.747376,6689214.300686843,random5_k5,5,0.02986099244487936
cleanStatic,train,30,29.9906986,8,13,749517465,750017465,5525469.747376,6689214.300686843,random1_k9,9,0.05098360555647135
cleanStatic,train,30,29.9906986,8,13,749517465,750017465,5525469.747376,6689214.300686843,random2_k9,9,0.025718912408298773
cleanStatic,train,30,29.9906986,8,13,749517465,750017465,5525469.747376,6689214.300686843,random3_k9,9,0.04685425059710746
cleanStatic,train,30,29.9906986,8,13,749517465,750017465,5525469.747376,6689214.300686843,random4_k9,9,0.0610601189459794
cleanStatic,train,30,29.9906986,8,13,749517465,750017465,5525469.747376,6689214.300686843,random5_k9,9,0.05258219738239732
cleanStatic,train,30,30.00454528,9,19,749863632,750363632,5523770.406857999,4655373.152857911,dense_two_source_glrt,187,0.12662476016940144
cleanStatic,train,30,30.00454528,9,19,749863632,750363632,5523770.406857999,4655373.152857911,dense_one_source_residual,187,0.7107371588247529
cleanStatic,train,30,30.00454528,9,19,749863632,750363632,5523770.406857999,4655373.152857911,raw_power_only,0,5523770.406857999
cleanStatic,train,30,30.00454528,9,19,749863632,750363632,5523770.406857999,4655373.152857911,analytic_sparse_k3,3,0.06013781591305186
cleanStatic,train,30,30.00454528,9,19,749863632,750363632,5523770.406857999,4655373.152857911,uniform_k3,3,0.13650615318587764
cleanStatic,train,30,30.00454528,9,19,749863632,750363632,5523770.406857999,4655373.152857911,shuffled_k3,3,0.06982604461802894
cleanStatic,train,30,30.00454528,9,19,749863632,750363632,5523770.406857999,4655373.152857911,analytic_sparse_k5,5,0.10854490295726901
cleanStatic,train,30,30.00454528,9,19,749863632,750363632,5523770.406857999,4655373.152857911,uniform_k5,5,0.11756614117403755
cleanStatic,train,30,30.00454528,9,19,749863632,750363632,5523770.406857999,4655373.152857911,shuffled_k5,5,0.32418911555122853
cleanStatic,train,30,30.00454528,9,19,749863632,750363632,5523770.406857999,4655373.152857911,analytic_sparse_k9,9,0.0853232435178694
cleanStatic,train,30,30.00454528,9,19,749863632,750363632,5523770.406857999,4655373.152857911,uniform_k9,9,0.04254995360702477
cleanStatic,train,30,30.00454528,9,19,749863632,750363632,5523770.406857999,4655373.152857911,shuffled_k9,9,0.5512240445639277
cleanStatic,train,30,30.00454528,9,19,749863632,750363632,5523770.406857999,4655373.152857911,ai_sparse_k3,3,0.3210084350272825
cleanStatic,train,30,30.00454528,9,19,749863632,750363632,5523770.406857999,4655373.152857911,pg_scc_k3,3,0.5094768471040223
cleanStatic,train,30,30.00454528,9,19,749863632,750363632,5523770.406857999,4655373.152857911,ai_sparse_k5,5,0.5657884467048118
cleanStatic,train,30,30.00454528,9,19,749863632,750363632,5523770.406857999,4655373.152857911,pg_scc_k5,5,0.20671571232685762
cleanStatic,train,30,30.00454528,9,19,749863632,750363632,5523770.406857999,4655373.152857911,ai_sparse_k9,9,0.5938969594218267
cleanStatic,train,30,30.00454528,9,19,749863632,750363632,5523770.406857999,4655373.152857911,pg_scc_k9,9,0.15908374038446535
cleanStatic,train,30,30.00454528,9,19,749863632,750363632,5523770.406857999,4655373.152857911,epl3,3,0.6639062966685708
cleanStatic,train,30,30.00454528,9,19,749863632,750363632,5523770.406857999,4655373.152857911,fixed9,9,0.5791610254578151
cleanStatic,train,30,30.00454528,9,19,749863632,750363632,5523770.406857999,4655373.152857911,random1_k3,3,0.4096983894078034
cleanStatic,train,30,30.00454528,9,19,749863632,750363632,5523770.406857999,4655373.152857911,random2_k3,3,0.3936473368394357
cleanStatic,train,30,30.00454528,9,19,749863632,750363632,5523770.406857999,4655373.152857911,random3_k3,3,0.8093448883772995
cleanStatic,train,30,30.00454528,9,19,749863632,750363632,5523770.406857999,4655373.152857911,random4_k3,3,0.8744325180117222
cleanStatic,train,30,30.00454528,9,19,749863632,750363632,5523770.406857999,4655373.152857911,random5_k3,3,0.09965123548340905
cleanStatic,train,30,30.00454528,9,19,749863632,750363632,5523770.406857999,4655373.152857911,random1_k5,5,0.08495126021960538
cleanStatic,train,30,30.00454528,9,19,749863632,750363632,5523770.406857999,4655373.152857911,random2_k5,5,0.09259415232684734
cleanStatic,train,30,30.00454528,9,19,749863632,750363632,5523770.406857999,4655373.152857911,random3_k5,5,0.3403819516726721
cleanStatic,train,30,30.00454528,9,19,749863632,750363632,5523770.406857999,4655373.152857911,random4_k5,5,0.3743501782536965
cleanStatic,train,30,30.00454528,9,19,749863632,750363632,5523770.406857999,4655373.152857911,random5_k5,5,0.14950690873072875
cleanStatic,train,30,30.00454528,9,19,749863632,750363632,5523770.406857999,4655373.152857911,random1_k9,9,0.09933149719474017
cleanStatic,train,30,30.00454528,9,19,749863632,750363632,5523770.406857999,4655373.152857911,random2_k9,9,0.22363083443778356
cleanStatic,train,30,30.00454528,9,19,749863632,750363632,5523770.406857999,4655373.152857911,random3_k9,9,0.28446402897315526
cleanStatic,train,30,30.00454528,9,19,749863632,750363632,5523770.406857999,4655373.152857911,random4_k9,9,0.49804496366551176
cleanStatic,train,30,30.00454528,9,19,749863632,750363632,5523770.406857999,4655373.152857911,random5_k9,9,0.465023062718508
cleanStatic,train,30,29.99060952,10,23,749515238,750015238,5526062.160646001,6800667.49921895,dense_two_source_glrt,187,0.02801402970846244
cleanStatic,train,30,29.99060952,10,23,749515238,750015238,5526062.160646001,6800667.49921895,dense_one_source_residual,187,0.2618458808354979
cleanStatic,train,30,29.99060952,10,23,749515238,750015238,5526062.160646001,6800667.49921895,raw_power_only,0,5526062.160646001
cleanStatic,train,30,29.99060952,10,23,749515238,750015238,5526062.160646001,6800667.49921895,analytic_sparse_k3,3,0.04276109051673963
cleanStatic,train,30,29.99060952,10,23,749515238,750015238,5526062.160646001,6800667.49921895,uniform_k3,3,0.11457386390147624
cleanStatic,train,30,29.99060952,10,23,749515238,750015238,5526062.160646001,6800667.49921895,shuffled_k3,3,0.03684288661739928
cleanStatic,train,30,29.99060952,10,23,749515238,750015238,5526062.160646001,6800667.49921895,analytic_sparse_k5,5,0.04345927538924913
cleanStatic,train,30,29.99060952,10,23,749515238,750015238,5526062.160646001,6800667.49921895,uniform_k5,5,0.11482668356330313
cleanStatic,train,30,29.99060952,10,23,749515238,750015238,5526062.160646001,6800667.49921895,shuffled_k5,5,0.08501878624181043
cleanStatic,train,30,29.99060952,10,23,749515238,750015238,5526062.160646001,6800667.49921895,analytic_sparse_k9,9,0.11115707286482028
cleanStatic,train,30,29.99060952,10,23,749515238,750015238,5526062.160646001,6800667.49921895,uniform_k9,9,0.014135974637523486
cleanStatic,train,30,29.99060952,10,23,749515238,750015238,5526062.160646001,6800667.49921895,shuffled_k9,9,0.08892649943815889
cleanStatic,train,30,29.99060952,10,23,749515238,750015238,5526062.160646001,6800667.49921895,ai_sparse_k3,3,0.37893264193793624
cleanStatic,train,30,29.99060952,10,23,749515238,750015238,5526062.160646001,6800667.49921895,pg_scc_k3,3,0.48549112352973456
cleanStatic,train,30,29.99060952,10,23,749515238,750015238,5526062.160646001,6800667.49921895,ai_sparse_k5,5,0.20111555011208687
cleanStatic,train,30,29.99060952,10,23,749515238,750015238,5526062.160646001,6800667.49921895,pg_scc_k5,5,0.12754071753599353
cleanStatic,train,30,29.99060952,10,23,749515238,750015238,5526062.160646001,6800667.49921895,ai_sparse_k9,9,0.23356608397741033
cleanStatic,train,30,29.99060952,10,23,749515238,750015238,5526062.160646001,6800667.49921895,pg_scc_k9,9,0.11819610160316824
cleanStatic,train,30,29.99060952,10,23,749515238,750015238,5526062.160646001,6800667.49921895,epl3,3,0.12432091812646108
cleanStatic,train,30,29.99060952,10,23,749515238,750015238,5526062.160646001,6800667.49921895,fixed9,9,0.20102338204975048
cleanStatic,train,30,29.99060952,10,23,749515238,750015238,5526062.160646001,6800667.49921895,random1_k3,3,0.19896380580398657
cleanStatic,train,30,29.99060952,10,23,749515238,750015238,5526062.160646001,6800667.49921895,random2_k3,3,0.07791244154290768
cleanStatic,train,30,29.99060952,10,23,749515238,750015238,5526062.160646001,6800667.49921895,random3_k3,3,0.4680654004792894
cleanStatic,train,30,29.99060952,10,23,749515238,750015238,5526062.160646001,6800667.49921895,random4_k3,3,0.11317447730682555
cleanStatic,train,30,29.99060952,10,23,749515238,750015238,5526062.160646001,6800667.49921895,random5_k3,3,0.07716231315374444
cleanStatic,train,30,29.99060952,10,23,749515238,750015238,5526062.160646001,6800667.49921895,random1_k5,5,0.15304556441244674
cleanStatic,train,30,29.99060952,10,23,749515238,750015238,5526062.160646001,6800667.49921895,random2_k5,5,0.0896492744560955
cleanStatic,train,30,29.99060952,10,23,749515238,750015238,5526062.160646001,6800667.49921895,random3_k5,5,0.0768615996706152
cleanStatic,train,30,29.99060952,10,23,749515238,750015238,5526062.160646001,6800667.49921895,random4_k5,5,0.1525806742354293
cleanStatic,train,30,29.99060952,10,23,749515238,750015238,5526062.160646001,6800667.49921895,random5_k5,5,0.13653829377120905
cleanStatic,train,30,29.99060952,10,23,749515238,750015238,5526062.160646001,6800667.49921895,random1_k9,9,0.03430389830143385
cleanStatic,train,30,29.99060952,10,23,749515238,750015238,5526062.160646001,6800667.49921895,random2_k9,9,0.062324379226488556
cleanStatic,train,30,29.99060952,10,23,749515238,750015238,5526062.160646001,6800667.49921895,random3_k9,9,0.09167489367296414
cleanStatic,train,30,29.99060952,10,23,749515238,750015238,5526062.160646001,6800667.49921895,random4_k9,9,0.14570888129917917
cleanStatic,train,30,29.99060952,10,23,749515238,750015238,5526062.160646001,6800667.49921895,random5_k9,9,0.16595346775067948
cleanStatic,train,32,31.99626008,0,16,799656502,800156502,5586994.855164,5553618.873688573,dense_two_source_glrt,187,0.07541901249160156
cleanStatic,train,32,31.99626008,0,16,799656502,800156502,5586994.855164,5553618.873688573,dense_one_source_residual,187,0.43545742049610725
cleanStatic,train,32,31.99626008,0,16,799656502,800156502,5586994.855164,5553618.873688573,raw_power_only,0,5586994.855164
cleanStatic,train,32,31.99626008,0,16,799656502,800156502,5586994.855164,5553618.873688573,analytic_sparse_k3,3,0.16808248226475722
cleanStatic,train,32,31.99626008,0,16,799656502,800156502,5586994.855164,5553618.873688573,uniform_k3,3,0.273748011284371
cleanStatic,train,32,31.99626008,0,16,799656502,800156502,5586994.855164,5553618.873688573,shuffled_k3,3,0.2870715111435665
cleanStatic,train,32,31.99626008,0,16,799656502,800156502,5586994.855164,5553618.873688573,analytic_sparse_k5,5,0.21199243140366936
cleanStatic,train,32,31.99626008,0,16,799656502,800156502,5586994.855164,5553618.873688573,uniform_k5,5,0.2606887276944147
cleanStatic,train,32,31.99626008,0,16,799656502,800156502,5586994.855164,5553618.873688573,shuffled_k5,5,0.257077044527954
cleanStatic,train,32,31.99626008,0,16,799656502,800156502,5586994.855164,5553618.873688573,analytic_sparse_k9,9,0.16563785197889777
cleanStatic,train,32,31.99626008,0,16,799656502,800156502,5586994.855164,5553618.873688573,uniform_k9,9,0.039689335348144845
cleanStatic,train,32,31.99626008,0,16,799656502,800156502,5586994.855164,5553618.873688573,shuffled_k9,9,0.1975349732386928
cleanStatic,train,32,31.99626008,0,16,799656502,800156502,5586994.855164,5553618.873688573,ai_sparse_k3,3,0.21228461202742852
cleanStatic,train,32,31.99626008,0,16,799656502,800156502,5586994.855164,5553618.873688573,pg_scc_k3,3,0.16859890150916756
cleanStatic,train,32,31.99626008,0,16,799656502,800156502,5586994.855164,5553618.873688573,ai_sparse_k5,5,0.21217325434133188
cleanStatic,train,32,31.99626008,0,16,799656502,800156502,5586994.855164,5553618.873688573,pg_scc_k5,5,0.10412769115678992
cleanStatic,train,32,31.99626008,0,16,799656502,800156502,5586994.855164,5553618.873688573,ai_sparse_k9,9,0.09869127178556532
cleanStatic,train,32,31.99626008,0,16,799656502,800156502,5586994.855164,5553618.873688573,pg_scc_k9,9,0.07352588697054256
cleanStatic,train,32,31.99626008,0,16,799656502,800156502,5586994.855164,5553618.873688573,epl3,3,0.5121544940119919
cleanStatic,train,32,31.99626008,0,16,799656502,800156502,5586994.855164,5553618.873688573,fixed9,9,0.36680606565626994
cleanStatic,train,32,31.99626008,0,16,799656502,800156502,5586994.855164,5553618.873688573,random1_k3,3,0.321078960065364
cleanStatic,train,32,31.99626008,0,16,799656502,800156502,5586994.855164,5553618.873688573,random2_k3,3,0.3124116598131357
cleanStatic,train,32,31.99626008,0,16,799656502,800156502,5586994.855164,5553618.873688573,random3_k3,3,0.10133008283131432
cleanStatic,train,32,31.99626008,0,16,799656502,800156502,5586994.855164,5553618.873688573,random4_k3,3,0.01695301425673687
cleanStatic,train,32,31.99626008,0,16,799656502,800156502,5586994.855164,5553618.873688573,random5_k3,3,0.3755418045319457
cleanStatic,train,32,31.99626008,0,16,799656502,800156502,5586994.855164,5553618.873688573,random1_k5,5,0.06238494009655038
cleanStatic,train,32,31.99626008,0,16,799656502,800156502,5586994.855164,5553618.873688573,random2_k5,5,0.11371925105538667
cleanStatic,train,32,31.99626008,0,16,799656502,800156502,5586994.855164,5553618.873688573,random3_k5,5,0.20878027964956963
cleanStatic,train,32,31.99626008,0,16,799656502,800156502,5586994.855164,5553618.873688573,random4_k5,5,0.04754128076246682
cleanStatic,train,32,31.99626008,0,16,799656502,800156502,5586994.855164,5553618.873688573,random5_k5,5,0.34061104291865735
cleanStatic,train,32,31.99626008,0,16,799656502,800156502,5586994.855164,5553618.873688573,random1_k9,9,0.28883698672702185
cleanStatic,train,32,31.99626008,0,16,799656502,800156502,5586994.855164,5553618.873688573,random2_k9,9,0.15068913652897503
cleanStatic,train,32,31.99626008,0,16,799656502,800156502,5586994.855164,5553618.873688573,random3_k9,9,0.16463244641891725
cleanStatic,train,32,31.99626008,0,16,799656502,800156502,5586994.855164,5553618.873688573,random4_k9,9,0.1943704533767184
cleanStatic,train,32,31.99626008,0,16,799656502,800156502,5586994.855164,5553618.873688573,random5_k9,9,0.11906309858087259
cleanStatic,train,32,31.99055356,2,3,799513839,800013839,5575958.237426,5865503.000705039,dense_two_source_glrt,187,0.12471785659211526
cleanStatic,train,32,31.99055356,2,3,799513839,800013839,5575958.237426,5865503.000705039,dense_one_source_residual,187,0.6829445775325443
cleanStatic,train,32,31.99055356,2,3,799513839,800013839,5575958.237426,5865503.000705039,raw_power_only,0,5575958.237426
cleanStatic,train,32,31.99055356,2,3,799513839,800013839,5575958.237426,5865503.000705039,analytic_sparse_k3,3,0.27375074736581323
cleanStatic,train,32,31.99055356,2,3,799513839,800013839,5575958.237426,5865503.000705039,uniform_k3,3,0.2648342839286831
cleanStatic,train,32,31.99055356,2,3,799513839,800013839,5575958.237426,5865503.000705039,shuffled_k3,3,0.3651971038976249
cleanStatic,train,32,31.99055356,2,3,799513839,800013839,5575958.237426,5865503.000705039,analytic_sparse_k5,5,0.25512700897461865
cleanStatic,train,32,31.99055356,2,3,799513839,800013839,5575958.237426,5865503.000705039,uniform_k5,5,0.172630908220805
cleanStatic,train,32,31.99055356,2,3,799513839,800013839,5575958.237426,5865503.000705039,shuffled_k5,5,0.3474096538885988
cleanStatic,train,32,31.99055356,2,3,799513839,800013839,5575958.237426,5865503.000705039,analytic_sparse_k9,9,0.2533854433146083
cleanStatic,train,32,31.99055356,2,3,799513839,800013839,5575958.237426,5865503.000705039,uniform_k9,9,0.08110747144266522
cleanStatic,train,32,31.99055356,2,3,799513839,800013839,5575958.237426,5865503.000705039,shuffled_k9,9,0.36359821257323177
cleanStatic,train,32,31.99055356,2,3,799513839,800013839,5575958.237426,5865503.000705039,ai_sparse_k3,3,0.27935246312974327
cleanStatic,train,32,31.99055356,2,3,799513839,800013839,5575958.237426,5865503.000705039,pg_scc_k3,3,0.5758149280112941
cleanStatic,train,32,31.99055356,2,3,799513839,800013839,5575958.237426,5865503.000705039,ai_sparse_k5,5,0.22707898718898703
cleanStatic,train,32,31.99055356,2,3,799513839,800013839,5575958.237426,5865503.000705039,pg_scc_k5,5,0.16459413748918023
cleanStatic,train,32,31.99055356,2,3,799513839,800013839,5575958.237426,5865503.000705039,ai_sparse_k9,9,0.35878112404840096
cleanStatic,train,32,31.99055356,2,3,799513839,800013839,5575958.237426,5865503.000705039,pg_scc_k9,9,0.10504635116696243
cleanStatic,train,32,31.99055356,2,3,799513839,800013839,5575958.237426,5865503.000705039,epl3,3,0.8076691294067802
cleanStatic,train,32,31.99055356,2,3,799513839,800013839,5575958.237426,5865503.000705039,fixed9,9,0.6717198591749296
cleanStatic,train,32,31.99055356,2,3,799513839,800013839,5575958.237426,5865503.000705039,random1_k3,3,0.4815509289635213
cleanStatic,train,32,31.99055356,2,3,799513839,800013839,5575958.237426,5865503.000705039,random2_k3,3,0.22150626115570826
cleanStatic,train,32,31.99055356,2,3,799513839,800013839,5575958.237426,5865503.000705039,random3_k3,3,0.3592457561300743
cleanStatic,train,32,31.99055356,2,3,799513839,800013839,5575958.237426,5865503.000705039,random4_k3,3,0.6521267163775301
cleanStatic,train,32,31.99055356,2,3,799513839,800013839,5575958.237426,5865503.000705039,random5_k3,3,0.013106324141281177
cleanStatic,train,32,31.99055356,2,3,799513839,800013839,5575958.237426,5865503.000705039,random1_k5,5,0.2902878479210441
cleanStatic,train,32,31.99055356,2,3,799513839,800013839,5575958.237426,5865503.000705039,random2_k5,5,0.2118048743413301
cleanStatic,train,32,31.99055356,2,3,799513839,800013839,5575958.237426,5865503.000705039,random3_k5,5,0.6005737149501946
cleanStatic,train,32,31.99055356,2,3,799513839,800013839,5575958.237426,5865503.000705039,random4_k5,5,0.6909768425267624
cleanStatic,train,32,31.99055356,2,3,799513839,800013839,5575958.237426,5865503.000705039,random5_k5,5,0.23978496988668843
cleanStatic,train,32,31.99055356,2,3,799513839,800013839,5575958.237426,5865503.000705039,random1_k9,9,0.241225429739441
cleanStatic,train,32,31.99055356,2,3,799513839,800013839,5575958.237426,5865503.000705039,random2_k9,9,0.10415786859569283
cleanStatic,train,32,31.99055356,2,3,799513839,800013839,5575958.237426,5865503.000705039,random3_k9,9,0.28598663228485843
cleanStatic,train,32,31.99055356,2,3,799513839,800013839,5575958.237426,5865503.000705039,random4_k9,9,0.1843638310307105
cleanStatic,train,32,31.99055356,2,3,799513839,800013839,5575958.237426,5865503.000705039,random5_k9,9,0.4145888696823581
cleanStatic,train,32,31.99230592,3,20,799557648,800057648,5580862.932848001,2187634.8732246445,dense_two_source_glrt,187,0.2429520237566133
cleanStatic,train,32,31.99230592,3,20,799557648,800057648,5580862.932848001,2187634.8732246445,dense_one_source_residual,187,2.5312239278539064
cleanStatic,train,32,31.99230592,3,20,799557648,800057648,5580862.932848001,2187634.8732246445,raw_power_only,0,5580862.932848001
cleanStatic,train,32,31.99230592,3,20,799557648,800057648,5580862.932848001,2187634.8732246445,analytic_sparse_k3,3,1.1565765344776395
cleanStatic,train,32,31.99230592,3,20,799557648,800057648,5580862.932848001,2187634.8732246445,uniform_k3,3,1.6948565322672557
cleanStatic,train,32,31.99230592,3,20,799557648,800057648,5580862.932848001,2187634.8732246445,shuffled_k3,3,0.47762578462574057
cleanStatic,train,32,31.99230592,3,20,799557648,800057648,5580862.932848001,2187634.8732246445,analytic_sparse_k5,5,0.8240965033441526
cleanStatic,train,32,31.99230592,3,20,799557648,800057648,5580862.932848001,2187634.8732246445,uniform_k5,5,0.8441284472963929
cleanStatic,train,32,31.99230592,3,20,799557648,800057648,5580862.932848001,2187634.8732246445,shuffled_k5,5,0.35803546850297413
cleanStatic,train,32,31.99230592,3,20,799557648,800057648,5580862.932848001,2187634.8732246445,analytic_sparse_k9,9,0.6729205904211928
cleanStatic,train,32,31.99230592,3,20,799557648,800057648,5580862.932848001,2187634.8732246445,uniform_k9,9,0.3671301811356585
cleanStatic,train,32,31.99230592,3,20,799557648,800057648,5580862.932848001,2187634.8732246445,shuffled_k9,9,0.27074634837621797
cleanStatic,train,32,31.99230592,3,20,799557648,800057648,5580862.932848001,2187634.8732246445,ai_sparse_k3,3,1.3839851308038618
cleanStatic,train,32,31.99230592,3,20,799557648,800057648,5580862.932848001,2187634.8732246445,pg_scc_k3,3,2.7846416844510373
cleanStatic,train,32,31.99230592,3,20,799557648,800057648,5580862.932848001,2187634.8732246445,ai_sparse_k5,5,0.32278631739008967
cleanStatic,train,32,31.99230592,3,20,799557648,800057648,5580862.932848001,2187634.8732246445,pg_scc_k5,5,0.8237424742485266
cleanStatic,train,32,31.99230592,3,20,799557648,800057648,5580862.932848001,2187634.8732246445,ai_sparse_k9,9,0.30792968791669634
cleanStatic,train,32,31.99230592,3,20,799557648,800057648,5580862.932848001,2187634.8732246445,pg_scc_k9,9,0.5383661867116913
cleanStatic,train,32,31.99230592,3,20,799557648,800057648,5580862.932848001,2187634.8732246445,epl3,3,0.5448945771897993
cleanStatic,train,32,31.99230592,3,20,799557648,800057648,5580862.932848001,2187634.8732246445,fixed9,9,0.5740041250170288
cleanStatic,train,32,31.99230592,3,20,799557648,800057648,5580862.932848001,2187634.8732246445,random1_k3,3,1.8338433066243855
cleanStatic,train,32,31.99230592,3,20,799557648,800057648,5580862.932848001,2187634.8732246445,random2_k3,3,0.4816157963675076
cleanStatic,train,32,31.99230592,3,20,799557648,800057648,5580862.932848001,2187634.8732246445,random3_k3,3,2.044762884911378
cleanStatic,train,32,31.99230592,3,20,799557648,800057648,5580862.932848001,2187634.8732246445,random4_k3,3,0.4450530583590924
cleanStatic,train,32,31.99230592,3,20,799557648,800057648,5580862.932848001,2187634.8732246445,random5_k3,3,0.14428908886458205
cleanStatic,train,32,31.99230592,3,20,799557648,800057648,5580862.932848001,2187634.8732246445,random1_k5,5,0.5535172982783849
cleanStatic,train,32,31.99230592,3,20,799557648,800057648,5580862.932848001,2187634.8732246445,random2_k5,5,2.1558917085408162
cleanStatic,train,32,31.99230592,3,20,799557648,800057648,5580862.932848001,2187634.8732246445,random3_k5,5,1.089134460541172
cleanStatic,train,32,31.99230592,3,20,799557648,800057648,5580862.932848001,2187634.8732246445,random4_k5,5,2.128264780613654
cleanStatic,train,32,31.99230592,3,20,799557648,800057648,5580862.932848001,2187634.8732246445,random5_k5,5,0.4537075165510112
cleanStatic,train,32,31.99230592,3,20,799557648,800057648,5580862.932848001,2187634.8732246445,random1_k9,9,1.3875556481070668
cleanStatic,train,32,31.99230592,3,20,799557648,800057648,5580862.932848001,2187634.8732246445,random2_k9,9,0.4226449822710758
cleanStatic,train,32,31.99230592,3,20,799557648,800057648,5580862.932848001,2187634.8732246445,random3_k9,9,0.2894928459368686
cleanStatic,train,32,31.99230592,3,20,799557648,800057648,5580862.932848001,2187634.8732246445,random4_k9,9,0.5988172157907441
cleanStatic,train,32,31.99230592,3,20,799557648,800057648,5580862.932848001,2187634.8732246445,random5_k9,9,0.9249098816161536
cleanStatic,train,32,32.05561076,4,30,801140269,801640269,5591884.930666001,2278574.7426600605,dense_two_source_glrt,187,0.10559397562935481
cleanStatic,train,32,32.05561076,4,30,801140269,801640269,5591884.930666001,2278574.7426600605,dense_one_source_residual,187,1.2317693576619964
cleanStatic,train,32,32.05561076,4,30,801140269,801640269,5591884.930666001,2278574.7426600605,raw_power_only,0,5591884.930666001
cleanStatic,train,32,32.05561076,4,30,801140269,801640269,5591884.930666001,2278574.7426600605,analytic_sparse_k3,3,0.162726125217525
cleanStatic,train,32,32.05561076,4,30,801140269,801640269,5591884.930666001,2278574.7426600605,uniform_k3,3,0.8085065591867426
cleanStatic,train,32,32.05561076,4,30,801140269,801640269,5591884.930666001,2278574.7426600605,shuffled_k3,3,0.4722558050638215
cleanStatic,train,32,32.05561076,4,30,801140269,801640269,5591884.930666001,2278574.7426600605,analytic_sparse_k5,5,0.1624515436334531
cleanStatic,train,32,32.05561076,4,30,801140269,801640269,5591884.930666001,2278574.7426600605,uniform_k5,5,0.3049337198384796
cleanStatic,train,32,32.05561076,4,30,801140269,801640269,5591884.930666001,2278574.7426600605,shuffled_k5,5,0.19221588201453876
cleanStatic,train,32,32.05561076,4,30,801140269,801640269,5591884.930666001,2278574.7426600605,analytic_sparse_k9,9,0.08171860546756893
cleanStatic,train,32,32.05561076,4,30,801140269,801640269,5591884.930666001,2278574.7426600605,uniform_k9,9,0.23286312162409337
cleanStatic,train,32,32.05561076,4,30,801140269,801640269,5591884.930666001,2278574.7426600605,shuffled_k9,9,0.10028005370412559
cleanStatic,train,32,32.05561076,4,30,801140269,801640269,5591884.930666001,2278574.7426600605,ai_sparse_k3,3,0.41439022686550747
cleanStatic,train,32,32.05561076,4,30,801140269,801640269,5591884.930666001,2278574.7426600605,pg_scc_k3,3,0.10964805982643393
cleanStatic,train,32,32.05561076,4,30,801140269,801640269,5591884.930666001,2278574.7426600605,ai_sparse_k5,5,0.3118119795541228
cleanStatic,train,32,32.05561076,4,30,801140269,801640269,5591884.930666001,2278574.7426600605,pg_scc_k5,5,0.43540830746115056
cleanStatic,train,32,32.05561076,4,30,801140269,801640269,5591884.930666001,2278574.7426600605,ai_sparse_k9,9,0.047685986790560006
cleanStatic,train,32,32.05561076,4,30,801140269,801640269,5591884.930666001,2278574.7426600605,pg_scc_k9,9,0.17263330548882808
cleanStatic,train,32,32.05561076,4,30,801140269,801640269,5591884.930666001,2278574.7426600605,epl3,3,0.8910222961170419
cleanStatic,train,32,32.05561076,4,30,801140269,801640269,5591884.930666001,2278574.7426600605,fixed9,9,0.2255319174879098
cleanStatic,train,32,32.05561076,4,30,801140269,801640269,5591884.930666001,2278574.7426600605,random1_k3,3,0.41316430307907304
cleanStatic,train,32,32.05561076,4,30,801140269,801640269,5591884.930666001,2278574.7426600605,random2_k3,3,3.189407937160359
cleanStatic,train,32,32.05561076,4,30,801140269,801640269,5591884.930666001,2278574.7426600605,random3_k3,3,0.19657876676080888
cleanStatic,train,32,32.05561076,4,30,801140269,801640269,5591884.930666001,2278574.7426600605,random4_k3,3,1.4448412877497352
cleanStatic,train,32,32.05561076,4,30,801140269,801640269,5591884.930666001,2278574.7426600605,random5_k3,3,0.43710666234476103
cleanStatic,train,32,32.05561076,4,30,801140269,801640269,5591884.930666001,2278574.7426600605,random1_k5,5,0.46792614831686785
cleanStatic,train,32,32.05561076,4,30,801140269,801640269,5591884.930666001,2278574.7426600605,random2_k5,5,0.18450395371141037
cleanStatic,train,32,32.05561076,4,30,801140269,801640269,5591884.930666001,2278574.7426600605,random3_k5,5,0.3572672565817624
cleanStatic,train,32,32.05561076,4,30,801140269,801640269,5591884.930666001,2278574.7426600605,random4_k5,5,0.6211048030647812
cleanStatic,train,32,32.05561076,4,30,801140269,801640269,5591884.930666001,2278574.7426600605,random5_k5,5,1.9691857082375286
cleanStatic,train,32,32.05561076,4,30,801140269,801640269,5591884.930666001,2278574.7426600605,random1_k9,9,0.18857906342565156
cleanStatic,train,32,32.05561076,4,30,801140269,801640269,5591884.930666001,2278574.7426600605,random2_k9,9,0.11374767085990609
cleanStatic,train,32,32.05561076,4,30,801140269,801640269,5591884.930666001,2278574.7426600605,random3_k9,9,0.4737238886946265
cleanStatic,train,32,32.05561076,4,30,801140269,801640269,5591884.930666001,2278574.7426600605,random4_k9,9,0.4740442277406868
cleanStatic,train,32,32.05561076,4,30,801140269,801640269,5591884.930666001,2278574.7426600605,random5_k9,9,0.16260496953210288
cleanStatic,train,32,31.9906522,5,6,799516305,800016305,5576758.800046001,4603098.163793651,dense_two_source_glrt,187,0.17467358062552032
cleanStatic,train,32,31.9906522,5,6,799516305,800016305,5576758.800046001,4603098.163793651,dense_one_source_residual,187,0.9469824188907509
cleanStatic,train,32,31.9906522,5,6,799516305,800016305,5576758.800046001,4603098.163793651,raw_power_only,0,5576758.800046001
cleanStatic,train,32,31.9906522,5,6,799516305,800016305,5576758.800046001,4603098.163793651,analytic_sparse_k3,3,0.40288332558323403
cleanStatic,train,32,31.9906522,5,6,799516305,800016305,5576758.800046001,4603098.163793651,uniform_k3,3,0.35551980107060527
cleanStatic,train,32,31.9906522,5,6,799516305,800016305,5576758.800046001,4603098.163793651,shuffled_k3,3,0.6323026275809319
cleanStatic,train,32,31.9906522,5,6,799516305,800016305,5576758.800046001,4603098.163793651,analytic_sparse_k5,5,0.4686262265760995
cleanStatic,train,32,31.9906522,5,6,799516305,800016305,5576758.800046001,4603098.163793651,uniform_k5,5,0.43892231717375374
cleanStatic,train,32,31.9906522,5,6,799516305,800016305,5576758.800046001,4603098.163793651,shuffled_k5,5,0.3308592003172299
cleanStatic,train,32,31.9906522,5,6,799516305,800016305,5576758.800046001,4603098.163793651,analytic_sparse_k9,9,0.4065869152501
cleanStatic,train,32,31.9906522,5,6,799516305,800016305,5576758.800046001,4603098.163793651,uniform_k9,9,0.3475038505492627
cleanStatic,train,32,31.9906522,5,6,799516305,800016305,5576758.800046001,4603098.163793651,shuffled_k9,9,0.29758990215520814
cleanStatic,train,32,31.9906522,5,6,799516305,800016305,5576758.800046001,4603098.163793651,ai_sparse_k3,3,0.11392297132901429
cleanStatic,train,32,31.9906522,5,6,799516305,800016305,5576758.800046001,4603098.163793651,pg_scc_k3,3,0.22790366078279836
cleanStatic,train,32,31.9906522,5,6,799516305,800016305,5576758.800046001,4603098.163793651,ai_sparse_k5,5,0.18297374520241452
cleanStatic,train,32,31.9906522,5,6,799516305,800016305,5576758.800046001,4603098.163793651,pg_scc_k5,5,0.22760406059120014
cleanStatic,train,32,31.9906522,5,6,799516305,800016305,5576758.800046001,4603098.163793651,ai_sparse_k9,9,0.09990743050287369
cleanStatic,train,32,31.9906522,5,6,799516305,800016305,5576758.800046001,4603098.163793651,pg_scc_k9,9,0.0817431268954007
cleanStatic,train,32,31.9906522,5,6,799516305,800016305,5576758.800046001,4603098.163793651,epl3,3,0.4485598520677381
cleanStatic,train,32,31.9906522,5,6,799516305,800016305,5576758.800046001,4603098.163793651,fixed9,9,0.24474700556548276
cleanStatic,train,32,31.9906522,5,6,799516305,800016305,5576758.800046001,4603098.163793651,random1_k3,3,0.6713107237151404
cleanStatic,train,32,31.9906522,5,6,799516305,800016305,5576758.800046001,4603098.163793651,random2_k3,3,1.1403576476639874
cleanStatic,train,32,31.9906522,5,6,799516305,800016305,5576758.800046001,4603098.163793651,random3_k3,3,0.21753914076886527
cleanStatic,train,32,31.9906522,5,6,799516305,800016305,5576758.800046001,4603098.163793651,random4_k3,3,0.40462328886204685
cleanStatic,train,32,31.9906522,5,6,799516305,800016305,5576758.800046001,4603098.163793651,random5_k3,3,0.7104624515340507
cleanStatic,train,32,31.9906522,5,6,799516305,800016305,5576758.800046001,4603098.163793651,random1_k5,5,0.25100555439968886
cleanStatic,train,32,31.9906522,5,6,799516305,800016305,5576758.800046001,4603098.163793651,random2_k5,5,0.27958257949684223
cleanStatic,train,32,31.9906522,5,6,799516305,800016305,5576758.800046001,4603098.163793651,random3_k5,5,0.6061587020224876
cleanStatic,train,32,31.9906522,5,6,799516305,800016305,5576758.800046001,4603098.163793651,random4_k5,5,0.3781097809705348
cleanStatic,train,32,31.9906522,5,6,799516305,800016305,5576758.800046001,4603098.163793651,random5_k5,5,0.9015355257332344
cleanStatic,train,32,31.9906522,5,6,799516305,800016305,5576758.800046001,4603098.163793651,random1_k9,9,0.23669167517934753
cleanStatic,train,32,31.9906522,5,6,799516305,800016305,5576758.800046001,4603098.163793651,random2_k9,9,0.6325487552551987
cleanStatic,train,32,31.9906522,5,6,799516305,800016305,5576758.800046001,4603098.163793651,random3_k9,9,0.31632698209099086
cleanStatic,train,32,31.9906522,5,6,799516305,800016305,5576758.800046001,4603098.163793651,random4_k9,9,0.8545084609559809
cleanStatic,train,32,31.9906522,5,6,799516305,800016305,5576758.800046001,4603098.163793651,random5_k9,9,0.36805270236199605
cleanStatic,train,32,31.99721988,6,7,799680497,800180497,5585116.68434,4605924.726738669,dense_two_source_glrt,187,0.13755595481782323
cleanStatic,train,32,31.99721988,6,7,799680497,800180497,5585116.68434,4605924.726738669,dense_one_source_residual,187,1.4029071637476538
cleanStatic,train,32,31.99721988,6,7,799680497,800180497,5585116.68434,4605924.726738669,raw_power_only,0,5585116.68434
cleanStatic,train,32,31.99721988,6,7,799680497,800180497,5585116.68434,4605924.726738669,analytic_sparse_k3,3,1.091371834433067
cleanStatic,train,32,31.99721988,6,7,799680497,800180497,5585116.68434,4605924.726738669,uniform_k3,3,1.3671831127437153
cleanStatic,train,32,31.99721988,6,7,799680497,800180497,5585116.68434,4605924.726738669,shuffled_k3,3,1.485082355554128
cleanStatic,train,32,31.99721988,6,7,799680497,800180497,5585116.68434,4605924.726738669,analytic_sparse_k5,5,1.4436544973794148
cleanStatic,train,32,31.99721988,6,7,799680497,800180497,5585116.68434,4605924.726738669,uniform_k5,5,0.8112028280142081
cleanStatic,train,32,31.99721988,6,7,799680497,800180497,5585116.68434,4605924.726738669,shuffled_k5,5,1.562078808783752
cleanStatic,train,32,31.99721988,6,7,799680497,800180497,5585116.68434,4605924.726738669,analytic_sparse_k9,9,1.2139156774788775
cleanStatic,train,32,31.99721988,6,7,799680497,800180497,5585116.68434,4605924.726738669,uniform_k9,9,0.0510260061113568
cleanStatic,train,32,31.99721988,6,7,799680497,800180497,5585116.68434,4605924.726738669,shuffled_k9,9,0.39684147335393516
cleanStatic,train,32,31.99721988,6,7,799680497,800180497,5585116.68434,4605924.726738669,ai_sparse_k3,3,0.1917366075004978
cleanStatic,train,32,31.99721988,6,7,799680497,800180497,5585116.68434,4605924.726738669,pg_scc_k3,3,0.41525949664935907
cleanStatic,train,32,31.99721988,6,7,799680497,800180497,5585116.68434,4605924.726738669,ai_sparse_k5,5,0.2445999138659503
cleanStatic,train,32,31.99721988,6,7,799680497,800180497,5585116.68434,4605924.726738669,pg_scc_k5,5,0.2122868641975349
cleanStatic,train,32,31.99721988,6,7,799680497,800180497,5585116.68434,4605924.726738669,ai_sparse_k9,9,0.37455405742869696
cleanStatic,train,32,31.99721988,6,7,799680497,800180497,5585116.68434,4605924.726738669,pg_scc_k9,9,0.05917225707871518
cleanStatic,train,32,31.99721988,6,7,799680497,800180497,5585116.68434,4605924.726738669,epl3,3,1.411206719755392
cleanStatic,train,32,31.99721988,6,7,799680497,800180497,5585116.68434,4605924.726738669,fixed9,9,0.6503648038574411
cleanStatic,train,32,31.99721988,6,7,799680497,800180497,5585116.68434,4605924.726738669,random1_k3,3,1.7125143022883555
cleanStatic,train,32,31.99721988,6,7,799680497,800180497,5585116.68434,4605924.726738669,random2_k3,3,2.0885670835412458
cleanStatic,train,32,31.99721988,6,7,799680497,800180497,5585116.68434,4605924.726738669,random3_k3,3,0.293390084942943
cleanStatic,train,32,31.99721988,6,7,799680497,800180497,5585116.68434,4605924.726738669,random4_k3,3,0.9988608469625931
cleanStatic,train,32,31.99721988,6,7,799680497,800180497,5585116.68434,4605924.726738669,random5_k3,3,1.0152449504948078
cleanStatic,train,32,31.99721988,6,7,799680497,800180497,5585116.68434,4605924.726738669,random1_k5,5,0.3119422872777971
cleanStatic,train,32,31.99721988,6,7,799680497,800180497,5585116.68434,4605924.726738669,random2_k5,5,0.7047826102206551
cleanStatic,train,32,31.99721988,6,7,799680497,800180497,5585116.68434,4605924.726738669,random3_k5,5,0.8270043459112273
cleanStatic,train,32,31.99721988,6,7,799680497,800180497,5585116.68434,4605924.726738669,random4_k5,5,0.4114442921948672
cleanStatic,train,32,31.99721988,6,7,799680497,800180497,5585116.68434,4605924.726738669,random5_k5,5,0.5854872105970156
cleanStatic,train,32,31.99721988,6,7,799680497,800180497,5585116.68434,4605924.726738669,random1_k9,9,0.0985708929505458
cleanStatic,train,32,31.99721988,6,7,799680497,800180497,5585116.68434,4605924.726738669,random2_k9,9,0.7023160811462849
cleanStatic,train,32,31.99721988,6,7,799680497,800180497,5585116.68434,4605924.726738669,random3_k9,9,0.30657996291884965
cleanStatic,train,32,31.99721988,6,7,799680497,800180497,5585116.68434,4605924.726738669,random4_k9,9,0.76184282650396
cleanStatic,train,32,31.99721988,6,7,799680497,800180497,5585116.68434,4605924.726738669,random5_k9,9,0.16769185527480288
cleanStatic,train,32,31.99038276,7,10,799509569,800009569,5577232.280676,2291413.296436825,dense_two_source_glrt,187,0.81618382334417
cleanStatic,train,32,31.99038276,7,10,799509569,800009569,5577232.280676,2291413.296436825,dense_one_source_residual,187,3.6116191207103108
cleanStatic,train,32,31.99038276,7,10,799509569,800009569,5577232.280676,2291413.296436825,raw_power_only,0,5577232.280676
cleanStatic,train,32,31.99038276,7,10,799509569,800009569,5577232.280676,2291413.296436825,analytic_sparse_k3,3,1.5539815585537073
cleanStatic,train,32,31.99038276,7,10,799509569,800009569,5577232.280676,2291413.296436825,uniform_k3,3,2.3209662162438134
cleanStatic,train,32,31.99038276,7,10,799509569,800009569,5577232.280676,2291413.296436825,shuffled_k3,3,2.383367542950884
cleanStatic,train,32,31.99038276,7,10,799509569,800009569,5577232.280676,2291413.296436825,analytic_sparse_k5,5,2.129746671586171
cleanStatic,train,32,31.99038276,7,10,799509569,800009569,5577232.280676,2291413.296436825,uniform_k5,5,2.826900383784108
cleanStatic,train,32,31.99038276,7,10,799509569,800009569,5577232.280676,2291413.296436825,shuffled_k5,5,3.4514849405174886
cleanStatic,train,32,31.99038276,7,10,799509569,800009569,5577232.280676,2291413.296436825,analytic_sparse_k9,9,1.5093215416792456
cleanStatic,train,32,31.99038276,7,10,799509569,800009569,5577232.280676,2291413.296436825,uniform_k9,9,0.7120495499474413
cleanStatic,train,32,31.99038276,7,10,799509569,800009569,5577232.280676,2291413.296436825,shuffled_k9,9,1.0159643581369364
cleanStatic,train,32,31.99038276,7,10,799509569,800009569,5577232.280676,2291413.296436825,ai_sparse_k3,3,0.46902466741037535
cleanStatic,train,32,31.99038276,7,10,799509569,800009569,5577232.280676,2291413.296436825,pg_scc_k3,3,1.3705637379508167
cleanStatic,train,32,31.99038276,7,10,799509569,800009569,5577232.280676,2291413.296436825,ai_sparse_k5,5,0.6654456315644207
cleanStatic,train,32,31.99038276,7,10,799509569,800009569,5577232.280676,2291413.296436825,pg_scc_k5,5,0.7404818994227658
cleanStatic,train,32,31.99038276,7,10,799509569,800009569,5577232.280676,2291413.296436825,ai_sparse_k9,9,1.4643622209277605
cleanStatic,train,32,31.99038276,7,10,799509569,800009569,5577232.280676,2291413.296436825,pg_scc_k9,9,1.1940988121220313
cleanStatic,train,32,31.99038276,7,10,799509569,800009569,5577232.280676,2291413.296436825,epl3,3,2.70537819160551
cleanStatic,train,32,31.99038276,7,10,799509569,800009569,5577232.280676,2291413.296436825,fixed9,9,2.4148456804559166
cleanStatic,train,32,31.99038276,7,10,799509569,800009569,5577232.280676,2291413.296436825,random1_k3,3,3.5328828114191673
cleanStatic,train,32,31.99038276,7,10,799509569,800009569,5577232.280676,2291413.296436825,random2_k3,3,2.2849034490590743
cleanStatic,train,32,31.99038276,7,10,799509569,800009569,5577232.280676,2291413.296436825,random3_k3,3,1.913341932040242
cleanStatic,train,32,31.99038276,7,10,799509569,800009569,5577232.280676,2291413.296436825,random4_k3,3,1.508950026402635
cleanStatic,train,32,31.99038276,7,10,799509569,800009569,5577232.280676,2291413.296436825,random5_k3,3,2.163661681488995
cleanStatic,train,32,31.99038276,7,10,799509569,800009569,5577232.280676,2291413.296436825,random1_k5,5,0.6304654627009857
cleanStatic,train,32,31.99038276,7,10,799509569,800009569,5577232.280676,2291413.296436825,random2_k5,5,0.773739375634967
cleanStatic,train,32,31.99038276,7,10,799509569,800009569,5577232.280676,2291413.296436825,random3_k5,5,1.3615680192096584
cleanStatic,train,32,31.99038276,7,10,799509569,800009569,5577232.280676,2291413.296436825,random4_k5,5,1.419617769418235
cleanStatic,train,32,31.99038276,7,10,799509569,800009569,5577232.280676,2291413.296436825,random5_k5,5,1.7976121632930115
cleanStatic,train,32,31.99038276,7,10,799509569,800009569,5577232.280676,2291413.296436825,random1_k9,9,0.8380714552055026
cleanStatic,train,32,31.99038276,7,10,799509569,800009569,5577232.280676,2291413.296436825,random2_k9,9,1.7055199650604216
cleanStatic,train,32,31.99038276,7,10,799509569,800009569,5577232.280676,2291413.296436825,random3_k9,9,1.4361644464161722
cleanStatic,train,32,31.99038276,7,10,799509569,800009569,5577232.280676,2291413.296436825,random4_k9,9,0.9040008627124713
cleanStatic,train,32,31.99038276,7,10,799509569,800009569,5577232.280676,2291413.296436825,random5_k9,9,2.099802827333847
cleanStatic,train,32,31.99069628,8,13,799517407,800017407,5576916.006942,6766793.35467889,dense_two_source_glrt,187,0.04163594096978793
cleanStatic,train,32,31.99069628,8,13,799517407,800017407,5576916.006942,6766793.35467889,dense_one_source_residual,187,0.4124226103645101
cleanStatic,train,32,31.99069628,8,13,799517407,800017407,5576916.006942,6766793.35467889,raw_power_only,0,5576916.006942
cleanStatic,train,32,31.99069628,8,13,799517407,800017407,5576916.006942,6766793.35467889,analytic_sparse_k3,3,0.02370168486758331
cleanStatic,train,32,31.99069628,8,13,799517407,800017407,5576916.006942,6766793.35467889,uniform_k3,3,0.19586473943151195
cleanStatic,train,32,31.99069628,8,13,799517407,800017407,5576916.006942,6766793.35467889,shuffled_k3,3,0.0567307465286224
cleanStatic,train,32,31.99069628,8,13,799517407,800017407,5576916.006942,6766793.35467889,analytic_sparse_k5,5,0.050670696923957405
cleanStatic,train,32,31.99069628,8,13,799517407,800017407,5576916.006942,6766793.35467889,uniform_k5,5,0.18457210404236707
cleanStatic,train,32,31.99069628,8,13,799517407,800017407,5576916.006942,6766793.35467889,shuffled_k5,5,0.05259494274858138
cleanStatic,train,32,31.99069628,8,13,799517407,800017407,5576916.006942,6766793.35467889,analytic_sparse_k9,9,0.08825162099571221
cleanStatic,train,32,31.99069628,8,13,799517407,800017407,5576916.006942,6766793.35467889,uniform_k9,9,0.014145000123535577
cleanStatic,train,32,31.99069628,8,13,799517407,800017407,5576916.006942,6766793.35467889,shuffled_k9,9,0.3447045245679361
cleanStatic,train,32,31.99069628,8,13,799517407,800017407,5576916.006942,6766793.35467889,ai_sparse_k3,3,0.5000941719217463
cleanStatic,train,32,31.99069628,8,13,799517407,800017407,5576916.006942,6766793.35467889,pg_scc_k3,3,0.43445707836244135
cleanStatic,train,32,31.99069628,8,13,799517407,800017407,5576916.006942,6766793.35467889,ai_sparse_k5,5,0.3585138593778582
cleanStatic,train,32,31.99069628,8,13,799517407,800017407,5576916.006942,6766793.35467889,pg_scc_k5,5,0.10270468249444886
cleanStatic,train,32,31.99069628,8,13,799517407,800017407,5576916.006942,6766793.35467889,ai_sparse_k9,9,0.3215747949052045
cleanStatic,train,32,31.99069628,8,13,799517407,800017407,5576916.006942,6766793.35467889,pg_scc_k9,9,0.119184443339861
cleanStatic,train,32,31.99069628,8,13,799517407,800017407,5576916.006942,6766793.35467889,epl3,3,0.4441740917249492
cleanStatic,train,32,31.99069628,8,13,799517407,800017407,5576916.006942,6766793.35467889,fixed9,9,0.3249562531355348
cleanStatic,train,32,31.99069628,8,13,799517407,800017407,5576916.006942,6766793.35467889,random1_k3,3,0.513034519670499
cleanStatic,train,32,31.99069628,8,13,799517407,800017407,5576916.006942,6766793.35467889,random2_k3,3,0.05078765697068407
cleanStatic,train,32,31.99069628,8,13,799517407,800017407,5576916.006942,6766793.35467889,random3_k3,3,0.37607280760173856
cleanStatic,train,32,31.99069628,8,13,799517407,800017407,5576916.006942,6766793.35467889,random4_k3,3,0.15303940493315024
cleanStatic,train,32,31.99069628,8,13,799517407,800017407,5576916.006942,6766793.35467889,random5_k3,3,0.011067632247676493
cleanStatic,train,32,31.99069628,8,13,799517407,800017407,5576916.006942,6766793.35467889,random1_k5,5,0.08937472480132898
cleanStatic,train,32,31.99069628,8,13,799517407,800017407,5576916.006942,6766793.35467889,random2_k5,5,0.1333969069118281
cleanStatic,train,32,31.99069628,8,13,799517407,800017407,5576916.006942,6766793.35467889,random3_k5,5,0.13414066048017834
cleanStatic,train,32,31.99069628,8,13,799517407,800017407,5576916.006942,6766793.35467889,random4_k5,5,0.28021970673506746
cleanStatic,train,32,31.99069628,8,13,799517407,800017407,5576916.006942,6766793.35467889,random5_k5,5,0.1707703082301239
cleanStatic,train,32,31.99069628,8,13,799517407,800017407,5576916.006942,6766793.35467889,random1_k9,9,0.28845606068760676
cleanStatic,train,32,31.99069628,8,13,799517407,800017407,5576916.006942,6766793.35467889,random2_k9,9,0.09425392346436966
cleanStatic,train,32,31.99069628,8,13,799517407,800017407,5576916.006942,6766793.35467889,random3_k9,9,0.2722618418766852
cleanStatic,train,32,31.99069628,8,13,799517407,800017407,5576916.006942,6766793.35467889,random4_k9,9,0.19673196418423786
cleanStatic,train,32,31.99069628,8,13,799517407,800017407,5576916.006942,6766793.35467889,random5_k9,9,0.24505311733273358
cleanStatic,train,32,32.00754196,9,19,799938549,800438549,5588580.258094,4692788.829857297,dense_two_source_glrt,187,0.049896649524407304
cleanStatic,train,32,32.00754196,9,19,799938549,800438549,5588580.258094,4692788.829857297,dense_one_source_residual,187,0.30177298128657953
cleanStatic,train,32,32.00754196,9,19,799938549,800438549,5588580.258094,4692788.829857297,raw_power_only,0,5588580.258094
cleanStatic,train,32,32.00754196,9,19,799938549,800438549,5588580.258094,4692788.829857297,analytic_sparse_k3,3,0.11841425089262243
cleanStatic,train,32,32.00754196,9,19,799938549,800438549,5588580.258094,4692788.829857297,uniform_k3,3,0.3194299304078168
cleanStatic,train,32,32.00754196,9,19,799938549,800438549,5588580.258094,4692788.829857297,shuffled_k3,3,0.012469819420214573
cleanStatic,train,32,32.00754196,9,19,799938549,800438549,5588580.258094,4692788.829857297,analytic_sparse_k5,5,0.06505221604838893
cleanStatic,train,32,32.00754196,9,19,799938549,800438549,5588580.258094,4692788.829857297,uniform_k5,5,0.35481417717898156
cleanStatic,train,32,32.00754196,9,19,799938549,800438549,5588580.258094,4692788.829857297,shuffled_k5,5,0.1261530807374085
cleanStatic,train,32,32.00754196,9,19,799938549,800438549,5588580.258094,4692788.829857297,analytic_sparse_k9,9,0.033414488793820446
cleanStatic,train,32,32.00754196,9,19,799938549,800438549,5588580.258094,4692788.829857297,uniform_k9,9,0.023311842046597617
cleanStatic,train,32,32.00754196,9,19,799938549,800438549,5588580.258094,4692788.829857297,shuffled_k9,9,0.06462935870997993
cleanStatic,train,32,32.00754196,9,19,799938549,800438549,5588580.258094,4692788.829857297,ai_sparse_k3,3,0.11039597485876444
cleanStatic,train,32,32.00754196,9,19,799938549,800438549,5588580.258094,4692788.829857297,pg_scc_k3,3,0.11779413381921507
cleanStatic,train,32,32.00754196,9,19,799938549,800438549,5588580.258094,4692788.829857297,ai_sparse_k5,5,0.08654322387778765
cleanStatic,train,32,32.00754196,9,19,799938549,800438549,5588580.258094,4692788.829857297,pg_scc_k5,5,0.04363762264151403
cleanStatic,train,32,32.00754196,9,19,799938549,800438549,5588580.258094,4692788.829857297,ai_sparse_k9,9,0.03940926631334743
cleanStatic,train,32,32.00754196,9,19,799938549,800438549,5588580.258094,4692788.829857297,pg_scc_k9,9,0.03275491412286126
cleanStatic,train,32,32.00754196,9,19,799938549,800438549,5588580.258094,4692788.829857297,epl3,3,0.13640112275755328
cleanStatic,train,32,32.00754196,9,19,799938549,800438549,5588580.258094,4692788.829857297,fixed9,9,0.03921232235363529
cleanStatic,train,32,32.00754196,9,19,799938549,800438549,5588580.258094,4692788.829857297,random1_k3,3,0.01585511966230044
cleanStatic,train,32,32.00754196,9,19,799938549,800438549,5588580.258094,4692788.829857297,random2_k3,3,0.16675557300813268
cleanStatic,train,32,32.00754196,9,19,799938549,800438549,5588580.258094,4692788.829857297,random3_k3,3,0.07356556091530947
cleanStatic,train,32,32.00754196,9,19,799938549,800438549,5588580.258094,4692788.829857297,random4_k3,3,0.2602541291411254
cleanStatic,train,32,32.00754196,9,19,799938549,800438549,5588580.258094,4692788.829857297,random5_k3,3,0.3547328006714731
cleanStatic,train,32,32.00754196,9,19,799938549,800438549,5588580.258094,4692788.829857297,random1_k5,5,0.14014402676737855
cleanStatic,train,32,32.00754196,9,19,799938549,800438549,5588580.258094,4692788.829857297,random2_k5,5,0.03149287407452904
cleanStatic,train,32,32.00754196,9,19,799938549,800438549,5588580.258094,4692788.829857297,random3_k5,5,0.0762662020400108
cleanStatic,train,32,32.00754196,9,19,799938549,800438549,5588580.258094,4692788.829857297,random4_k5,5,0.04627449805047394
cleanStatic,train,32,32.00754196,9,19,799938549,800438549,5588580.258094,4692788.829857297,random5_k5,5,0.4743752246314627
cleanStatic,train,32,32.00754196,9,19,799938549,800438549,5588580.258094,4692788.829857297,random1_k9,9,0.05960965349913705
cleanStatic,train,32,32.00754196,9,19,799938549,800438549,5588580.258094,4692788.829857297,random2_k9,9,0.11810752901563232
cleanStatic,train,32,32.00754196,9,19,799938549,800438549,5588580.258094,4692788.829857297,random3_k9,9,0.1010580453763691
cleanStatic,train,32,32.00754196,9,19,799938549,800438549,5588580.258094,4692788.829857297,random4_k9,9,0.4618299282264347
cleanStatic,train,32,32.00754196,9,19,799938549,800438549,5588580.258094,4692788.829857297,random5_k9,9,0.05007756213121915
cleanStatic,train,32,31.99061008,10,23,799515252,800015252,5576445.737152001,6902254.927392336,dense_two_source_glrt,187,0.029739403814579946
cleanStatic,train,32,31.99061008,10,23,799515252,800015252,5576445.737152001,6902254.927392336,dense_one_source_residual,187,0.18995815198957952
cleanStatic,train,32,31.99061008,10,23,799515252,800015252,5576445.737152001,6902254.927392336,raw_power_only,0,5576445.737152001
cleanStatic,train,32,31.99061008,10,23,799515252,800015252,5576445.737152001,6902254.927392336,analytic_sparse_k3,3,0.00777457051064064
cleanStatic,train,32,31.99061008,10,23,799515252,800015252,5576445.737152001,6902254.927392336,uniform_k3,3,0.10208237503084903
cleanStatic,train,32,31.99061008,10,23,799515252,800015252,5576445.737152001,6902254.927392336,shuffled_k3,3,0.1115632274988992
cleanStatic,train,32,31.99061008,10,23,799515252,800015252,5576445.737152001,6902254.927392336,analytic_sparse_k5,5,0.055893091495476735
cleanStatic,train,32,31.99061008,10,23,799515252,800015252,5576445.737152001,6902254.927392336,uniform_k5,5,0.061511541675916645
cleanStatic,train,32,31.99061008,10,23,799515252,800015252,5576445.737152001,6902254.927392336,shuffled_k5,5,0.039759040753501854
cleanStatic,train,32,31.99061008,10,23,799515252,800015252,5576445.737152001,6902254.927392336,analytic_sparse_k9,9,0.03488389962565544
cleanStatic,train,32,31.99061008,10,23,799515252,800015252,5576445.737152001,6902254.927392336,uniform_k9,9,0.023330957115829047
cleanStatic,train,32,31.99061008,10,23,799515252,800015252,5576445.737152001,6902254.927392336,shuffled_k9,9,0.08411008779776795
cleanStatic,train,32,31.99061008,10,23,799515252,800015252,5576445.737152001,6902254.927392336,ai_sparse_k3,3,0.23122963247618755
cleanStatic,train,32,31.99061008,10,23,799515252,800015252,5576445.737152001,6902254.927392336,pg_scc_k3,3,0.09429791913958889
cleanStatic,train,32,31.99061008,10,23,799515252,800015252,5576445.737152001,6902254.927392336,ai_sparse_k5,5,0.15738313214491204
cleanStatic,train,32,31.99061008,10,23,799515252,800015252,5576445.737152001,6902254.927392336,pg_scc_k5,5,0.02632610904258399
cleanStatic,train,32,31.99061008,10,23,799515252,800015252,5576445.737152001,6902254.927392336,ai_sparse_k9,9,0.07868920060845062
cleanStatic,train,32,31.99061008,10,23,799515252,800015252,5576445.737152001,6902254.927392336,pg_scc_k9,9,0.023593640136074172
cleanStatic,train,32,31.99061008,10,23,799515252,800015252,5576445.737152001,6902254.927392336,epl3,3,0.22622923684419868
cleanStatic,train,32,31.99061008,10,23,799515252,800015252,5576445.737152001,6902254.927392336,fixed9,9,0.1353881705337779
cleanStatic,train,32,31.99061008,10,23,799515252,800015252,5576445.737152001,6902254.927392336,random1_k3,3,0.22675323276470769
cleanStatic,train,32,31.99061008,10,23,799515252,800015252,5576445.737152001,6902254.927392336,random2_k3,3,0.06637946775385699
cleanStatic,train,32,31.99061008,10,23,799515252,800015252,5576445.737152001,6902254.927392336,random3_k3,3,0.4236545464222737
cleanStatic,train,32,31.99061008,10,23,799515252,800015252,5576445.737152001,6902254.927392336,random4_k3,3,0.07910985273419421
cleanStatic,train,32,31.99061008,10,23,799515252,800015252,5576445.737152001,6902254.927392336,random5_k3,3,0.0861142378517256
cleanStatic,train,32,31.99061008,10,23,799515252,800015252,5576445.737152001,6902254.927392336,random1_k5,5,0.06591103318250444
cleanStatic,train,32,31.99061008,10,23,799515252,800015252,5576445.737152001,6902254.927392336,random2_k5,5,0.0665279980782556
cleanStatic,train,32,31.99061008,10,23,799515252,800015252,5576445.737152001,6902254.927392336,random3_k5,5,0.06835792522117336
cleanStatic,train,32,31.99061008,10,23,799515252,800015252,5576445.737152001,6902254.927392336,random4_k5,5,0.0950151840759925
cleanStatic,train,32,31.99061008,10,23,799515252,800015252,5576445.737152001,6902254.927392336,random5_k5,5,0.06304260539860403
cleanStatic,train,32,31.99061008,10,23,799515252,800015252,5576445.737152001,6902254.927392336,random1_k9,9,0.09035508730601507
cleanStatic,train,32,31.99061008,10,23,799515252,800015252,5576445.737152001,6902254.927392336,random2_k9,9,0.06989179141324166
cleanStatic,train,32,31.99061008,10,23,799515252,800015252,5576445.737152001,6902254.927392336,random3_k9,9,0.06950896353292557
cleanStatic,train,32,31.99061008,10,23,799515252,800015252,5576445.737152001,6902254.927392336,random4_k9,9,0.09358019125236396
cleanStatic,train,32,31.99061008,10,23,799515252,800015252,5576445.737152001,6902254.927392336,random5_k9,9,0.0667828700752458
cleanStatic,train,34,33.99526364,0,16,849631591,850131591,5600698.988104,5751048.306490311,dense_two_source_glrt,187,0.08268114275498216
cleanStatic,train,34,33.99526364,0,16,849631591,850131591,5600698.988104,5751048.306490311,dense_one_source_residual,187,0.3618365541640155
cleanStatic,train,34,33.99526364,0,16,849631591,850131591,5600698.988104,5751048.306490311,raw_power_only,0,5600698.988104
cleanStatic,train,34,33.99526364,0,16,849631591,850131591,5600698.988104,5751048.306490311,analytic_sparse_k3,3,0.03983435912020298
cleanStatic,train,34,33.99526364,0,16,849631591,850131591,5600698.988104,5751048.306490311,uniform_k3,3,0.12451845032445824
cleanStatic,train,34,33.99526364,0,16,849631591,850131591,5600698.988104,5751048.306490311,shuffled_k3,3,0.07372355814298737
cleanStatic,train,34,33.99526364,0,16,849631591,850131591,5600698.988104,5751048.306490311,analytic_sparse_k5,5,0.06211266226164587
cleanStatic,train,34,33.99526364,0,16,849631591,850131591,5600698.988104,5751048.306490311,uniform_k5,5,0.13703516293730347
cleanStatic,train,34,33.99526364,0,16,849631591,850131591,5600698.988104,5751048.306490311,shuffled_k5,5,0.13937701413771708
cleanStatic,train,34,33.99526364,0,16,849631591,850131591,5600698.988104,5751048.306490311,analytic_sparse_k9,9,0.13942089668440227
cleanStatic,train,34,33.99526364,0,16,849631591,850131591,5600698.988104,5751048.306490311,uniform_k9,9,0.051814973192098046
cleanStatic,train,34,33.99526364,0,16,849631591,850131591,5600698.988104,5751048.306490311,shuffled_k9,9,0.30915845508093764
cleanStatic,train,34,33.99526364,0,16,849631591,850131591,5600698.988104,5751048.306490311,ai_sparse_k3,3,0.4012924538878005
cleanStatic,train,34,33.99526364,0,16,849631591,850131591,5600698.988104,5751048.306490311,pg_scc_k3,3,0.46791841108514864
cleanStatic,train,34,33.99526364,0,16,849631591,850131591,5600698.988104,5751048.306490311,ai_sparse_k5,5,0.32025477386950835
cleanStatic,train,34,33.99526364,0,16,849631591,850131591,5600698.988104,5751048.306490311,pg_scc_k5,5,0.22954965505394292
cleanStatic,train,34,33.99526364,0,16,849631591,850131591,5600698.988104,5751048.306490311,ai_sparse_k9,9,0.272822142030474
cleanStatic,train,34,33.99526364,0,16,849631591,850131591,5600698.988104,5751048.306490311,pg_scc_k9,9,0.27796441650221543
cleanStatic,train,34,33.99526364,0,16,849631591,850131591,5600698.988104,5751048.306490311,epl3,3,0.33386862341038265
cleanStatic,train,34,33.99526364,0,16,849631591,850131591,5600698.988104,5751048.306490311,fixed9,9,0.40734043594528746
cleanStatic,train,34,33.99526364,0,16,849631591,850131591,5600698.988104,5751048.306490311,random1_k3,3,0.07421133537004979
cleanStatic,train,34,33.99526364,0,16,849631591,850131591,5600698.988104,5751048.306490311,random2_k3,3,0.12157248670800695
cleanStatic,train,34,33.99526364,0,16,849631591,850131591,5600698.988104,5751048.306490311,random3_k3,3,0.6302413117680025
cleanStatic,train,34,33.99526364,0,16,849631591,850131591,5600698.988104,5751048.306490311,random4_k3,3,0.0243535637765817
cleanStatic,train,34,33.99526364,0,16,849631591,850131591,5600698.988104,5751048.306490311,random5_k3,3,0.1774713804550774
cleanStatic,train,34,33.99526364,0,16,849631591,850131591,5600698.988104,5751048.306490311,random1_k5,5,0.05430794378152211
cleanStatic,train,34,33.99526364,0,16,849631591,850131591,5600698.988104,5751048.306490311,random2_k5,5,0.24553542462980155
cleanStatic,train,34,33.99526364,0,16,849631591,850131591,5600698.988104,5751048.306490311,random3_k5,5,0.09065663241984934
cleanStatic,train,34,33.99526364,0,16,849631591,850131591,5600698.988104,5751048.306490311,random4_k5,5,0.1430146428405429
cleanStatic,train,34,33.99526364,0,16,849631591,850131591,5600698.988104,5751048.306490311,random5_k5,5,0.10474530958772535
cleanStatic,train,34,33.99526364,0,16,849631591,850131591,5600698.988104,5751048.306490311,random1_k9,9,0.25557617557017104
cleanStatic,train,34,33.99526364,0,16,849631591,850131591,5600698.988104,5751048.306490311,random2_k9,9,0.29520092004138143
cleanStatic,train,34,33.99526364,0,16,849631591,850131591,5600698.988104,5751048.306490311,random3_k9,9,0.1727050126939781
cleanStatic,train,34,33.99526364,0,16,849631591,850131591,5600698.988104,5751048.306490311,random4_k9,9,0.16516825490770604
cleanStatic,train,34,33.99526364,0,16,849631591,850131591,5600698.988104,5751048.306490311,random5_k9,9,0.05655631256002339
cleanStatic,train,34,33.9905526,2,3,849513815,850013815,5595697.130898,5741571.429154641,dense_two_source_glrt,187,0.06082226829255778
cleanStatic,train,34,33.9905526,2,3,849513815,850013815,5595697.130898,5741571.429154641,dense_one_source_residual,187,0.37992593002468356
cleanStatic,train,34,33.9905526,2,3,849513815,850013815,5595697.130898,5741571.429154641,raw_power_only,0,5595697.130898
cleanStatic,train,34,33.9905526,2,3,849513815,850013815,5595697.130898,5741571.429154641,analytic_sparse_k3,3,0.0569982386552098
cleanStatic,train,34,33.9905526,2,3,849513815,850013815,5595697.130898,5741571.429154641,uniform_k3,3,0.1739036609757558
cleanStatic,train,34,33.9905526,2,3,849513815,850013815,5595697.130898,5741571.429154641,shuffled_k3,3,0.09596474611373022
cleanStatic,train,34,33.9905526,2,3,849513815,850013815,5595697.130898,5741571.429154641,analytic_sparse_k5,5,0.16255944896463895
cleanStatic,train,34,33.9905526,2,3,849513815,850013815,5595697.130898,5741571.429154641,uniform_k5,5,0.06760437113893163
cleanStatic,train,34,33.9905526,2,3,849513815,850013815,5595697.130898,5741571.429154641,shuffled_k5,5,0.15978976673822978
cleanStatic,train,34,33.9905526,2,3,849513815,850013815,5595697.130898,5741571.429154641,analytic_sparse_k9,9,0.11584774040531023
cleanStatic,train,34,33.9905526,2,3,849513815,850013815,5595697.130898,5741571.429154641,uniform_k9,9,0.029632403024422976
cleanStatic,train,34,33.9905526,2,3,849513815,850013815,5595697.130898,5741571.429154641,shuffled_k9,9,0.14569516131338323
cleanStatic,train,34,33.9905526,2,3,849513815,850013815,5595697.130898,5741571.429154641,ai_sparse_k3,3,0.3440786515673655
cleanStatic,train,34,33.9905526,2,3,849513815,850013815,5595697.130898,5741571.429154641,pg_scc_k3,3,0.4327933400281025
cleanStatic,train,34,33.9905526,2,3,849513815,850013815,5595697.130898,5741571.429154641,ai_sparse_k5,5,0.3510327541698337
cleanStatic,train,34,33.9905526,2,3,849513815,850013815,5595697.130898,5741571.429154641,pg_scc_k5,5,0.12760950332580867
cleanStatic,train,34,33.9905526,2,3,849513815,850013815,5595697.130898,5741571.429154641,ai_sparse_k9,9,0.2286956442038095
cleanStatic,train,34,33.9905526,2,3,849513815,850013815,5595697.130898,5741571.429154641,pg_scc_k9,9,0.13625291255863792
cleanStatic,train,34,33.9905526,2,3,849513815,850013815,5595697.130898,5741571.429154641,epl3,3,0.12444522221628262
cleanStatic,train,34,33.9905526,2,3,849513815,850013815,5595697.130898,5741571.429154641,fixed9,9,0.17520440124440823
cleanStatic,train,34,33.9905526,2,3,849513815,850013815,5595697.130898,5741571.429154641,random1_k3,3,0.39408379968311014
cleanStatic,train,34,33.9905526,2,3,849513815,850013815,5595697.130898,5741571.429154641,random2_k3,3,0.43111318027172923
cleanStatic,train,34,33.9905526,2,3,849513815,850013815,5595697.130898,5741571.429154641,random3_k3,3,0.5133460560340064
cleanStatic,train,34,33.9905526,2,3,849513815,850013815,5595697.130898,5741571.429154641,random4_k3,3,0.06619771194453071
cleanStatic,train,34,33.9905526,2,3,849513815,850013815,5595697.130898,5741571.429154641,random5_k3,3,0.09071746731957446
cleanStatic,train,34,33.9905526,2,3,849513815,850013815,5595697.130898,5741571.429154641,random1_k5,5,0.10671983100264311
cleanStatic,train,34,33.9905526,2,3,849513815,850013815,5595697.130898,5741571.429154641,random2_k5,5,0.23140587571535404
cleanStatic,train,34,33.9905526,2,3,849513815,850013815,5595697.130898,5741571.429154641,random3_k5,5,0.09975723638159124
cleanStatic,train,34,33.9905526,2,3,849513815,850013815,5595697.130898,5741571.429154641,random4_k5,5,0.1990938301556741
cleanStatic,train,34,33.9905526,2,3,849513815,850013815,5595697.130898,5741571.429154641,random5_k5,5,0.09836405868538327
cleanStatic,train,34,33.9905526,2,3,849513815,850013815,5595697.130898,5741571.429154641,random1_k9,9,0.2779314681208407
cleanStatic,train,34,33.9905526,2,3,849513815,850013815,5595697.130898,5741571.429154641,random2_k9,9,0.14264272584528875
cleanStatic,train,34,33.9905526,2,3,849513815,850013815,5595697.130898,5741571.429154641,random3_k9,9,0.09683050103264618
cleanStatic,train,34,33.9905526,2,3,849513815,850013815,5595697.130898,5741571.429154641,random4_k9,9,0.1366837148687185
cleanStatic,train,34,33.9905526,2,3,849513815,850013815,5595697.130898,5741571.429154641,random5_k9,9,0.09908403092479541
cleanStatic,train,34,33.99630968,3,20,849657742,850157742,5601454.568728,2215586.3015604015,dense_two_source_glrt,187,0.20473703627207043
cleanStatic,train,34,33.99630968,3,20,849657742,850157742,5601454.568728,2215586.3015604015,dense_one_source_residual,187,1.8190431605064088
cleanStatic,train,34,33.99630968,3,20,849657742,850157742,5601454.568728,2215586.3015604015,raw_power_only,0,5601454.568728
cleanStatic,train,34,33.99630968,3,20,849657742,850157742,5601454.568728,2215586.3015604015,analytic_sparse_k3,3,0.2879016449466966
cleanStatic,train,34,33.99630968,3,20,849657742,850157742,5601454.568728,2215586.3015604015,uniform_k3,3,1.9287174183286944
cleanStatic,train,34,33.99630968,3,20,849657742,850157742,5601454.568728,2215586.3015604015,shuffled_k3,3,0.1809146220220675
cleanStatic,train,34,33.99630968,3,20,849657742,850157742,5601454.568728,2215586.3015604015,analytic_sparse_k5,5,0.17298597672489496
cleanStatic,train,34,33.99630968,3,20,849657742,850157742,5601454.568728,2215586.3015604015,uniform_k5,5,2.6566651876219614
cleanStatic,train,34,33.99630968,3,20,849657742,850157742,5601454.568728,2215586.3015604015,shuffled_k5,5,0.7275897251167847
cleanStatic,train,34,33.99630968,3,20,849657742,850157742,5601454.568728,2215586.3015604015,analytic_sparse_k9,9,0.22067453856446317
cleanStatic,train,34,33.99630968,3,20,849657742,850157742,5601454.568728,2215586.3015604015,uniform_k9,9,0.5141476124503126
cleanStatic,train,34,33.99630968,3,20,849657742,850157742,5601454.568728,2215586.3015604015,shuffled_k9,9,0.7099271010914673
cleanStatic,train,34,33.99630968,3,20,849657742,850157742,5601454.568728,2215586.3015604015,ai_sparse_k3,3,0.3216603223692461
cleanStatic,train,34,33.99630968,3,20,849657742,850157742,5601454.568728,2215586.3015604015,pg_scc_k3,3,0.4807961159211294
cleanStatic,train,34,33.99630968,3,20,849657742,850157742,5601454.568728,2215586.3015604015,ai_sparse_k5,5,0.8126718226697246
cleanStatic,train,34,33.99630968,3,20,849657742,850157742,5601454.568728,2215586.3015604015,pg_scc_k5,5,0.46315724909502887
cleanStatic,train,34,33.99630968,3,20,849657742,850157742,5601454.568728,2215586.3015604015,ai_sparse_k9,9,1.002719987845726
cleanStatic,train,34,33.99630968,3,20,849657742,850157742,5601454.568728,2215586.3015604015,pg_scc_k9,9,0.6805985426748936
cleanStatic,train,34,33.99630968,3,20,849657742,850157742,5601454.568728,2215586.3015604015,epl3,3,0.6931354455330946
cleanStatic,train,34,33.99630968,3,20,849657742,850157742,5601454.568728,2215586.3015604015,fixed9,9,1.098673613411381
cleanStatic,train,34,33.99630968,3,20,849657742,850157742,5601454.568728,2215586.3015604015,random1_k3,3,0.21761558114036342
cleanStatic,train,34,33.99630968,3,20,849657742,850157742,5601454.568728,2215586.3015604015,random2_k3,3,0.333775468168184
cleanStatic,train,34,33.99630968,3,20,849657742,850157742,5601454.568728,2215586.3015604015,random3_k3,3,0.9940038114591251
cleanStatic,train,34,33.99630968,3,20,849657742,850157742,5601454.568728,2215586.3015604015,random4_k3,3,1.027768215077229
cleanStatic,train,34,33.99630968,3,20,849657742,850157742,5601454.568728,2215586.3015604015,random5_k3,3,0.6696641389784311
cleanStatic,train,34,33.99630968,3,20,849657742,850157742,5601454.568728,2215586.3015604015,random1_k5,5,1.0052633094366386
cleanStatic,train,34,33.99630968,3,20,849657742,850157742,5601454.568728,2215586.3015604015,random2_k5,5,0.5849441536834367
cleanStatic,train,34,33.99630968,3,20,849657742,850157742,5601454.568728,2215586.3015604015,random3_k5,5,0.6725510003642965
cleanStatic,train,34,33.99630968,3,20,849657742,850157742,5601454.568728,2215586.3015604015,random4_k5,5,0.5989116084795189
cleanStatic,train,34,33.99630968,3,20,849657742,850157742,5601454.568728,2215586.3015604015,random5_k5,5,1.1951152501417728
cleanStatic,train,34,33.99630968,3,20,849657742,850157742,5601454.568728,2215586.3015604015,random1_k9,9,1.0377517044380768
cleanStatic,train,34,33.99630968,3,20,849657742,850157742,5601454.568728,2215586.3015604015,random2_k9,9,0.20127147198544096
cleanStatic,train,34,33.99630968,3,20,849657742,850157742,5601454.568728,2215586.3015604015,random3_k9,9,1.1045768311847615
cleanStatic,train,34,33.99630968,3,20,849657742,850157742,5601454.568728,2215586.3015604015,random4_k9,9,0.7003176766903737
cleanStatic,train,34,33.99630968,3,20,849657742,850157742,5601454.568728,2215586.3015604015,random5_k9,9,0.6145383587840302
cleanStatic,train,34,34.33061556,4,30,858015389,858515389,5590031.6359520005,2202620.9619685127,dense_two_source_glrt,187,0.24977198090317976
cleanStatic,train,34,34.33061556,4,30,858015389,858515389,5590031.6359520005,2202620.9619685127,dense_one_source_residual,187,1.631985133293844
cleanStatic,train,34,34.33061556,4,30,858015389,858515389,5590031.6359520005,2202620.9619685127,raw_power_only,0,5590031.6359520005
cleanStatic,train,34,34.33061556,4,30,858015389,858515389,5590031.6359520005,2202620.9619685127,analytic_sparse_k3,3,1.6612461596416443
cleanStatic,train,34,34.33061556,4,30,858015389,858515389,5590031.6359520005,2202620.9619685127,uniform_k3,3,0.3896953002137293
cleanStatic,train,34,34.33061556,4,30,858015389,858515389,5590031.6359520005,2202620.9619685127,shuffled_k3,3,0.0838704398509456
cleanStatic,train,34,34.33061556,4,30,858015389,858515389,5590031.6359520005,2202620.9619685127,analytic_sparse_k5,5,0.8227405049814415
cleanStatic,train,34,34.33061556,4,30,858015389,858515389,5590031.6359520005,2202620.9619685127,uniform_k5,5,0.3843309775240117
cleanStatic,train,34,34.33061556,4,30,858015389,858515389,5590031.6359520005,2202620.9619685127,shuffled_k5,5,0.9257424578321721
cleanStatic,train,34,34.33061556,4,30,858015389,858515389,5590031.6359520005,2202620.9619685127,analytic_sparse_k9,9,1.2741291903579202
cleanStatic,train,34,34.33061556,4,30,858015389,858515389,5590031.6359520005,2202620.9619685127,uniform_k9,9,0.1621084597521466
cleanStatic,train,34,34.33061556,4,30,858015389,858515389,5590031.6359520005,2202620.9619685127,shuffled_k9,9,0.3574421631437869
cleanStatic,train,34,34.33061556,4,30,858015389,858515389,5590031.6359520005,2202620.9619685127,ai_sparse_k3,3,1.6143828129437612
cleanStatic,train,34,34.33061556,4,30,858015389,858515389,5590031.6359520005,2202620.9619685127,pg_scc_k3,3,1.3085710150016296
cleanStatic,train,34,34.33061556,4,30,858015389,858515389,5590031.6359520005,2202620.9619685127,ai_sparse_k5,5,0.7334638078993466
cleanStatic,train,34,34.33061556,4,30,858015389,858515389,5590031.6359520005,2202620.9619685127,pg_scc_k5,5,0.8945300224250232
cleanStatic,train,34,34.33061556,4,30,858015389,858515389,5590031.6359520005,2202620.9619685127,ai_sparse_k9,9,0.5319765201772988
cleanStatic,train,34,34.33061556,4,30,858015389,858515389,5590031.6359520005,2202620.9619685127,pg_scc_k9,9,0.8625365562147009
cleanStatic,train,34,34.33061556,4,30,858015389,858515389,5590031.6359520005,2202620.9619685127,epl3,3,0.17311425459092403
cleanStatic,train,34,34.33061556,4,30,858015389,858515389,5590031.6359520005,2202620.9619685127,fixed9,9,0.17864194469611952
cleanStatic,train,34,34.33061556,4,30,858015389,858515389,5590031.6359520005,2202620.9619685127,random1_k3,3,0.3845955745763985
cleanStatic,train,34,34.33061556,4,30,858015389,858515389,5590031.6359520005,2202620.9619685127,random2_k3,3,0.6082780521084507
cleanStatic,train,34,34.33061556,4,30,858015389,858515389,5590031.6359520005,2202620.9619685127,random3_k3,3,3.1170012939401253
cleanStatic,train,34,34.33061556,4,30,858015389,858515389,5590031.6359520005,2202620.9619685127,random4_k3,3,0.7925658851780036
cleanStatic,train,34,34.33061556,4,30,858015389,858515389,5590031.6359520005,2202620.9619685127,random5_k3,3,1.3924053224153232
cleanStatic,train,34,34.33061556,4,30,858015389,858515389,5590031.6359520005,2202620.9619685127,random1_k5,5,0.8742270625187223
cleanStatic,train,34,34.33061556,4,30,858015389,858515389,5590031.6359520005,2202620.9619685127,random2_k5,5,0.9614713598723629
cleanStatic,train,34,34.33061556,4,30,858015389,858515389,5590031.6359520005,2202620.9619685127,random3_k5,5,0.5623194296029235
cleanStatic,train,34,34.33061556,4,30,858015389,858515389,5590031.6359520005,2202620.9619685127,random4_k5,5,1.0966573217789826
cleanStatic,train,34,34.33061556,4,30,858015389,858515389,5590031.6359520005,2202620.9619685127,random5_k5,5,0.5821236468508765
cleanStatic,train,34,34.33061556,4,30,858015389,858515389,5590031.6359520005,2202620.9619685127,random1_k9,9,0.9904146630625278
cleanStatic,train,34,34.33061556,4,30,858015389,858515389,5590031.6359520005,2202620.9619685127,random2_k9,9,0.5514259070553081
cleanStatic,train,34,34.33061556,4,30,858015389,858515389,5590031.6359520005,2202620.9619685127,random3_k9,9,0.31046879507306296
cleanStatic,train,34,34.33061556,4,30,858015389,858515389,5590031.6359520005,2202620.9619685127,random4_k9,9,0.4116111715508701
cleanStatic,train,34,34.33061556,4,30,858015389,858515389,5590031.6359520005,2202620.9619685127,random5_k9,9,0.3239158393575941
cleanStatic,train,34,33.99065288,5,6,849516322,850016322,5596466.764416,4661669.293468023,dense_two_source_glrt,187,0.08452499178135532
cleanStatic,train,34,33.99065288,5,6,849516322,850016322,5596466.764416,4661669.293468023,dense_one_source_residual,187,0.35554862311408897
cleanStatic,train,34,33.99065288,5,6,849516322,850016322,5596466.764416,4661669.293468023,raw_power_only,0,5596466.764416
cleanStatic,train,34,33.99065288,5,6,849516322,850016322,5596466.764416,4661669.293468023,analytic_sparse_k3,3,0.22932676038281585
cleanStatic,train,34,33.99065288,5,6,849516322,850016322,5596466.764416,4661669.293468023,uniform_k3,3,0.27907883418526297
cleanStatic,train,34,33.99065288,5,6,849516322,850016322,5596466.764416,4661669.293468023,shuffled_k3,3,0.11274642084548724
cleanStatic,train,34,33.99065288,5,6,849516322,850016322,5596466.764416,4661669.293468023,analytic_sparse_k5,5,0.2046301360698152
cleanStatic,train,34,33.99065288,5,6,849516322,850016322,5596466.764416,4661669.293468023,uniform_k5,5,0.13146803757167852
cleanStatic,train,34,33.99065288,5,6,849516322,850016322,5596466.764416,4661669.293468023,shuffled_k5,5,0.38993292132812446
cleanStatic,train,34,33.99065288,5,6,849516322,850016322,5596466.764416,4661669.293468023,analytic_sparse_k9,9,0.2997333456579999
cleanStatic,train,34,33.99065288,5,6,849516322,850016322,5596466.764416,4661669.293468023,uniform_k9,9,0.010694918483510217
cleanStatic,train,34,33.99065288,5,6,849516322,850016322,5596466.764416,4661669.293468023,shuffled_k9,9,0.43544042789396303
cleanStatic,train,34,33.99065288,5,6,849516322,850016322,5596466.764416,4661669.293468023,ai_sparse_k3,3,0.4443418156022629
cleanStatic,train,34,33.99065288,5,6,849516322,850016322,5596466.764416,4661669.293468023,pg_scc_k3,3,0.6533501850121632
cleanStatic,train,34,33.99065288,5,6,849516322,850016322,5596466.764416,4661669.293468023,ai_sparse_k5,5,0.626860842771772
cleanStatic,train,34,33.99065288,5,6,849516322,850016322,5596466.764416,4661669.293468023,pg_scc_k5,5,0.2845563857188744
cleanStatic,train,34,33.99065288,5,6,849516322,850016322,5596466.764416,4661669.293468023,ai_sparse_k9,9,0.495050936815391
cleanStatic,train,34,33.99065288,5,6,849516322,850016322,5596466.764416,4661669.293468023,pg_scc_k9,9,0.28850745218173274
cleanStatic,train,34,33.99065288,5,6,849516322,850016322,5596466.764416,4661669.293468023,epl3,3,0.2850952130546172
cleanStatic,train,34,33.99065288,5,6,849516322,850016322,5596466.764416,4661669.293468023,fixed9,9,0.2896496972781715
cleanStatic,train,34,33.99065288,5,6,849516322,850016322,5596466.764416,4661669.293468023,random1_k3,3,0.1464925829324575
cleanStatic,train,34,33.99065288,5,6,849516322,850016322,5596466.764416,4661669.293468023,random2_k3,3,0.11569303847845658
cleanStatic,train,34,33.99065288,5,6,849516322,850016322,5596466.764416,4661669.293468023,random3_k3,3,0.2690809243877453
cleanStatic,train,34,33.99065288,5,6,849516322,850016322,5596466.764416,4661669.293468023,random4_k3,3,0.126616289522406
cleanStatic,train,34,33.99065288,5,6,849516322,850016322,5596466.764416,4661669.293468023,random5_k3,3,0.07527784438896584
cleanStatic,train,34,33.99065288,5,6,849516322,850016322,5596466.764416,4661669.293468023,random1_k5,5,0.12550949076456103
cleanStatic,train,34,33.99065288,5,6,849516322,850016322,5596466.764416,4661669.293468023,random2_k5,5,0.23997848350753498
cleanStatic,train,34,33.99065288,5,6,849516322,850016322,5596466.764416,4661669.293468023,random3_k5,5,0.05069231221410393
cleanStatic,train,34,33.99065288,5,6,849516322,850016322,5596466.764416,4661669.293468023,random4_k5,5,0.030464090378206975
cleanStatic,train,34,33.99065288,5,6,849516322,850016322,5596466.764416,4661669.293468023,random5_k5,5,0.23667504167544653
cleanStatic,train,34,33.99065288,5,6,849516322,850016322,5596466.764416,4661669.293468023,random1_k9,9,0.10176807251195802
cleanStatic,train,34,33.99065288,5,6,849516322,850016322,5596466.764416,4661669.293468023,random2_k9,9,0.09052421614361153
cleanStatic,train,34,33.99065288,5,6,849516322,850016322,5596466.764416,4661669.293468023,random3_k9,9,0.1355778082679297
cleanStatic,train,34,33.99065288,5,6,849516322,850016322,5596466.764416,4661669.293468023,random4_k9,9,0.07951044077349685
cleanStatic,train,34,33.99065288,5,6,849516322,850016322,5596466.764416,4661669.293468023,random5_k9,9,0.12198229026131265
cleanStatic,train,34,34.00221752,6,7,849805438,850305438,5609126.5905720005,4330052.667821514,dense_two_source_glrt,187,0.05634514664345026
cleanStatic,train,34,34.00221752,6,7,849805438,850305438,5609126.5905720005,4330052.667821514,dense_one_source_residual,187,0.7502068691128299
cleanStatic,train,34,34.00221752,6,7,849805438,850305438,5609126.5905720005,4330052.667821514,raw_power_only,0,5609126.5905720005
cleanStatic,train,34,34.00221752,6,7,849805438,850305438,5609126.5905720005,4330052.667821514,analytic_sparse_k3,3,0.33592844035374875
cleanStatic,train,34,34.00221752,6,7,849805438,850305438,5609126.5905720005,4330052.667821514,uniform_k3,3,0.6207529765546821
cleanStatic,train,34,34.00221752,6,7,849805438,850305438,5609126.5905720005,4330052.667821514,shuffled_k3,3,0.2556448337209422
cleanStatic,train,34,34.00221752,6,7,849805438,850305438,5609126.5905720005,4330052.667821514,analytic_sparse_k5,5,0.4322519446367924
cleanStatic,train,34,34.00221752,6,7,849805438,850305438,5609126.5905720005,4330052.667821514,uniform_k5,5,0.7831568188178791
cleanStatic,train,34,34.00221752,6,7,849805438,850305438,5609126.5905720005,4330052.667821514,shuffled_k5,5,0.7112695985257732
cleanStatic,train,34,34.00221752,6,7,849805438,850305438,5609126.5905720005,4330052.667821514,analytic_sparse_k9,9,0.5502243829389504
cleanStatic,train,34,34.00221752,6,7,849805438,850305438,5609126.5905720005,4330052.667821514,uniform_k9,9,0.08809518416439586
cleanStatic,train,34,34.00221752,6,7,849805438,850305438,5609126.5905720005,4330052.667821514,shuffled_k9,9,0.1687968833357176
cleanStatic,train,34,34.00221752,6,7,849805438,850305438,5609126.5905720005,4330052.667821514,ai_sparse_k3,3,0.08150295023974936
cleanStatic,train,34,34.00221752,6,7,849805438,850305438,5609126.5905720005,4330052.667821514,pg_scc_k3,3,0.1376707208790491
cleanStatic,train,34,34.00221752,6,7,849805438,850305438,5609126.5905720005,4330052.667821514,ai_sparse_k5,5,0.07377950428210552
cleanStatic,train,34,34.00221752,6,7,849805438,850305438,5609126.5905720005,4330052.667821514,pg_scc_k5,5,0.1938183288398772
cleanStatic,train,34,34.00221752,6,7,849805438,850305438,5609126.5905720005,4330052.667821514,ai_sparse_k9,9,0.06148632968147695
cleanStatic,train,34,34.00221752,6,7,849805438,850305438,5609126.5905720005,4330052.667821514,pg_scc_k9,9,0.14128698704324597
cleanStatic,train,34,34.00221752,6,7,849805438,850305438,5609126.5905720005,4330052.667821514,epl3,3,0.5288724432817514
cleanStatic,train,34,34.00221752,6,7,849805438,850305438,5609126.5905720005,4330052.667821514,fixed9,9,0.07298687723244142
cleanStatic,train,34,34.00221752,6,7,849805438,850305438,5609126.5905720005,4330052.667821514,random1_k3,3,0.45339888440887094
cleanStatic,train,34,34.00221752,6,7,849805438,850305438,5609126.5905720005,4330052.667821514,random2_k3,3,0.7410297190978797
cleanStatic,train,34,34.00221752,6,7,849805438,850305438,5609126.5905720005,4330052.667821514,random3_k3,3,0.26234810840207534
cleanStatic,train,34,34.00221752,6,7,849805438,850305438,5609126.5905720005,4330052.667821514,random4_k3,3,0.42405267748113085
cleanStatic,train,34,34.00221752,6,7,849805438,850305438,5609126.5905720005,4330052.667821514,random5_k3,3,0.757949248600693
cleanStatic,train,34,34.00221752,6,7,849805438,850305438,5609126.5905720005,4330052.667821514,random1_k5,5,0.11992824586559761
cleanStatic,train,34,34.00221752,6,7,849805438,850305438,5609126.5905720005,4330052.667821514,random2_k5,5,0.5030162261370575
cleanStatic,train,34,34.00221752,6,7,849805438,850305438,5609126.5905720005,4330052.667821514,random3_k5,5,0.09292609545590072
cleanStatic,train,34,34.00221752,6,7,849805438,850305438,5609126.5905720005,4330052.667821514,random4_k5,5,0.5289302845632344
cleanStatic,train,34,34.00221752,6,7,849805438,850305438,5609126.5905720005,4330052.667821514,random5_k5,5,0.22904969502384298
cleanStatic,train,34,34.00221752,6,7,849805438,850305438,5609126.5905720005,4330052.667821514,random1_k9,9,0.057818094359163644
cleanStatic,train,34,34.00221752,6,7,849805438,850305438,5609126.5905720005,4330052.667821514,random2_k9,9,0.3508167566834896
cleanStatic,train,34,34.00221752,6,7,849805438,850305438,5609126.5905720005,4330052.667821514,random3_k9,9,0.2685566942948727
cleanStatic,train,34,34.00221752,6,7,849805438,850305438,5609126.5905720005,4330052.667821514,random4_k9,9,0.33430197974523423
cleanStatic,train,34,34.00221752,6,7,849805438,850305438,5609126.5905720005,4330052.667821514,random5_k9,9,0.14948591428640812
cleanStatic,train,34,33.99038196,7,10,849509549,850009549,5592913.724516,2392006.340324427,dense_two_source_glrt,187,0.2429182287283569
cleanStatic,train,34,33.99038196,7,10,849509549,850009549,5592913.724516,2392006.340324427,dense_one_source_residual,187,1.4797069943490557
cleanStatic,train,34,33.99038196,7,10,849509549,850009549,5592913.724516,2392006.340324427,raw_power_only,0,5592913.724516
cleanStatic,train,34,33.99038196,7,10,849509549,850009549,5592913.724516,2392006.340324427,analytic_sparse_k3,3,0.40808149802303223
cleanStatic,train,34,33.99038196,7,10,849509549,850009549,5592913.724516,2392006.340324427,uniform_k3,3,0.18545876346987444
cleanStatic,train,34,33.99038196,7,10,849509549,850009549,5592913.724516,2392006.340324427,shuffled_k3,3,0.33970001091044955
cleanStatic,train,34,33.99038196,7,10,849509549,850009549,5592913.724516,2392006.340324427,analytic_sparse_k5,5,0.5575949838142091
cleanStatic,train,34,33.99038196,7,10,849509549,850009549,5592913.724516,2392006.340324427,uniform_k5,5,0.19662540417011987
cleanStatic,train,34,33.99038196,7,10,849509549,850009549,5592913.724516,2392006.340324427,shuffled_k5,5,0.5510829594828949
cleanStatic,train,34,33.99038196,7,10,849509549,850009549,5592913.724516,2392006.340324427,analytic_sparse_k9,9,0.5692460613724136
cleanStatic,train,34,33.99038196,7,10,849509549,850009549,5592913.724516,2392006.340324427,uniform_k9,9,0.12248594273276137
cleanStatic,train,34,33.99038196,7,10,849509549,850009549,5592913.724516,2392006.340324427,shuffled_k9,9,0.38136638731311323
cleanStatic,train,34,33.99038196,7,10,849509549,850009549,5592913.724516,2392006.340324427,ai_sparse_k3,3,0.8041422304095769
cleanStatic,train,34,33.99038196,7,10,849509549,850009549,5592913.724516,2392006.340324427,pg_scc_k3,3,0.9331841318360995
cleanStatic,train,34,33.99038196,7,10,849509549,850009549,5592913.724516,2392006.340324427,ai_sparse_k5,5,0.46713303895326347
cleanStatic,train,34,33.99038196,7,10,849509549,850009549,5592913.724516,2392006.340324427,pg_scc_k5,5,0.7258170697150133
cleanStatic,train,34,33.99038196,7,10,849509549,850009549,5592913.724516,2392006.340324427,ai_sparse_k9,9,0.6758271679605217
cleanStatic,train,34,33.99038196,7,10,849509549,850009549,5592913.724516,2392006.340324427,pg_scc_k9,9,0.7679484943714799
cleanStatic,train,34,33.99038196,7,10,849509549,850009549,5592913.724516,2392006.340324427,epl3,3,0.9527998409540901
cleanStatic,train,34,33.99038196,7,10,849509549,850009549,5592913.724516,2392006.340324427,fixed9,9,0.6463377477950698
cleanStatic,train,34,33.99038196,7,10,849509549,850009549,5592913.724516,2392006.340324427,random1_k3,3,0.7387756299664473
cleanStatic,train,34,33.99038196,7,10,849509549,850009549,5592913.724516,2392006.340324427,random2_k3,3,0.8467455233081206
cleanStatic,train,34,33.99038196,7,10,849509549,850009549,5592913.724516,2392006.340324427,random3_k3,3,0.7606497770617797
cleanStatic,train,34,33.99038196,7,10,849509549,850009549,5592913.724516,2392006.340324427,random4_k3,3,1.6941320478556794
cleanStatic,train,34,33.99038196,7,10,849509549,850009549,5592913.724516,2392006.340324427,random5_k3,3,0.622741104987519
cleanStatic,train,34,33.99038196,7,10,849509549,850009549,5592913.724516,2392006.340324427,random1_k5,5,0.6533300614786723
cleanStatic,train,34,33.99038196,7,10,849509549,850009549,5592913.724516,2392006.340324427,random2_k5,5,0.2921252094648582
cleanStatic,train,34,33.99038196,7,10,849509549,850009549,5592913.724516,2392006.340324427,random3_k5,5,0.5330870971148729
cleanStatic,train,34,33.99038196,7,10,849509549,850009549,5592913.724516,2392006.340324427,random4_k5,5,0.6519627536095298
cleanStatic,train,34,33.99038196,7,10,849509549,850009549,5592913.724516,2392006.340324427,random5_k5,5,0.6446260276775008
cleanStatic,train,34,33.99038196,7,10,849509549,850009549,5592913.724516,2392006.340324427,random1_k9,9,0.19340722038610114
cleanStatic,train,34,33.99038196,7,10,849509549,850009549,5592913.724516,2392006.340324427,random2_k9,9,0.17155033986640966
cleanStatic,train,34,33.99038196,7,10,849509549,850009549,5592913.724516,2392006.340324427,random3_k9,9,0.6330131620465547
cleanStatic,train,34,33.99038196,7,10,849509549,850009549,5592913.724516,2392006.340324427,random4_k9,9,0.42092172648579645
cleanStatic,train,34,33.99038196,7,10,849509549,850009549,5592913.724516,2392006.340324427,random5_k9,9,0.3150610140326684
cleanStatic,train,34,33.99069396,8,13,849517349,850017349,5596498.970199999,6581916.254567605,dense_two_source_glrt,187,0.034253735832786056
cleanStatic,train,34,33.99069396,8,13,849517349,850017349,5596498.970199999,6581916.254567605,dense_one_source_residual,187,0.21371747125655446
cleanStatic,train,34,33.99069396,8,13,849517349,850017349,5596498.970199999,6581916.254567605,raw_power_only,0,5596498.970199999
cleanStatic,train,34,33.99069396,8,13,849517349,850017349,5596498.970199999,6581916.254567605,analytic_sparse_k3,3,0.055747708890033554
cleanStatic,train,34,33.99069396,8,13,849517349,850017349,5596498.970199999,6581916.254567605,uniform_k3,3,0.21915620887617623
cleanStatic,train,34,33.99069396,8,13,849517349,850017349,5596498.970199999,6581916.254567605,shuffled_k3,3,0.11452518060343253
cleanStatic,train,34,33.99069396,8,13,849517349,850017349,5596498.970199999,6581916.254567605,analytic_sparse_k5,5,0.027339289449628733
cleanStatic,train,34,33.99069396,8,13,849517349,850017349,5596498.970199999,6581916.254567605,uniform_k5,5,0.10467963268112182
cleanStatic,train,34,33.99069396,8,13,849517349,850017349,5596498.970199999,6581916.254567605,shuffled_k5,5,0.13280564202688175
cleanStatic,train,34,33.99069396,8,13,849517349,850017349,5596498.970199999,6581916.254567605,analytic_sparse_k9,9,0.03454284622728965
cleanStatic,train,34,33.99069396,8,13,849517349,850017349,5596498.970199999,6581916.254567605,uniform_k9,9,0.014495272618525826
cleanStatic,train,34,33.99069396,8,13,849517349,850017349,5596498.970199999,6581916.254567605,shuffled_k9,9,0.044049680624823645
cleanStatic,train,34,33.99069396,8,13,849517349,850017349,5596498.970199999,6581916.254567605,ai_sparse_k3,3,0.24018860269308892
cleanStatic,train,34,33.99069396,8,13,849517349,850017349,5596498.970199999,6581916.254567605,pg_scc_k3,3,0.052688474256078734
cleanStatic,train,34,33.99069396,8,13,849517349,850017349,5596498.970199999,6581916.254567605,ai_sparse_k5,5,0.2063060559274465
cleanStatic,train,34,33.99069396,8,13,849517349,850017349,5596498.970199999,6581916.254567605,pg_scc_k5,5,0.1511890776998203
cleanStatic,train,34,33.99069396,8,13,849517349,850017349,5596498.970199999,6581916.254567605,ai_sparse_k9,9,0.17666216684291128
cleanStatic,train,34,33.99069396,8,13,849517349,850017349,5596498.970199999,6581916.254567605,pg_scc_k9,9,0.11102146073956426
cleanStatic,train,34,33.99069396,8,13,849517349,850017349,5596498.970199999,6581916.254567605,epl3,3,0.06178488932516981
cleanStatic,train,34,33.99069396,8,13,849517349,850017349,5596498.970199999,6581916.254567605,fixed9,9,0.03111843202909122
cleanStatic,train,34,33.99069396,8,13,849517349,850017349,5596498.970199999,6581916.254567605,random1_k3,3,0.11717390113818561
cleanStatic,train,34,33.99069396,8,13,849517349,850017349,5596498.970199999,6581916.254567605,random2_k3,3,0.15190724704383454
cleanStatic,train,34,33.99069396,8,13,849517349,850017349,5596498.970199999,6581916.254567605,random3_k3,3,0.04035363002836793
cleanStatic,train,34,33.99069396,8,13,849517349,850017349,5596498.970199999,6581916.254567605,random4_k3,3,0.06987236147831687
cleanStatic,train,34,33.99069396,8,13,849517349,850017349,5596498.970199999,6581916.254567605,random5_k3,3,0.07692222802832745
cleanStatic,train,34,33.99069396,8,13,849517349,850017349,5596498.970199999,6581916.254567605,random1_k5,5,0.03710121678242356
cleanStatic,train,34,33.99069396,8,13,849517349,850017349,5596498.970199999,6581916.254567605,random2_k5,5,0.0990387337911178
cleanStatic,train,34,33.99069396,8,13,849517349,850017349,5596498.970199999,6581916.254567605,random3_k5,5,0.08020914779371949
cleanStatic,train,34,33.99069396,8,13,849517349,850017349,5596498.970199999,6581916.254567605,random4_k5,5,0.08396742552390042
cleanStatic,train,34,33.99069396,8,13,849517349,850017349,5596498.970199999,6581916.254567605,random5_k5,5,0.10906227038305379
cleanStatic,train,34,33.99069396,8,13,849517349,850017349,5596498.970199999,6581916.254567605,random1_k9,9,0.09195356599994912
cleanStatic,train,34,33.99069396,8,13,849517349,850017349,5596498.970199999,6581916.254567605,random2_k9,9,0.043031334069477206
cleanStatic,train,34,33.99069396,8,13,849517349,850017349,5596498.970199999,6581916.254567605,random3_k9,9,0.03774230728276668
cleanStatic,train,34,33.99069396,8,13,849517349,850017349,5596498.970199999,6581916.254567605,random4_k9,9,0.08745535707449784
cleanStatic,train,34,33.99069396,8,13,849517349,850017349,5596498.970199999,6581916.254567605,random5_k9,9,0.15612613284411395
cleanStatic,train,34,34.00853864,9,19,849963466,850463466,5612388.650448,4645741.5462948,dense_two_source_glrt,187,0.1430698885512302
cleanStatic,train,34,34.00853864,9,19,849963466,850463466,5612388.650448,4645741.5462948,dense_one_source_residual,187,0.5489042379329285
cleanStatic,train,34,34.00853864,9,19,849963466,850463466,5612388.650448,4645741.5462948,raw_power_only,0,5612388.650448
cleanStatic,train,34,34.00853864,9,19,849963466,850463466,5612388.650448,4645741.5462948,analytic_sparse_k3,3,0.08135162657034145
cleanStatic,train,34,34.00853864,9,19,849963466,850463466,5612388.650448,4645741.5462948,uniform_k3,3,0.47307413054918906
cleanStatic,train,34,34.00853864,9,19,849963466,850463466,5612388.650448,4645741.5462948,shuffled_k3,3,0.14005733957170982
cleanStatic,train,34,34.00853864,9,19,849963466,850463466,5612388.650448,4645741.5462948,analytic_sparse_k5,5,0.33901528652317126
cleanStatic,train,34,34.00853864,9,19,849963466,850463466,5612388.650448,4645741.5462948,uniform_k5,5,0.17159050365155326
cleanStatic,train,34,34.00853864,9,19,849963466,850463466,5612388.650448,4645741.5462948,shuffled_k5,5,0.17645912165278377
cleanStatic,train,34,34.00853864,9,19,849963466,850463466,5612388.650448,4645741.5462948,analytic_sparse_k9,9,0.2165384979277657
cleanStatic,train,34,34.00853864,9,19,849963466,850463466,5612388.650448,4645741.5462948,uniform_k9,9,0.06980432653792518
cleanStatic,train,34,34.00853864,9,19,849963466,850463466,5612388.650448,4645741.5462948,shuffled_k9,9,0.27113444923289864
cleanStatic,train,34,34.00853864,9,19,849963466,850463466,5612388.650448,4645741.5462948,ai_sparse_k3,3,0.8037096196963325
cleanStatic,train,34,34.00853864,9,19,849963466,850463466,5612388.650448,4645741.5462948,pg_scc_k3,3,0.17968821208256033
cleanStatic,train,34,34.00853864,9,19,849963466,850463466,5612388.650448,4645741.5462948,ai_sparse_k5,5,0.7723726439152415
cleanStatic,train,34,34.00853864,9,19,849963466,850463466,5612388.650448,4645741.5462948,pg_scc_k5,5,0.3228494260552363
cleanStatic,train,34,34.00853864,9,19,849963466,850463466,5612388.650448,4645741.5462948,ai_sparse_k9,9,0.20379612826896695
cleanStatic,train,34,34.00853864,9,19,849963466,850463466,5612388.650448,4645741.5462948,pg_scc_k9,9,0.11975856986701741
cleanStatic,train,34,34.00853864,9,19,849963466,850463466,5612388.650448,4645741.5462948,epl3,3,0.3091492075846564
cleanStatic,train,34,34.00853864,9,19,849963466,850463466,5612388.650448,4645741.5462948,fixed9,9,0.18090354686023993
cleanStatic,train,34,34.00853864,9,19,849963466,850463466,5612388.650448,4645741.5462948,random1_k3,3,0.16765695973153227
cleanStatic,train,34,34.00853864,9,19,849963466,850463466,5612388.650448,4645741.5462948,random2_k3,3,0.1706107575278543
cleanStatic,train,34,34.00853864,9,19,849963466,850463466,5612388.650448,4645741.5462948,random3_k3,3,0.149433999515486
cleanStatic,train,34,34.00853864,9,19,849963466,850463466,5612388.650448,4645741.5462948,random4_k3,3,0.11237189165177719
cleanStatic,train,34,34.00853864,9,19,849963466,850463466,5612388.650448,4645741.5462948,random5_k3,3,0.5024454930268928
cleanStatic,train,34,34.00853864,9,19,849963466,850463466,5612388.650448,4645741.5462948,random1_k5,5,0.2560491151505392
cleanStatic,train,34,34.00853864,9,19,849963466,850463466,5612388.650448,4645741.5462948,random2_k5,5,0.26555142737478954
cleanStatic,train,34,34.00853864,9,19,849963466,850463466,5612388.650448,4645741.5462948,random3_k5,5,0.4066647558264096
cleanStatic,train,34,34.00853864,9,19,849963466,850463466,5612388.650448,4645741.5462948,random4_k5,5,0.08320059350137399
cleanStatic,train,34,34.00853864,9,19,849963466,850463466,5612388.650448,4645741.5462948,random5_k5,5,0.4325982164328481
cleanStatic,train,34,34.00853864,9,19,849963466,850463466,5612388.650448,4645741.5462948,random1_k9,9,0.9515005272857481
cleanStatic,train,34,34.00853864,9,19,849963466,850463466,5612388.650448,4645741.5462948,random2_k9,9,0.09193657738196842
cleanStatic,train,34,34.00853864,9,19,849963466,850463466,5612388.650448,4645741.5462948,random3_k9,9,0.24975063733759845
cleanStatic,train,34,34.00853864,9,19,849963466,850463466,5612388.650448,4645741.5462948,random4_k9,9,0.07415796659617563
cleanStatic,train,34,34.00853864,9,19,849963466,850463466,5612388.650448,4645741.5462948,random5_k9,9,0.10590843008773534
cleanStatic,train,34,33.99061064,10,23,849515266,850015266,5596248.0910760015,6757630.007978322,dense_two_source_glrt,187,0.04451121918749937
cleanStatic,train,34,33.99061064,10,23,849515266,850015266,5596248.0910760015,6757630.007978322,dense_one_source_residual,187,0.13423087303991896
cleanStatic,train,34,33.99061064,10,23,849515266,850015266,5596248.0910760015,6757630.007978322,raw_power_only,0,5596248.0910760015
cleanStatic,train,34,33.99061064,10,23,849515266,850015266,5596248.0910760015,6757630.007978322,analytic_sparse_k3,3,0.043068602470780516
cleanStatic,train,34,33.99061064,10,23,849515266,850015266,5596248.0910760015,6757630.007978322,uniform_k3,3,0.11762273462699402
cleanStatic,train,34,33.99061064,10,23,849515266,850015266,5596248.0910760015,6757630.007978322,shuffled_k3,3,0.17987845894607032
cleanStatic,train,34,33.99061064,10,23,849515266,850015266,5596248.0910760015,6757630.007978322,analytic_sparse_k5,5,0.051557314237140814
cleanStatic,train,34,33.99061064,10,23,849515266,850015266,5596248.0910760015,6757630.007978322,uniform_k5,5,0.07082295956135765
cleanStatic,train,34,33.99061064,10,23,849515266,850015266,5596248.0910760015,6757630.007978322,shuffled_k5,5,0.1243614578706849
cleanStatic,train,34,33.99061064,10,23,849515266,850015266,5596248.0910760015,6757630.007978322,analytic_sparse_k9,9,0.0525609673979228
cleanStatic,train,34,33.99061064,10,23,849515266,850015266,5596248.0910760015,6757630.007978322,uniform_k9,9,0.041369589262126416
cleanStatic,train,34,33.99061064,10,23,849515266,850015266,5596248.0910760015,6757630.007978322,shuffled_k9,9,0.016590270316473907
cleanStatic,train,34,33.99061064,10,23,849515266,850015266,5596248.0910760015,6757630.007978322,ai_sparse_k3,3,0.06320145521014553
cleanStatic,train,34,33.99061064,10,23,849515266,850015266,5596248.0910760015,6757630.007978322,pg_scc_k3,3,0.057820222735396366
cleanStatic,train,34,33.99061064,10,23,849515266,850015266,5596248.0910760015,6757630.007978322,ai_sparse_k5,5,0.09295935867057005
cleanStatic,train,34,33.99061064,10,23,849515266,850015266,5596248.0910760015,6757630.007978322,pg_scc_k5,5,0.07320666863554294
cleanStatic,train,34,33.99061064,10,23,849515266,850015266,5596248.0910760015,6757630.007978322,ai_sparse_k9,9,0.10540305575630717
cleanStatic,train,34,33.99061064,10,23,849515266,850015266,5596248.0910760015,6757630.007978322,pg_scc_k9,9,0.08572337899204849
cleanStatic,train,34,33.99061064,10,23,849515266,850015266,5596248.0910760015,6757630.007978322,epl3,3,0.05308947839656874
cleanStatic,train,34,33.99061064,10,23,849515266,850015266,5596248.0910760015,6757630.007978322,fixed9,9,0.016419443430704776
cleanStatic,train,34,33.99061064,10,23,849515266,850015266,5596248.0910760015,6757630.007978322,random1_k3,3,0.05995629855328068
cleanStatic,train,34,33.99061064,10,23,849515266,850015266,5596248.0910760015,6757630.007978322,random2_k3,3,0.16158984525874756
cleanStatic,train,34,33.99061064,10,23,849515266,850015266,5596248.0910760015,6757630.007978322,random3_k3,3,0.012318890018715398
cleanStatic,train,34,33.99061064,10,23,849515266,850015266,5596248.0910760015,6757630.007978322,random4_k3,3,0.03294430938575716
cleanStatic,train,34,33.99061064,10,23,849515266,850015266,5596248.0910760015,6757630.007978322,random5_k3,3,0.10676819015913534
cleanStatic,train,34,33.99061064,10,23,849515266,850015266,5596248.0910760015,6757630.007978322,random1_k5,5,0.13297592752639067
cleanStatic,train,34,33.99061064,10,23,849515266,850015266,5596248.0910760015,6757630.007978322,random2_k5,5,0.025539772237879167
cleanStatic,train,34,33.99061064,10,23,849515266,850015266,5596248.0910760015,6757630.007978322,random3_k5,5,0.06993034725155048
cleanStatic,train,34,33.99061064,10,23,849515266,850015266,5596248.0910760015,6757630.007978322,random4_k5,5,0.029705297610030823
cleanStatic,train,34,33.99061064,10,23,849515266,850015266,5596248.0910760015,6757630.007978322,random5_k5,5,0.010510440553828118
cleanStatic,train,34,33.99061064,10,23,849515266,850015266,5596248.0910760015,6757630.007978322,random1_k9,9,0.05635623739961685
cleanStatic,train,34,33.99061064,10,23,849515266,850015266,5596248.0910760015,6757630.007978322,random2_k9,9,0.07742797817008971
cleanStatic,train,34,33.99061064,10,23,849515266,850015266,5596248.0910760015,6757630.007978322,random3_k9,9,0.06970325598186262
cleanStatic,train,34,33.99061064,10,23,849515266,850015266,5596248.0910760015,6757630.007978322,random4_k9,9,0.02174036365134601
cleanStatic,train,34,33.99061064,10,23,849515266,850015266,5596248.0910760015,6757630.007978322,random5_k9,9,0.040922587554009376
cleanStatic,train,36,35.9952672,0,16,899631680,900131680,5573578.310830001,5706204.322686782,dense_two_source_glrt,187,0.023150981325888487
cleanStatic,train,36,35.9952672,0,16,899631680,900131680,5573578.310830001,5706204.322686782,dense_one_source_residual,187,0.25751677209686546
cleanStatic,train,36,35.9952672,0,16,899631680,900131680,5573578.310830001,5706204.322686782,raw_power_only,0,5573578.310830001
cleanStatic,train,36,35.9952672,0,16,899631680,900131680,5573578.310830001,5706204.322686782,analytic_sparse_k3,3,0.05672851462334516
cleanStatic,train,36,35.9952672,0,16,899631680,900131680,5573578.310830001,5706204.322686782,uniform_k3,3,0.37722945394835716
cleanStatic,train,36,35.9952672,0,16,899631680,900131680,5573578.310830001,5706204.322686782,shuffled_k3,3,0.014775234547041147
cleanStatic,train,36,35.9952672,0,16,899631680,900131680,5573578.310830001,5706204.322686782,analytic_sparse_k5,5,0.0682958204248083
cleanStatic,train,36,35.9952672,0,16,899631680,900131680,5573578.310830001,5706204.322686782,uniform_k5,5,0.21370855136114786
cleanStatic,train,36,35.9952672,0,16,899631680,900131680,5573578.310830001,5706204.322686782,shuffled_k5,5,0.09761617536222528
cleanStatic,train,36,35.9952672,0,16,899631680,900131680,5573578.310830001,5706204.322686782,analytic_sparse_k9,9,0.11836747672576646
cleanStatic,train,36,35.9952672,0,16,899631680,900131680,5573578.310830001,5706204.322686782,uniform_k9,9,0.041958946473627634
cleanStatic,train,36,35.9952672,0,16,899631680,900131680,5573578.310830001,5706204.322686782,shuffled_k9,9,0.10209885296153745
cleanStatic,train,36,35.9952672,0,16,899631680,900131680,5573578.310830001,5706204.322686782,ai_sparse_k3,3,0.23789122562547682
cleanStatic,train,36,35.9952672,0,16,899631680,900131680,5573578.310830001,5706204.322686782,pg_scc_k3,3,0.2908091354212468
cleanStatic,train,36,35.9952672,0,16,899631680,900131680,5573578.310830001,5706204.322686782,ai_sparse_k5,5,0.25460174940993785
cleanStatic,train,36,35.9952672,0,16,899631680,900131680,5573578.310830001,5706204.322686782,pg_scc_k5,5,0.07672553125730612
cleanStatic,train,36,35.9952672,0,16,899631680,900131680,5573578.310830001,5706204.322686782,ai_sparse_k9,9,0.21874307700397505
cleanStatic,train,36,35.9952672,0,16,899631680,900131680,5573578.310830001,5706204.322686782,pg_scc_k9,9,0.12535348052904993
cleanStatic,train,36,35.9952672,0,16,899631680,900131680,5573578.310830001,5706204.322686782,epl3,3,0.11864223570886762
cleanStatic,train,36,35.9952672,0,16,899631680,900131680,5573578.310830001,5706204.322686782,fixed9,9,0.09647871388910922
cleanStatic,train,36,35.9952672,0,16,899631680,900131680,5573578.310830001,5706204.322686782,random1_k3,3,0.08707251685571633
cleanStatic,train,36,35.9952672,0,16,899631680,900131680,5573578.310830001,5706204.322686782,random2_k3,3,0.14103536913230838
cleanStatic,train,36,35.9952672,0,16,899631680,900131680,5573578.310830001,5706204.322686782,random3_k3,3,0.029190385861646285
cleanStatic,train,36,35.9952672,0,16,899631680,900131680,5573578.310830001,5706204.322686782,random4_k3,3,0.11554995369532288
cleanStatic,train,36,35.9952672,0,16,899631680,900131680,5573578.310830001,5706204.322686782,random5_k3,3,0.37216934843837013
cleanStatic,train,36,35.9952672,0,16,899631680,900131680,5573578.310830001,5706204.322686782,random1_k5,5,0.04479614598431277
cleanStatic,train,36,35.9952672,0,16,899631680,900131680,5573578.310830001,5706204.322686782,random2_k5,5,0.04553075672160669
cleanStatic,train,36,35.9952672,0,16,899631680,900131680,5573578.310830001,5706204.322686782,random3_k5,5,0.22844048709753473
cleanStatic,train,36,35.9952672,0,16,899631680,900131680,5573578.310830001,5706204.322686782,random4_k5,5,0.04913175741953954
cleanStatic,train,36,35.9952672,0,16,899631680,900131680,5573578.310830001,5706204.322686782,random5_k5,5,0.0876112164476563
cleanStatic,train,36,35.9952672,0,16,899631680,900131680,5573578.310830001,5706204.322686782,random1_k9,9,0.09360579402592187
cleanStatic,train,36,35.9952672,0,16,899631680,900131680,5573578.310830001,5706204.322686782,random2_k9,9,0.024091424974893534
cleanStatic,train,36,35.9952672,0,16,899631680,900131680,5573578.310830001,5706204.322686782,random3_k9,9,0.04320639358908118
cleanStatic,train,36,35.9952672,0,16,899631680,900131680,5573578.310830001,5706204.322686782,random4_k9,9,0.04922723457786842
cleanStatic,train,36,35.9952672,0,16,899631680,900131680,5573578.310830001,5706204.322686782,random5_k9,9,0.05912671865736671
cleanStatic,train,36,36.0005516,2,3,899763790,900263790,5563596.312348001,5847608.767889614,dense_two_source_glrt,187,0.08086296429787736
cleanStatic,train,36,36.0005516,2,3,899763790,900263790,5563596.312348001,5847608.767889614,dense_one_source_residual,187,0.47059384616830424
cleanStatic,train,36,36.0005516,2,3,899763790,900263790,5563596.312348001,5847608.767889614,raw_power_only,0,5563596.312348001
cleanStatic,train,36,36.0005516,2,3,899763790,900263790,5563596.312348001,5847608.767889614,analytic_sparse_k3,3,0.6259651455878127
cleanStatic,train,36,36.0005516,2,3,899763790,900263790,5563596.312348001,5847608.767889614,uniform_k3,3,0.2620367946793502
cleanStatic,train,36,36.0005516,2,3,899763790,900263790,5563596.312348001,5847608.767889614,shuffled_k3,3,0.23600301347675337
cleanStatic,train,36,36.0005516,2,3,899763790,900263790,5563596.312348001,5847608.767889614,analytic_sparse_k5,5,0.404801114836966
cleanStatic,train,36,36.0005516,2,3,899763790,900263790,5563596.312348001,5847608.767889614,uniform_k5,5,0.04968298765867694
cleanStatic,train,36,36.0005516,2,3,899763790,900263790,5563596.312348001,5847608.767889614,shuffled_k5,5,0.35608333861313957
cleanStatic,train,36,36.0005516,2,3,899763790,900263790,5563596.312348001,5847608.767889614,analytic_sparse_k9,9,0.23628537525479837
cleanStatic,train,36,36.0005516,2,3,899763790,900263790,5563596.312348001,5847608.767889614,uniform_k9,9,0.07394067768703533
cleanStatic,train,36,36.0005516,2,3,899763790,900263790,5563596.312348001,5847608.767889614,shuffled_k9,9,0.1825586930975017
cleanStatic,train,36,36.0005516,2,3,899763790,900263790,5563596.312348001,5847608.767889614,ai_sparse_k3,3,0.18243884439445215
cleanStatic,train,36,36.0005516,2,3,899763790,900263790,5563596.312348001,5847608.767889614,pg_scc_k3,3,0.07140782140981482
cleanStatic,train,36,36.0005516,2,3,899763790,900263790,5563596.312348001,5847608.767889614,ai_sparse_k5,5,0.24896495035112567
cleanStatic,train,36,36.0005516,2,3,899763790,900263790,5563596.312348001,5847608.767889614,pg_scc_k5,5,0.11591735850551706
cleanStatic,train,36,36.0005516,2,3,899763790,900263790,5563596.312348001,5847608.767889614,ai_sparse_k9,9,0.14705217214094254
cleanStatic,train,36,36.0005516,2,3,899763790,900263790,5563596.312348001,5847608.767889614,pg_scc_k9,9,0.11652636452635523
cleanStatic,train,36,36.0005516,2,3,899763790,900263790,5563596.312348001,5847608.767889614,epl3,3,0.281452562141619
cleanStatic,train,36,36.0005516,2,3,899763790,900263790,5563596.312348001,5847608.767889614,fixed9,9,0.19642714541625825
cleanStatic,train,36,36.0005516,2,3,899763790,900263790,5563596.312348001,5847608.767889614,random1_k3,3,0.15414262723521194
cleanStatic,train,36,36.0005516,2,3,899763790,900263790,5563596.312348001,5847608.767889614,random2_k3,3,0.22050078282705599
cleanStatic,train,36,36.0005516,2,3,899763790,900263790,5563596.312348001,5847608.767889614,random3_k3,3,0.03305470600589306
cleanStatic,train,36,36.0005516,2,3,899763790,900263790,5563596.312348001,5847608.767889614,random4_k3,3,0.3052357372148388
cleanStatic,train,36,36.0005516,2,3,899763790,900263790,5563596.312348001,5847608.767889614,random5_k3,3,0.17795940166146518
cleanStatic,train,36,36.0005516,2,3,899763790,900263790,5563596.312348001,5847608.767889614,random1_k5,5,0.1611198773627307
cleanStatic,train,36,36.0005516,2,3,899763790,900263790,5563596.312348001,5847608.767889614,random2_k5,5,0.19742437695451717
cleanStatic,train,36,36.0005516,2,3,899763790,900263790,5563596.312348001,5847608.767889614,random3_k5,5,0.22353765348012775
cleanStatic,train,36,36.0005516,2,3,899763790,900263790,5563596.312348001,5847608.767889614,random4_k5,5,0.3165983400754791
cleanStatic,train,36,36.0005516,2,3,899763790,900263790,5563596.312348001,5847608.767889614,random5_k5,5,0.2700363237495885
cleanStatic,train,36,36.0005516,2,3,899763790,900263790,5563596.312348001,5847608.767889614,random1_k9,9,0.3356937246124392
cleanStatic,train,36,36.0005516,2,3,899763790,900263790,5563596.312348001,5847608.767889614,random2_k9,9,0.1616059674381397
cleanStatic,train,36,36.0005516,2,3,899763790,900263790,5563596.312348001,5847608.767889614,random3_k9,9,0.1875771854275795
cleanStatic,train,36,36.0005516,2,3,899763790,900263790,5563596.312348001,5847608.767889614,random4_k9,9,0.1403599751142583
cleanStatic,train,36,36.0005516,2,3,899763790,900263790,5563596.312348001,5847608.767889614,random5_k9,9,0.03747199675149826
cleanStatic,train,36,35.99031344,3,20,899507836,900007836,5585709.945478001,2144618.902778699,dense_two_source_glrt,187,0.30103205517292203
cleanStatic,train,36,35.99031344,3,20,899507836,900007836,5585709.945478001,2144618.902778699,dense_one_source_residual,187,1.3587584307667988
cleanStatic,train,36,35.99031344,3,20,899507836,900007836,5585709.945478001,2144618.902778699,raw_power_only,0,5585709.945478001
cleanStatic,train,36,35.99031344,3,20,899507836,900007836,5585709.945478001,2144618.902778699,analytic_sparse_k3,3,1.0028493464348491
cleanStatic,train,36,35.99031344,3,20,899507836,900007836,5585709.945478001,2144618.902778699,uniform_k3,3,0.2894140771951322
cleanStatic,train,36,35.99031344,3,20,899507836,900007836,5585709.945478001,2144618.902778699,shuffled_k3,3,1.0291373807972046
cleanStatic,train,36,35.99031344,3,20,899507836,900007836,5585709.945478001,2144618.902778699,analytic_sparse_k5,5,0.8094861315693554
cleanStatic,train,36,35.99031344,3,20,899507836,900007836,5585709.945478001,2144618.902778699,uniform_k5,5,0.21619018605566015
cleanStatic,train,36,35.99031344,3,20,899507836,900007836,5585709.945478001,2144618.902778699,shuffled_k5,5,1.3239568968056363
cleanStatic,train,36,35.99031344,3,20,899507836,900007836,5585709.945478001,2144618.902778699,analytic_sparse_k9,9,0.5083521424143755
cleanStatic,train,36,35.99031344,3,20,899507836,900007836,5585709.945478001,2144618.902778699,uniform_k9,9,0.1990455500043364
cleanStatic,train,36,35.99031344,3,20,899507836,900007836,5585709.945478001,2144618.902778699,shuffled_k9,9,0.9216060104766226
cleanStatic,train,36,35.99031344,3,20,899507836,900007836,5585709.945478001,2144618.902778699,ai_sparse_k3,3,0.3212139471833856
cleanStatic,train,36,35.99031344,3,20,899507836,900007836,5585709.945478001,2144618.902778699,pg_scc_k3,3,0.4177043411560781
cleanStatic,train,36,35.99031344,3,20,899507836,900007836,5585709.945478001,2144618.902778699,ai_sparse_k5,5,0.6214014829554276
cleanStatic,train,36,35.99031344,3,20,899507836,900007836,5585709.945478001,2144618.902778699,pg_scc_k5,5,0.9052611836322573
cleanStatic,train,36,35.99031344,3,20,899507836,900007836,5585709.945478001,2144618.902778699,ai_sparse_k9,9,0.531215312484282
cleanStatic,train,36,35.99031344,3,20,899507836,900007836,5585709.945478001,2144618.902778699,pg_scc_k9,9,0.7110448471509878
cleanStatic,train,36,35.99031344,3,20,899507836,900007836,5585709.945478001,2144618.902778699,epl3,3,0.9501311699258271
cleanStatic,train,36,35.99031344,3,20,899507836,900007836,5585709.945478001,2144618.902778699,fixed9,9,0.38598156018801155
cleanStatic,train,36,35.99031344,3,20,899507836,900007836,5585709.945478001,2144618.902778699,random1_k3,3,1.273438819557901
cleanStatic,train,36,35.99031344,3,20,899507836,900007836,5585709.945478001,2144618.902778699,random2_k3,3,0.220029586216965
cleanStatic,train,36,35.99031344,3,20,899507836,900007836,5585709.945478001,2144618.902778699,random3_k3,3,0.6009001224893425
cleanStatic,train,36,35.99031344,3,20,899507836,900007836,5585709.945478001,2144618.902778699,random4_k3,3,0.15476296725779573
cleanStatic,train,36,35.99031344,3,20,899507836,900007836,5585709.945478001,2144618.902778699,random5_k3,3,1.6312920390861507
cleanStatic,train,36,35.99031344,3,20,899507836,900007836,5585709.945478001,2144618.902778699,random1_k5,5,0.4280754636948768
cleanStatic,train,36,35.99031344,3,20,899507836,900007836,5585709.945478001,2144618.902778699,random2_k5,5,1.0501760254452595
cleanStatic,train,36,35.99031344,3,20,899507836,900007836,5585709.945478001,2144618.902778699,random3_k5,5,0.44686252980076163
cleanStatic,train,36,35.99031344,3,20,899507836,900007836,5585709.945478001,2144618.902778699,random4_k5,5,0.13404215453246057
cleanStatic,train,36,35.99031344,3,20,899507836,900007836,5585709.945478001,2144618.902778699,random5_k5,5,0.643207865748121
cleanStatic,train,36,35.99031344,3,20,899507836,900007836,5585709.945478001,2144618.902778699,random1_k9,9,0.5195891479436575
cleanStatic,train,36,35.99031344,3,20,899507836,900007836,5585709.945478001,2144618.902778699,random2_k9,9,0.4276249926347144
cleanStatic,train,36,35.99031344,3,20,899507836,900007836,5585709.945478001,2144618.902778699,random3_k9,9,0.8157255577930544
cleanStatic,train,36,35.99031344,3,20,899507836,900007836,5585709.945478001,2144618.902778699,random4_k9,9,0.4590245044885136
cleanStatic,train,36,35.99031344,3,20,899507836,900007836,5585709.945478001,2144618.902778699,random5_k9,9,0.1484019037251873
cleanStatic,train,36,36.0586192,4,30,901215480,901715480,5587816.215254,2374477.9065854484,dense_two_source_glrt,187,0.3460660398972487
cleanStatic,train,36,36.0586192,4,30,901215480,901715480,5587816.215254,2374477.9065854484,dense_one_source_residual,187,2.0655288239319405
cleanStatic,train,36,36.0586192,4,30,901215480,901715480,5587816.215254,2374477.9065854484,raw_power_only,0,5587816.215254
cleanStatic,train,36,36.0586192,4,30,901215480,901715480,5587816.215254,2374477.9065854484,analytic_sparse_k3,3,0.8912542247169043
cleanStatic,train,36,36.0586192,4,30,901215480,901715480,5587816.215254,2374477.9065854484,uniform_k3,3,2.9825154537236678
cleanStatic,train,36,36.0586192,4,30,901215480,901715480,5587816.215254,2374477.9065854484,shuffled_k3,3,1.7792618786350445
cleanStatic,train,36,36.0586192,4,30,901215480,901715480,5587816.215254,2374477.9065854484,analytic_sparse_k5,5,1.085557253042955
cleanStatic,train,36,36.0586192,4,30,901215480,901715480,5587816.215254,2374477.9065854484,uniform_k5,5,0.8503186703398968
cleanStatic,train,36,36.0586192,4,30,901215480,901715480,5587816.215254,2374477.9065854484,shuffled_k5,5,0.8537224017108065
cleanStatic,train,36,36.0586192,4,30,901215480,901715480,5587816.215254,2374477.9065854484,analytic_sparse_k9,9,1.0193496504346529
cleanStatic,train,36,36.0586192,4,30,901215480,901715480,5587816.215254,2374477.9065854484,uniform_k9,9,0.8541816702977852
cleanStatic,train,36,36.0586192,4,30,901215480,901715480,5587816.215254,2374477.9065854484,shuffled_k9,9,0.21541650107761492
cleanStatic,train,36,36.0586192,4,30,901215480,901715480,5587816.215254,2374477.9065854484,ai_sparse_k3,3,0.2613373878123261
cleanStatic,train,36,36.0586192,4,30,901215480,901715480,5587816.215254,2374477.9065854484,pg_scc_k3,3,0.2679010834817346
cleanStatic,train,36,36.0586192,4,30,901215480,901715480,5587816.215254,2374477.9065854484,ai_sparse_k5,5,0.16796840284112804
cleanStatic,train,36,36.0586192,4,30,901215480,901715480,5587816.215254,2374477.9065854484,pg_scc_k5,5,0.44414754255078803
cleanStatic,train,36,36.0586192,4,30,901215480,901715480,5587816.215254,2374477.9065854484,ai_sparse_k9,9,0.38630251243664837
cleanStatic,train,36,36.0586192,4,30,901215480,901715480,5587816.215254,2374477.9065854484,pg_scc_k9,9,0.7725007666423256
cleanStatic,train,36,36.0586192,4,30,901215480,901715480,5587816.215254,2374477.9065854484,epl3,3,0.8631848076278631
cleanStatic,train,36,36.0586192,4,30,901215480,901715480,5587816.215254,2374477.9065854484,fixed9,9,0.6428776182478055
cleanStatic,train,36,36.0586192,4,30,901215480,901715480,5587816.215254,2374477.9065854484,random1_k3,3,1.2660859880939719
cleanStatic,train,36,36.0586192,4,30,901215480,901715480,5587816.215254,2374477.9065854484,random2_k3,3,0.8749707167054525
cleanStatic,train,36,36.0586192,4,30,901215480,901715480,5587816.215254,2374477.9065854484,random3_k3,3,0.5230687265209896
cleanStatic,train,36,36.0586192,4,30,901215480,901715480,5587816.215254,2374477.9065854484,random4_k3,3,1.8849733660547654
cleanStatic,train,36,36.0586192,4,30,901215480,901715480,5587816.215254,2374477.9065854484,random5_k3,3,0.060646347184590686
cleanStatic,train,36,36.0586192,4,30,901215480,901715480,5587816.215254,2374477.9065854484,random1_k5,5,0.3224566964545545
cleanStatic,train,36,36.0586192,4,30,901215480,901715480,5587816.215254,2374477.9065854484,random2_k5,5,1.4006673783705665
cleanStatic,train,36,36.0586192,4,30,901215480,901715480,5587816.215254,2374477.9065854484,random3_k5,5,0.6638771329790831
cleanStatic,train,36,36.0586192,4,30,901215480,901715480,5587816.215254,2374477.9065854484,random4_k5,5,0.46464439804923163
cleanStatic,train,36,36.0586192,4,30,901215480,901715480,5587816.215254,2374477.9065854484,random5_k5,5,0.5064062660038043
cleanStatic,train,36,36.0586192,4,30,901215480,901715480,5587816.215254,2374477.9065854484,random1_k9,9,0.24675154038599542
cleanStatic,train,36,36.0586192,4,30,901215480,901715480,5587816.215254,2374477.9065854484,random2_k9,9,0.7945533413631048
cleanStatic,train,36,36.0586192,4,30,901215480,901715480,5587816.215254,2374477.9065854484,random3_k9,9,0.4557781860319139
cleanStatic,train,36,36.0586192,4,30,901215480,901715480,5587816.215254,2374477.9065854484,random4_k9,9,1.0470376495601295
cleanStatic,train,36,36.0586192,4,30,901215480,901715480,5587816.215254,2374477.9065854484,random5_k9,9,0.6994016304249984
cleanStatic,train,36,35.99065356,5,6,899516339,900016339,5584876.021614,4668113.744179783,dense_two_source_glrt,187,0.15591856282222538
cleanStatic,train,36,35.99065356,5,6,899516339,900016339,5584876.021614,4668113.744179783,dense_one_source_residual,187,0.45584095971338995
cleanStatic,train,36,35.99065356,5,6,899516339,900016339,5584876.021614,4668113.744179783,raw_power_only,0,5584876.021614
cleanStatic,train,36,35.99065356,5,6,899516339,900016339,5584876.021614,4668113.744179783,analytic_sparse_k3,3,0.3652995895585805
cleanStatic,train,36,35.99065356,5,6,899516339,900016339,5584876.021614,4668113.744179783,uniform_k3,3,0.2878957759715737
cleanStatic,train,36,35.99065356,5,6,899516339,900016339,5584876.021614,4668113.744179783,shuffled_k3,3,0.2035840363051449
cleanStatic,train,36,35.99065356,5,6,899516339,900016339,5584876.021614,4668113.744179783,analytic_sparse_k5,5,0.2552586537643139
cleanStatic,train,36,35.99065356,5,6,899516339,900016339,5584876.021614,4668113.744179783,uniform_k5,5,0.14822750203655555
cleanStatic,train,36,35.99065356,5,6,899516339,900016339,5584876.021614,4668113.744179783,shuffled_k5,5,0.12169155737081017
cleanStatic,train,36,35.99065356,5,6,899516339,900016339,5584876.021614,4668113.744179783,analytic_sparse_k9,9,0.10246748570658326
cleanStatic,train,36,35.99065356,5,6,899516339,900016339,5584876.021614,4668113.744179783,uniform_k9,9,0.06407351474610283
cleanStatic,train,36,35.99065356,5,6,899516339,900016339,5584876.021614,4668113.744179783,shuffled_k9,9,0.05274821532011344
cleanStatic,train,36,35.99065356,5,6,899516339,900016339,5584876.021614,4668113.744179783,ai_sparse_k3,3,0.1364351666627105
cleanStatic,train,36,35.99065356,5,6,899516339,900016339,5584876.021614,4668113.744179783,pg_scc_k3,3,0.08615829816060576
cleanStatic,train,36,35.99065356,5,6,899516339,900016339,5584876.021614,4668113.744179783,ai_sparse_k5,5,0.21812022870593845
cleanStatic,train,36,35.99065356,5,6,899516339,900016339,5584876.021614,4668113.744179783,pg_scc_k5,5,0.13856620737664757
cleanStatic,train,36,35.99065356,5,6,899516339,900016339,5584876.021614,4668113.744179783,ai_sparse_k9,9,0.08937484401156912
cleanStatic,train,36,35.99065356,5,6,899516339,900016339,5584876.021614,4668113.744179783,pg_scc_k9,9,0.20599318595240426
cleanStatic,train,36,35.99065356,5,6,899516339,900016339,5584876.021614,4668113.744179783,epl3,3,0.17870261255191086
cleanStatic,train,36,35.99065356,5,6,899516339,900016339,5584876.021614,4668113.744179783,fixed9,9,0.06076448467156502
cleanStatic,train,36,35.99065356,5,6,899516339,900016339,5584876.021614,4668113.744179783,random1_k3,3,0.10795305072645504
cleanStatic,train,36,35.99065356,5,6,899516339,900016339,5584876.021614,4668113.744179783,random2_k3,3,0.17900050093816736
cleanStatic,train,36,35.99065356,5,6,899516339,900016339,5584876.021614,4668113.744179783,random3_k3,3,0.48979360831321
cleanStatic,train,36,35.99065356,5,6,899516339,900016339,5584876.021614,4668113.744179783,random4_k3,3,0.5224168225792796
cleanStatic,train,36,35.99065356,5,6,899516339,900016339,5584876.021614,4668113.744179783,random5_k3,3,0.08592969746939622
cleanStatic,train,36,35.99065356,5,6,899516339,900016339,5584876.021614,4668113.744179783,random1_k5,5,0.48729797133132635
cleanStatic,train,36,35.99065356,5,6,899516339,900016339,5584876.021614,4668113.744179783,random2_k5,5,0.36630885767325144
cleanStatic,train,36,35.99065356,5,6,899516339,900016339,5584876.021614,4668113.744179783,random3_k5,5,0.18466325830483912
cleanStatic,train,36,35.99065356,5,6,899516339,900016339,5584876.021614,4668113.744179783,random4_k5,5,0.38845923451193237
cleanStatic,train,36,35.99065356,5,6,899516339,900016339,5584876.021614,4668113.744179783,random5_k5,5,0.1120708107665404
cleanStatic,train,36,35.99065356,5,6,899516339,900016339,5584876.021614,4668113.744179783,random1_k9,9,0.35041200051059485
cleanStatic,train,36,35.99065356,5,6,899516339,900016339,5584876.021614,4668113.744179783,random2_k9,9,0.14068843278146836
cleanStatic,train,36,35.99065356,5,6,899516339,900016339,5584876.021614,4668113.744179783,random3_k9,9,0.04494002333293453
cleanStatic,train,36,35.99065356,5,6,899516339,900016339,5584876.021614,4668113.744179783,random4_k9,9,0.08576984906079704
cleanStatic,train,36,35.99065356,5,6,899516339,900016339,5584876.021614,4668113.744179783,random5_k9,9,0.05338201191081433
cleanStatic,train,36,35.9902152,6,7,899505380,900005380,5585135.57169,4274370.090525133,dense_two_source_glrt,187,0.14850700849349827
cleanStatic,train,36,35.9902152,6,7,899505380,900005380,5585135.57169,4274370.090525133,dense_one_source_residual,187,0.91200610772629
cleanStatic,train,36,35.9902152,6,7,899505380,900005380,5585135.57169,4274370.090525133,raw_power_only,0,5585135.57169
cleanStatic,train,36,35.9902152,6,7,899505380,900005380,5585135.57169,4274370.090525133,analytic_sparse_k3,3,0.018783685153219445
cleanStatic,train,36,35.9902152,6,7,899505380,900005380,5585135.57169,4274370.090525133,uniform_k3,3,0.7308781960856948
cleanStatic,train,36,35.9902152,6,7,899505380,900005380,5585135.57169,4274370.090525133,shuffled_k3,3,0.0794673763414256
cleanStatic,train,36,35.9902152,6,7,899505380,900005380,5585135.57169,4274370.090525133,analytic_sparse_k5,5,0.21036802857675427
cleanStatic,train,36,35.9902152,6,7,899505380,900005380,5585135.57169,4274370.090525133,uniform_k5,5,0.6480682298581174
cleanStatic,train,36,35.9902152,6,7,899505380,900005380,5585135.57169,4274370.090525133,shuffled_k5,5,0.46619617843147976
cleanStatic,train,36,35.9902152,6,7,899505380,900005380,5585135.57169,4274370.090525133,analytic_sparse_k9,9,0.2355338546259277
cleanStatic,train,36,35.9902152,6,7,899505380,900005380,5585135.57169,4274370.090525133,uniform_k9,9,0.07233197134555673
cleanStatic,train,36,35.9902152,6,7,899505380,900005380,5585135.57169,4274370.090525133,shuffled_k9,9,0.5960197416601591
cleanStatic,train,36,35.9902152,6,7,899505380,900005380,5585135.57169,4274370.090525133,ai_sparse_k3,3,0.926581753905836
cleanStatic,train,36,35.9902152,6,7,899505380,900005380,5585135.57169,4274370.090525133,pg_scc_k3,3,0.8252764527106818
cleanStatic,train,36,35.9902152,6,7,899505380,900005380,5585135.57169,4274370.090525133,ai_sparse_k5,5,0.5639087735331029
cleanStatic,train,36,35.9902152,6,7,899505380,900005380,5585135.57169,4274370.090525133,pg_scc_k5,5,0.18625155691478373
cleanStatic,train,36,35.9902152,6,7,899505380,900005380,5585135.57169,4274370.090525133,ai_sparse_k9,9,0.45164582600165853
cleanStatic,train,36,35.9902152,6,7,899505380,900005380,5585135.57169,4274370.090525133,pg_scc_k9,9,0.174628574757611
cleanStatic,train,36,35.9902152,6,7,899505380,900005380,5585135.57169,4274370.090525133,epl3,3,0.8783490833543289
cleanStatic,train,36,35.9902152,6,7,899505380,900005380,5585135.57169,4274370.090525133,fixed9,9,0.8326366641541342
cleanStatic,train,36,35.9902152,6,7,899505380,900005380,5585135.57169,4274370.090525133,random1_k3,3,0.4317769051951115
cleanStatic,train,36,35.9902152,6,7,899505380,900005380,5585135.57169,4274370.090525133,random2_k3,3,0.3246545560666239
cleanStatic,train,36,35.9902152,6,7,899505380,900005380,5585135.57169,4274370.090525133,random3_k3,3,0.7066693072648592
cleanStatic,train,36,35.9902152,6,7,899505380,900005380,5585135.57169,4274370.090525133,random4_k3,3,0.5871976978754082
cleanStatic,train,36,35.9902152,6,7,899505380,900005380,5585135.57169,4274370.090525133,random5_k3,3,0.25331724171834585
cleanStatic,train,36,35.9902152,6,7,899505380,900005380,5585135.57169,4274370.090525133,random1_k5,5,0.29423087643758317
cleanStatic,train,36,35.9902152,6,7,899505380,900005380,5585135.57169,4274370.090525133,random2_k5,5,0.37814690212315527
cleanStatic,train,36,35.9902152,6,7,899505380,900005380,5585135.57169,4274370.090525133,random3_k5,5,0.6029991811091212
cleanStatic,train,36,35.9902152,6,7,899505380,900005380,5585135.57169,4274370.090525133,random4_k5,5,0.2117682804385535
cleanStatic,train,36,35.9902152,6,7,899505380,900005380,5585135.57169,4274370.090525133,random5_k5,5,0.5797645382331911
cleanStatic,train,36,35.9902152,6,7,899505380,900005380,5585135.57169,4274370.090525133,random1_k9,9,0.6730813977606128
cleanStatic,train,36,35.9902152,6,7,899505380,900005380,5585135.57169,4274370.090525133,random2_k9,9,0.038124193387333624
cleanStatic,train,36,35.9902152,6,7,899505380,900005380,5585135.57169,4274370.090525133,random3_k9,9,0.4717495654139027
cleanStatic,train,36,35.9902152,6,7,899505380,900005380,5585135.57169,4274370.090525133,random4_k9,9,0.2706660962688321
cleanStatic,train,36,35.9902152,6,7,899505380,900005380,5585135.57169,4274370.090525133,random5_k9,9,0.16754813750709177
cleanStatic,train,36,35.99038116,7,10,899509529,900009529,5585191.019944001,2338252.7330803983,dense_two_source_glrt,187,0.789229746881758
cleanStatic,train,36,35.99038116,7,10,899509529,900009529,5585191.019944001,2338252.7330803983,dense_one_source_residual,187,3.0285951507867432
cleanStatic,train,36,35.99038116,7,10,899509529,900009529,5585191.019944001,2338252.7330803983,raw_power_only,0,5585191.019944001
cleanStatic,train,36,35.99038116,7,10,899509529,900009529,5585191.019944001,2338252.7330803983,analytic_sparse_k3,3,0.03614726680240286
cleanStatic,train,36,35.99038116,7,10,899509529,900009529,5585191.019944001,2338252.7330803983,uniform_k3,3,0.32007794295713893
cleanStatic,train,36,35.99038116,7,10,899509529,900009529,5585191.019944001,2338252.7330803983,shuffled_k3,3,0.021220974924691258
cleanStatic,train,36,35.99038116,7,10,899509529,900009529,5585191.019944001,2338252.7330803983,analytic_sparse_k5,5,0.6647089691873547
cleanStatic,train,36,35.99038116,7,10,899509529,900009529,5585191.019944001,2338252.7330803983,uniform_k5,5,0.3714785452264531
cleanStatic,train,36,35.99038116,7,10,899509529,900009529,5585191.019944001,2338252.7330803983,shuffled_k5,5,1.2486878298884254
cleanStatic,train,36,35.99038116,7,10,899509529,900009529,5585191.019944001,2338252.7330803983,analytic_sparse_k9,9,1.365219815850019
cleanStatic,train,36,35.99038116,7,10,899509529,900009529,5585191.019944001,2338252.7330803983,uniform_k9,9,0.13737498262180925
cleanStatic,train,36,35.99038116,7,10,899509529,900009529,5585191.019944001,2338252.7330803983,shuffled_k9,9,2.676893468729834
cleanStatic,train,36,35.99038116,7,10,899509529,900009529,5585191.019944001,2338252.7330803983,ai_sparse_k3,3,3.901477346161973
cleanStatic,train,36,35.99038116,7,10,899509529,900009529,5585191.019944001,2338252.7330803983,pg_scc_k3,3,5.067942898861532
cleanStatic,train,36,35.99038116,7,10,899509529,900009529,5585191.019944001,2338252.7330803983,ai_sparse_k5,5,3.49923272392801
cleanStatic,train,36,35.99038116,7,10,899509529,900009529,5585191.019944001,2338252.7330803983,pg_scc_k5,5,1.3370144110055613
cleanStatic,train,36,35.99038116,7,10,899509529,900009529,5585191.019944001,2338252.7330803983,ai_sparse_k9,9,2.0528171538454396
cleanStatic,train,36,35.99038116,7,10,899509529,900009529,5585191.019944001,2338252.7330803983,pg_scc_k9,9,1.154222529802908
cleanStatic,train,36,35.99038116,7,10,899509529,900009529,5585191.019944001,2338252.7330803983,epl3,3,1.8193340332784267
cleanStatic,train,36,35.99038116,7,10,899509529,900009529,5585191.019944001,2338252.7330803983,fixed9,9,3.2332958430496164
cleanStatic,train,36,35.99038116,7,10,899509529,900009529,5585191.019944001,2338252.7330803983,random1_k3,3,3.808496540175767
cleanStatic,train,36,35.99038116,7,10,899509529,900009529,5585191.019944001,2338252.7330803983,random2_k3,3,0.7426896391346354
cleanStatic,train,36,35.99038116,7,10,899509529,900009529,5585191.019944001,2338252.7330803983,random3_k3,3,5.971919507060708
cleanStatic,train,36,35.99038116,7,10,899509529,900009529,5585191.019944001,2338252.7330803983,random4_k3,3,0.8580292286349628
cleanStatic,train,36,35.99038116,7,10,899509529,900009529,5585191.019944001,2338252.7330803983,random5_k3,3,0.33425589072921547
cleanStatic,train,36,35.99038116,7,10,899509529,900009529,5585191.019944001,2338252.7330803983,random1_k5,5,1.0902222485579613
cleanStatic,train,36,35.99038116,7,10,899509529,900009529,5585191.019944001,2338252.7330803983,random2_k5,5,0.6202130586778185
cleanStatic,train,36,35.99038116,7,10,899509529,900009529,5585191.019944001,2338252.7330803983,random3_k5,5,2.7064692316251895
cleanStatic,train,36,35.99038116,7,10,899509529,900009529,5585191.019944001,2338252.7330803983,random4_k5,5,1.6394071745321495
cleanStatic,train,36,35.99038116,7,10,899509529,900009529,5585191.019944001,2338252.7330803983,random5_k5,5,0.9781315329602316
cleanStatic,train,36,35.99038116,7,10,899509529,900009529,5585191.019944001,2338252.7330803983,random1_k9,9,2.614328370147269
cleanStatic,train,36,35.99038116,7,10,899509529,900009529,5585191.019944001,2338252.7330803983,random2_k9,9,0.8895109425256731
cleanStatic,train,36,35.99038116,7,10,899509529,900009529,5585191.019944001,2338252.7330803983,random3_k9,9,1.2332881114533818
cleanStatic,train,36,35.99038116,7,10,899509529,900009529,5585191.019944001,2338252.7330803983,random4_k9,9,1.1969497681021084
cleanStatic,train,36,35.99038116,7,10,899509529,900009529,5585191.019944001,2338252.7330803983,random5_k9,9,1.5837020799866823
cleanStatic,train,36,36.0056916,8,13,899892290,900392290,5566438.179843999,6670892.077381261,dense_two_source_glrt,187,0.01830454465723675
cleanStatic,train,36,36.0056916,8,13,899892290,900392290,5566438.179843999,6670892.077381261,dense_one_source_residual,187,0.18949898645153238
cleanStatic,train,36,36.0056916,8,13,899892290,900392290,5566438.179843999,6670892.077381261,raw_power_only,0,5566438.179843999
cleanStatic,train,36,36.0056916,8,13,899892290,900392290,5566438.179843999,6670892.077381261,analytic_sparse_k3,3,0.0317861027799607
cleanStatic,train,36,36.0056916,8,13,899892290,900392290,5566438.179843999,6670892.077381261,uniform_k3,3,0.22954189951280557
cleanStatic,train,36,36.0056916,8,13,899892290,900392290,5566438.179843999,6670892.077381261,shuffled_k3,3,0.08676509079846263
cleanStatic,train,36,36.0056916,8,13,899892290,900392290,5566438.179843999,6670892.077381261,analytic_sparse_k5,5,0.07434113121305856
cleanStatic,train,36,36.0056916,8,13,899892290,900392290,5566438.179843999,6670892.077381261,uniform_k5,5,0.06946087401621566
cleanStatic,train,36,36.0056916,8,13,899892290,900392290,5566438.179843999,6670892.077381261,shuffled_k5,5,0.14314948350025938
cleanStatic,train,36,36.0056916,8,13,899892290,900392290,5566438.179843999,6670892.077381261,analytic_sparse_k9,9,0.05364513037097026
cleanStatic,train,36,36.0056916,8,13,899892290,900392290,5566438.179843999,6670892.077381261,uniform_k9,9,0.01184554898828617
cleanStatic,train,36,36.0056916,8,13,899892290,900392290,5566438.179843999,6670892.077381261,shuffled_k9,9,0.12219111774029881
cleanStatic,train,36,36.0056916,8,13,899892290,900392290,5566438.179843999,6670892.077381261,ai_sparse_k3,3,0.097059044812468
cleanStatic,train,36,36.0056916,8,13,899892290,900392290,5566438.179843999,6670892.077381261,pg_scc_k3,3,0.1375656923404948
cleanStatic,train,36,36.0056916,8,13,899892290,900392290,5566438.179843999,6670892.077381261,ai_sparse_k5,5,0.1690752816605228
cleanStatic,train,36,36.0056916,8,13,899892290,900392290,5566438.179843999,6670892.077381261,pg_scc_k5,5,0.07323399007838935
cleanStatic,train,36,36.0056916,8,13,899892290,900392290,5566438.179843999,6670892.077381261,ai_sparse_k9,9,0.18726894652334675
cleanStatic,train,36,36.0056916,8,13,899892290,900392290,5566438.179843999,6670892.077381261,pg_scc_k9,9,0.07092196264424912
cleanStatic,train,36,36.0056916,8,13,899892290,900392290,5566438.179843999,6670892.077381261,epl3,3,0.1344068962415786
cleanStatic,train,36,36.0056916,8,13,899892290,900392290,5566438.179843999,6670892.077381261,fixed9,9,0.12664868939961063
cleanStatic,train,36,36.0056916,8,13,899892290,900392290,5566438.179843999,6670892.077381261,random1_k3,3,0.09918433886626114
cleanStatic,train,36,36.0056916,8,13,899892290,900392290,5566438.179843999,6670892.077381261,random2_k3,3,0.02361749079773924
cleanStatic,train,36,36.0056916,8,13,899892290,900392290,5566438.179843999,6670892.077381261,random3_k3,3,0.15332305225225076
cleanStatic,train,36,36.0056916,8,13,899892290,900392290,5566438.179843999,6670892.077381261,random4_k3,3,0.045999730002518696
cleanStatic,train,36,36.0056916,8,13,899892290,900392290,5566438.179843999,6670892.077381261,random5_k3,3,0.05230800627615867
cleanStatic,train,36,36.0056916,8,13,899892290,900392290,5566438.179843999,6670892.077381261,random1_k5,5,0.09902010685591864
cleanStatic,train,36,36.0056916,8,13,899892290,900392290,5566438.179843999,6670892.077381261,random2_k5,5,0.047062236210857186
cleanStatic,train,36,36.0056916,8,13,899892290,900392290,5566438.179843999,6670892.077381261,random3_k5,5,0.10548943435227676
cleanStatic,train,36,36.0056916,8,13,899892290,900392290,5566438.179843999,6670892.077381261,random4_k5,5,0.1315481600269675
cleanStatic,train,36,36.0056916,8,13,899892290,900392290,5566438.179843999,6670892.077381261,random5_k5,5,0.049124005858395076
cleanStatic,train,36,36.0056916,8,13,899892290,900392290,5566438.179843999,6670892.077381261,random1_k9,9,0.07552914756439318
cleanStatic,train,36,36.0056916,8,13,899892290,900392290,5566438.179843999,6670892.077381261,random2_k9,9,0.028797267395768957
cleanStatic,train,36,36.0056916,8,13,899892290,900392290,5566438.179843999,6670892.077381261,random3_k9,9,0.045637413824629464
cleanStatic,train,36,36.0056916,8,13,899892290,900392290,5566438.179843999,6670892.077381261,random4_k9,9,0.030395760618956363
cleanStatic,train,36,36.0056916,8,13,899892290,900392290,5566438.179843999,6670892.077381261,random5_k9,9,0.017527101710649876
cleanStatic,train,36,36.00953532,9,19,899988383,900488383,5571625.295664,4596869.0798025355,dense_two_source_glrt,187,0.20221916836573414
cleanStatic,train,36,36.00953532,9,19,899988383,900488383,5571625.295664,4596869.0798025355,dense_one_source_residual,187,1.4187541521553444
cleanStatic,train,36,36.00953532,9,19,899988383,900488383,5571625.295664,4596869.0798025355,raw_power_only,0,5571625.295664
cleanStatic,train,36,36.00953532,9,19,899988383,900488383,5571625.295664,4596869.0798025355,analytic_sparse_k3,3,0.8614436258143684
cleanStatic,train,36,36.00953532,9,19,899988383,900488383,5571625.295664,4596869.0798025355,uniform_k3,3,1.0834119087917817
cleanStatic,train,36,36.00953532,9,19,899988383,900488383,5571625.295664,4596869.0798025355,shuffled_k3,3,0.21678541788137637
cleanStatic,train,36,36.00953532,9,19,899988383,900488383,5571625.295664,4596869.0798025355,analytic_sparse_k5,5,0.8154232182765622
cleanStatic,train,36,36.00953532,9,19,899988383,900488383,5571625.295664,4596869.0798025355,uniform_k5,5,0.11853664095799825
cleanStatic,train,36,36.00953532,9,19,899988383,900488383,5571625.295664,4596869.0798025355,shuffled_k5,5,0.3780188432908476
cleanStatic,train,36,36.00953532,9,19,899988383,900488383,5571625.295664,4596869.0798025355,analytic_sparse_k9,9,0.5583459256994028
cleanStatic,train,36,36.00953532,9,19,899988383,900488383,5571625.295664,4596869.0798025355,uniform_k9,9,0.0968728311460166
cleanStatic,train,36,36.00953532,9,19,899988383,900488383,5571625.295664,4596869.0798025355,shuffled_k9,9,0.4118113381983931
cleanStatic,train,36,36.00953532,9,19,899988383,900488383,5571625.295664,4596869.0798025355,ai_sparse_k3,3,1.6881387515941164
cleanStatic,train,36,36.00953532,9,19,899988383,900488383,5571625.295664,4596869.0798025355,pg_scc_k3,3,1.1770273189822378
cleanStatic,train,36,36.00953532,9,19,899988383,900488383,5571625.295664,4596869.0798025355,ai_sparse_k5,5,1.2971330140141355
cleanStatic,train,36,36.00953532,9,19,899988383,900488383,5571625.295664,4596869.0798025355,pg_scc_k5,5,0.14854358860730804
cleanStatic,train,36,36.00953532,9,19,899988383,900488383,5571625.295664,4596869.0798025355,ai_sparse_k9,9,0.9007617892483896
cleanStatic,train,36,36.00953532,9,19,899988383,900488383,5571625.295664,4596869.0798025355,pg_scc_k9,9,0.264724406275743
cleanStatic,train,36,36.00953532,9,19,899988383,900488383,5571625.295664,4596869.0798025355,epl3,3,0.9848208381525465
cleanStatic,train,36,36.00953532,9,19,899988383,900488383,5571625.295664,4596869.0798025355,fixed9,9,0.7081888489789387
cleanStatic,train,36,36.00953532,9,19,899988383,900488383,5571625.295664,4596869.0798025355,random1_k3,3,1.0583564065738251
cleanStatic,train,36,36.00953532,9,19,899988383,900488383,5571625.295664,4596869.0798025355,random2_k3,3,0.793305599987972
cleanStatic,train,36,36.00953532,9,19,899988383,900488383,5571625.295664,4596869.0798025355,random3_k3,3,0.7673050434228289
cleanStatic,train,36,36.00953532,9,19,899988383,900488383,5571625.295664,4596869.0798025355,random4_k3,3,0.44498822543295596
cleanStatic,train,36,36.00953532,9,19,899988383,900488383,5571625.295664,4596869.0798025355,random5_k3,3,0.5280486835355614
cleanStatic,train,36,36.00953532,9,19,899988383,900488383,5571625.295664,4596869.0798025355,random1_k5,5,0.8486083700090514
cleanStatic,train,36,36.00953532,9,19,899988383,900488383,5571625.295664,4596869.0798025355,random2_k5,5,0.7140974012150565
cleanStatic,train,36,36.00953532,9,19,899988383,900488383,5571625.295664,4596869.0798025355,random3_k5,5,0.5270259526295001
cleanStatic,train,36,36.00953532,9,19,899988383,900488383,5571625.295664,4596869.0798025355,random4_k5,5,0.31118464264519013
cleanStatic,train,36,36.00953532,9,19,899988383,900488383,5571625.295664,4596869.0798025355,random5_k5,5,0.9605756426318395
cleanStatic,train,36,36.00953532,9,19,899988383,900488383,5571625.295664,4596869.0798025355,random1_k9,9,1.6940169848793936
cleanStatic,train,36,36.00953532,9,19,899988383,900488383,5571625.295664,4596869.0798025355,random2_k9,9,0.2683216117179048
cleanStatic,train,36,36.00953532,9,19,899988383,900488383,5571625.295664,4596869.0798025355,random3_k9,9,0.45486940428715883
cleanStatic,train,36,36.00953532,9,19,899988383,900488383,5571625.295664,4596869.0798025355,random4_k9,9,0.3097936495487589
cleanStatic,train,36,36.00953532,9,19,899988383,900488383,5571625.295664,4596869.0798025355,random5_k9,9,0.3049820078217949
cleanStatic,train,36,36.0016112,10,23,899790280,900290280,5566332.288051999,6695213.973593921,dense_two_source_glrt,187,0.023929485363860966
cleanStatic,train,36,36.0016112,10,23,899790280,900290280,5566332.288051999,6695213.973593921,dense_one_source_residual,187,0.26633371417856677
cleanStatic,train,36,36.0016112,10,23,899790280,900290280,5566332.288051999,6695213.973593921,raw_power_only,0,5566332.288051999
cleanStatic,train,36,36.0016112,10,23,899790280,900290280,5566332.288051999,6695213.973593921,analytic_sparse_k3,3,0.10672430872418255
cleanStatic,train,36,36.0016112,10,23,899790280,900290280,5566332.288051999,6695213.973593921,uniform_k3,3,0.20806311797803767
cleanStatic,train,36,36.0016112,10,23,899790280,900290280,5566332.288051999,6695213.973593921,shuffled_k3,3,0.20610538864327796
cleanStatic,train,36,36.0016112,10,23,899790280,900290280,5566332.288051999,6695213.973593921,analytic_sparse_k5,5,0.09087926730891267
cleanStatic,train,36,36.0016112,10,23,899790280,900290280,5566332.288051999,6695213.973593921,uniform_k5,5,0.17494857100532196
cleanStatic,train,36,36.0016112,10,23,899790280,900290280,5566332.288051999,6695213.973593921,shuffled_k5,5,0.04448399946622446
cleanStatic,train,36,36.0016112,10,23,899790280,900290280,5566332.288051999,6695213.973593921,analytic_sparse_k9,9,0.09318105838524504
cleanStatic,train,36,36.0016112,10,23,899790280,900290280,5566332.288051999,6695213.973593921,uniform_k9,9,0.02056247572284864
cleanStatic,train,36,36.0016112,10,23,899790280,900290280,5566332.288051999,6695213.973593921,shuffled_k9,9,0.07259945011367168
cleanStatic,train,36,36.0016112,10,23,899790280,900290280,5566332.288051999,6695213.973593921,ai_sparse_k3,3,0.31583498220170164
cleanStatic,train,36,36.0016112,10,23,899790280,900290280,5566332.288051999,6695213.973593921,pg_scc_k3,3,0.15484848684341107
cleanStatic,train,36,36.0016112,10,23,899790280,900290280,5566332.288051999,6695213.973593921,ai_sparse_k5,5,0.16673598054519645
cleanStatic,train,36,36.0016112,10,23,899790280,900290280,5566332.288051999,6695213.973593921,pg_scc_k5,5,0.140408642849678
cleanStatic,train,36,36.0016112,10,23,899790280,900290280,5566332.288051999,6695213.973593921,ai_sparse_k9,9,0.1088594120655936
cleanStatic,train,36,36.0016112,10,23,899790280,900290280,5566332.288051999,6695213.973593921,pg_scc_k9,9,0.08793129754787753
cleanStatic,train,36,36.0016112,10,23,899790280,900290280,5566332.288051999,6695213.973593921,epl3,3,0.11820174516606446
cleanStatic,train,36,36.0016112,10,23,899790280,900290280,5566332.288051999,6695213.973593921,fixed9,9,0.05971952892014844
cleanStatic,train,36,36.0016112,10,23,899790280,900290280,5566332.288051999,6695213.973593921,random1_k3,3,0.17775781897623463
cleanStatic,train,36,36.0016112,10,23,899790280,900290280,5566332.288051999,6695213.973593921,random2_k3,3,0.16736154626193503
cleanStatic,train,36,36.0016112,10,23,899790280,900290280,5566332.288051999,6695213.973593921,random3_k3,3,0.09756310813514353
cleanStatic,train,36,36.0016112,10,23,899790280,900290280,5566332.288051999,6695213.973593921,random4_k3,3,0.2951390557956238
cleanStatic,train,36,36.0016112,10,23,899790280,900290280,5566332.288051999,6695213.973593921,random5_k3,3,0.19517941312764717
cleanStatic,train,36,36.0016112,10,23,899790280,900290280,5566332.288051999,6695213.973593921,random1_k5,5,0.0398899383084506
cleanStatic,train,36,36.0016112,10,23,899790280,900290280,5566332.288051999,6695213.973593921,random2_k5,5,0.0487438320795706
cleanStatic,train,36,36.0016112,10,23,899790280,900290280,5566332.288051999,6695213.973593921,random3_k5,5,0.060865172944143245
cleanStatic,train,36,36.0016112,10,23,899790280,900290280,5566332.288051999,6695213.973593921,random4_k5,5,0.07457560971235504
cleanStatic,train,36,36.0016112,10,23,899790280,900290280,5566332.288051999,6695213.973593921,random5_k5,5,0.08886391191630479
cleanStatic,train,36,36.0016112,10,23,899790280,900290280,5566332.288051999,6695213.973593921,random1_k9,9,0.12431220974297373
cleanStatic,train,36,36.0016112,10,23,899790280,900290280,5566332.288051999,6695213.973593921,random2_k9,9,0.07391859618060602
cleanStatic,train,36,36.0016112,10,23,899790280,900290280,5566332.288051999,6695213.973593921,random3_k9,9,0.060987908035146976
cleanStatic,train,36,36.0016112,10,23,899790280,900290280,5566332.288051999,6695213.973593921,random4_k9,9,0.10413944670457637
cleanStatic,train,36,36.0016112,10,23,899790280,900290280,5566332.288051999,6695213.973593921,random5_k9,9,0.14810073541422633
cleanStatic,train,38,37.99327076,0,16,949581769,950081769,5599947.77881,5657559.261264263,dense_two_source_glrt,187,0.027227399777985665
cleanStatic,train,38,37.99327076,0,16,949581769,950081769,5599947.77881,5657559.261264263,dense_one_source_residual,187,0.2165648713076102
cleanStatic,train,38,37.99327076,0,16,949581769,950081769,5599947.77881,5657559.261264263,raw_power_only,0,5599947.77881
cleanStatic,train,38,37.99327076,0,16,949581769,950081769,5599947.77881,5657559.261264263,analytic_sparse_k3,3,0.013342629718227467
cleanStatic,train,38,37.99327076,0,16,949581769,950081769,5599947.77881,5657559.261264263,uniform_k3,3,0.06788144005974352
cleanStatic,train,38,37.99327076,0,16,949581769,950081769,5599947.77881,5657559.261264263,shuffled_k3,3,0.04159420097429904
cleanStatic,train,38,37.99327076,0,16,949581769,950081769,5599947.77881,5657559.261264263,analytic_sparse_k5,5,0.02385573159404708
cleanStatic,train,38,37.99327076,0,16,949581769,950081769,5599947.77881,5657559.261264263,uniform_k5,5,0.09053466744480429
cleanStatic,train,38,37.99327076,0,16,949581769,950081769,5599947.77881,5657559.261264263,shuffled_k5,5,0.008600750423651549
cleanStatic,train,38,37.99327076,0,16,949581769,950081769,5599947.77881,5657559.261264263,analytic_sparse_k9,9,0.020394758770077532
cleanStatic,train,38,37.99327076,0,16,949581769,950081769,5599947.77881,5657559.261264263,uniform_k9,9,0.03370204414438158
cleanStatic,train,38,37.99327076,0,16,949581769,950081769,5599947.77881,5657559.261264263,shuffled_k9,9,0.057611637262951425
cleanStatic,train,38,37.99327076,0,16,949581769,950081769,5599947.77881,5657559.261264263,ai_sparse_k3,3,0.1668792382190283
cleanStatic,train,38,37.99327076,0,16,949581769,950081769,5599947.77881,5657559.261264263,pg_scc_k3,3,0.015311681373056663
cleanStatic,train,38,37.99327076,0,16,949581769,950081769,5599947.77881,5657559.261264263,ai_sparse_k5,5,0.06265290936193157
cleanStatic,train,38,37.99327076,0,16,949581769,950081769,5599947.77881,5657559.261264263,pg_scc_k5,5,0.022497079947909015
cleanStatic,train,38,37.99327076,0,16,949581769,950081769,5599947.77881,5657559.261264263,ai_sparse_k9,9,0.03186700321138147
cleanStatic,train,38,37.99327076,0,16,949581769,950081769,5599947.77881,5657559.261264263,pg_scc_k9,9,0.010088133554156893
cleanStatic,train,38,37.99327076,0,16,949581769,950081769,5599947.77881,5657559.261264263,epl3,3,0.13461746170187125
cleanStatic,train,38,37.99327076,0,16,949581769,950081769,5599947.77881,5657559.261264263,fixed9,9,0.05808130127501657
cleanStatic,train,38,37.99327076,0,16,949581769,950081769,5599947.77881,5657559.261264263,random1_k3,3,0.30925502903818036
cleanStatic,train,38,37.99327076,0,16,949581769,950081769,5599947.77881,5657559.261264263,random2_k3,3,0.134980099511361
cleanStatic,train,38,37.99327076,0,16,949581769,950081769,5599947.77881,5657559.261264263,random3_k3,3,0.07663309086715407
cleanStatic,train,38,37.99327076,0,16,949581769,950081769,5599947.77881,5657559.261264263,random4_k3,3,0.17157893220379208
cleanStatic,train,38,37.99327076,0,16,949581769,950081769,5599947.77881,5657559.261264263,random5_k3,3,0.0694290340624464
cleanStatic,train,38,37.99327076,0,16,949581769,950081769,5599947.77881,5657559.261264263,random1_k5,5,0.14824870435175802
cleanStatic,train,38,37.99327076,0,16,949581769,950081769,5599947.77881,5657559.261264263,random2_k5,5,0.008884839492555363
cleanStatic,train,38,37.99327076,0,16,949581769,950081769,5599947.77881,5657559.261264263,random3_k5,5,0.08105554926847339
cleanStatic,train,38,37.99327076,0,16,949581769,950081769,5599947.77881,5657559.261264263,random4_k5,5,0.040767563726725534
cleanStatic,train,38,37.99327076,0,16,949581769,950081769,5599947.77881,5657559.261264263,random5_k5,5,0.1504751327209111
cleanStatic,train,38,37.99327076,0,16,949581769,950081769,5599947.77881,5657559.261264263,random1_k9,9,0.1303179961192354
cleanStatic,train,38,37.99327076,0,16,949581769,950081769,5599947.77881,5657559.261264263,random2_k9,9,0.02303346979278688
cleanStatic,train,38,37.99327076,0,16,949581769,950081769,5599947.77881,5657559.261264263,random3_k9,9,0.1324565014089233
cleanStatic,train,38,37.99327076,0,16,949581769,950081769,5599947.77881,5657559.261264263,random4_k9,9,0.0673860562384246
cleanStatic,train,38,37.99327076,0,16,949581769,950081769,5599947.77881,5657559.261264263,random5_k9,9,0.13847022408707776
cleanStatic,train,38,38.00155064,2,3,949788766,950288766,5592554.795202,5937736.896701136,dense_two_source_glrt,187,0.0419199239455054
cleanStatic,train,38,38.00155064,2,3,949788766,950288766,5592554.795202,5937736.896701136,dense_one_source_residual,187,0.27585738715438923
cleanStatic,train,38,38.00155064,2,3,949788766,950288766,5592554.795202,5937736.896701136,raw_power_only,0,5592554.795202
cleanStatic,train,38,38.00155064,2,3,949788766,950288766,5592554.795202,5937736.896701136,analytic_sparse_k3,3,0.13260372799208156
cleanStatic,train,38,38.00155064,2,3,949788766,950288766,5592554.795202,5937736.896701136,uniform_k3,3,0.44712668999975663
cleanStatic,train,38,38.00155064,2,3,949788766,950288766,5592554.795202,5937736.896701136,shuffled_k3,3,0.06238311266572102
cleanStatic,train,38,38.00155064,2,3,949788766,950288766,5592554.795202,5937736.896701136,analytic_sparse_k5,5,0.13426528736155208
cleanStatic,train,38,38.00155064,2,3,949788766,950288766,5592554.795202,5937736.896701136,uniform_k5,5,0.35951985830335903
cleanStatic,train,38,38.00155064,2,3,949788766,950288766,5592554.795202,5937736.896701136,shuffled_k5,5,0.09122738363911576
cleanStatic,train,38,38.00155064,2,3,949788766,950288766,5592554.795202,5937736.896701136,analytic_sparse_k9,9,0.09881497362660285
cleanStatic,train,38,38.00155064,2,3,949788766,950288766,5592554.795202,5937736.896701136,uniform_k9,9,0.11232763037330414
cleanStatic,train,38,38.00155064,2,3,949788766,950288766,5592554.795202,5937736.896701136,shuffled_k9,9,0.05648076630593873
cleanStatic,train,38,38.00155064,2,3,949788766,950288766,5592554.795202,5937736.896701136,ai_sparse_k3,3,0.02067305248789339
cleanStatic,train,38,38.00155064,2,3,949788766,950288766,5592554.795202,5937736.896701136,pg_scc_k3,3,0.050882583835498346
cleanStatic,train,38,38.00155064,2,3,949788766,950288766,5592554.795202,5937736.896701136,ai_sparse_k5,5,0.02828582778894856
cleanStatic,train,38,38.00155064,2,3,949788766,950288766,5592554.795202,5937736.896701136,pg_scc_k5,5,0.04746377886271657
cleanStatic,train,38,38.00155064,2,3,949788766,950288766,5592554.795202,5937736.896701136,ai_sparse_k9,9,0.0589403184509874
cleanStatic,train,38,38.00155064,2,3,949788766,950288766,5592554.795202,5937736.896701136,pg_scc_k9,9,0.12604061541055328
cleanStatic,train,38,38.00155064,2,3,949788766,950288766,5592554.795202,5937736.896701136,epl3,3,0.047021356813383715
cleanStatic,train,38,38.00155064,2,3,949788766,950288766,5592554.795202,5937736.896701136,fixed9,9,0.017584256418655093
cleanStatic,train,38,38.00155064,2,3,949788766,950288766,5592554.795202,5937736.896701136,random1_k3,3,0.0846107442808256
cleanStatic,train,38,38.00155064,2,3,949788766,950288766,5592554.795202,5937736.896701136,random2_k3,3,0.23647494211219397
cleanStatic,train,38,38.00155064,2,3,949788766,950288766,5592554.795202,5937736.896701136,random3_k3,3,0.11378446566183738
cleanStatic,train,38,38.00155064,2,3,949788766,950288766,5592554.795202,5937736.896701136,random4_k3,3,0.09800586139040941
cleanStatic,train,38,38.00155064,2,3,949788766,950288766,5592554.795202,5937736.896701136,random5_k3,3,0.22816650439741318
cleanStatic,train,38,38.00155064,2,3,949788766,950288766,5592554.795202,5937736.896701136,random1_k5,5,0.054668821121625376
cleanStatic,train,38,38.00155064,2,3,949788766,950288766,5592554.795202,5937736.896701136,random2_k5,5,0.2088071685902828
cleanStatic,train,38,38.00155064,2,3,949788766,950288766,5592554.795202,5937736.896701136,random3_k5,5,0.06154697494285433
cleanStatic,train,38,38.00155064,2,3,949788766,950288766,5592554.795202,5937736.896701136,random4_k5,5,0.04502698975908017
cleanStatic,train,38,38.00155064,2,3,949788766,950288766,5592554.795202,5937736.896701136,random5_k5,5,0.09243430864191131
cleanStatic,train,38,38.00155064,2,3,949788766,950288766,5592554.795202,5937736.896701136,random1_k9,9,0.033059302128118945
cleanStatic,train,38,38.00155064,2,3,949788766,950288766,5592554.795202,5937736.896701136,random2_k9,9,0.17402581584644208
cleanStatic,train,38,38.00155064,2,3,949788766,950288766,5592554.795202,5937736.896701136,random3_k9,9,0.1310388174483343
cleanStatic,train,38,38.00155064,2,3,949788766,950288766,5592554.795202,5937736.896701136,random4_k9,9,0.1641246341113033
cleanStatic,train,38,38.00155064,2,3,949788766,950288766,5592554.795202,5937736.896701136,random5_k9,9,0.03846655938998605
cleanStatic,train,38,38.00631724,3,20,949907931,950407931,5583947.5339399995,2284178.641646254,dense_two_source_glrt,187,0.6029352074156374
cleanStatic,train,38,38.00631724,3,20,949907931,950407931,5583947.5339399995,2284178.641646254,dense_one_source_residual,187,2.3672615910372925
cleanStatic,train,38,38.00631724,3,20,949907931,950407931,5583947.5339399995,2284178.641646254,raw_power_only,0,5583947.5339399995
cleanStatic,train,38,38.00631724,3,20,949907931,950407931,5583947.5339399995,2284178.641646254,analytic_sparse_k3,3,0.46746459792360345
cleanStatic,train,38,38.00631724,3,20,949907931,950407931,5583947.5339399995,2284178.641646254,uniform_k3,3,1.1219554422391589
cleanStatic,train,38,38.00631724,3,20,949907931,950407931,5583947.5339399995,2284178.641646254,shuffled_k3,3,0.5324482020117148
cleanStatic,train,38,38.00631724,3,20,949907931,950407931,5583947.5339399995,2284178.641646254,analytic_sparse_k5,5,0.920304131617484
cleanStatic,train,38,38.00631724,3,20,949907931,950407931,5583947.5339399995,2284178.641646254,uniform_k5,5,0.41816178071667454
cleanStatic,train,38,38.00631724,3,20,949907931,950407931,5583947.5339399995,2284178.641646254,shuffled_k5,5,1.4395680924534635
cleanStatic,train,38,38.00631724,3,20,949907931,950407931,5583947.5339399995,2284178.641646254,analytic_sparse_k9,9,0.29439071106184084
cleanStatic,train,38,38.00631724,3,20,949907931,950407931,5583947.5339399995,2284178.641646254,uniform_k9,9,0.4052556565598763
cleanStatic,train,38,38.00631724,3,20,949907931,950407931,5583947.5339399995,2284178.641646254,shuffled_k9,9,0.9502624724331715
cleanStatic,train,38,38.00631724,3,20,949907931,950407931,5583947.5339399995,2284178.641646254,ai_sparse_k3,3,2.7332116556191792
cleanStatic,train,38,38.00631724,3,20,949907931,950407931,5583947.5339399995,2284178.641646254,pg_scc_k3,3,0.16953935815824028
cleanStatic,train,38,38.00631724,3,20,949907931,950407931,5583947.5339399995,2284178.641646254,ai_sparse_k5,5,3.246101022124493
cleanStatic,train,38,38.00631724,3,20,949907931,950407931,5583947.5339399995,2284178.641646254,pg_scc_k5,5,1.3233889231067106
cleanStatic,train,38,38.00631724,3,20,949907931,950407931,5583947.5339399995,2284178.641646254,ai_sparse_k9,9,1.6349400433439212
cleanStatic,train,38,38.00631724,3,20,949907931,950407931,5583947.5339399995,2284178.641646254,pg_scc_k9,9,0.940194597229036
cleanStatic,train,38,38.00631724,3,20,949907931,950407931,5583947.5339399995,2284178.641646254,epl3,3,1.3979801158241874
cleanStatic,train,38,38.00631724,3,20,949907931,950407931,5583947.5339399995,2284178.641646254,fixed9,9,0.42374324319987955
cleanStatic,train,38,38.00631724,3,20,949907931,950407931,5583947.5339399995,2284178.641646254,random1_k3,3,1.0955425875542988
cleanStatic,train,38,38.00631724,3,20,949907931,950407931,5583947.5339399995,2284178.641646254,random2_k3,3,0.6879825715787735
cleanStatic,train,38,38.00631724,3,20,949907931,950407931,5583947.5339399995,2284178.641646254,random3_k3,3,1.2333795607019453
cleanStatic,train,38,38.00631724,3,20,949907931,950407931,5583947.5339399995,2284178.641646254,random4_k3,3,0.7716253099679179
cleanStatic,train,38,38.00631724,3,20,949907931,950407931,5583947.5339399995,2284178.641646254,random5_k3,3,0.982361007459899
cleanStatic,train,38,38.00631724,3,20,949907931,950407931,5583947.5339399995,2284178.641646254,random1_k5,5,1.2442979115709594
cleanStatic,train,38,38.00631724,3,20,949907931,950407931,5583947.5339399995,2284178.641646254,random2_k5,5,0.6086724005549332
cleanStatic,train,38,38.00631724,3,20,949907931,950407931,5583947.5339399995,2284178.641646254,random3_k5,5,1.552734319519249
cleanStatic,train,38,38.00631724,3,20,949907931,950407931,5583947.5339399995,2284178.641646254,random4_k5,5,1.3824922211346686
cleanStatic,train,38,38.00631724,3,20,949907931,950407931,5583947.5339399995,2284178.641646254,random5_k5,5,1.3932123004021215
cleanStatic,train,38,38.00631724,3,20,949907931,950407931,5583947.5339399995,2284178.641646254,random1_k9,9,2.1241957067218253
cleanStatic,train,38,38.00631724,3,20,949907931,950407931,5583947.5339399995,2284178.641646254,random2_k9,9,0.4581027881497605
cleanStatic,train,38,38.00631724,3,20,949907931,950407931,5583947.5339399995,2284178.641646254,random3_k9,9,0.5232946724726987
cleanStatic,train,38,38.00631724,3,20,949907931,950407931,5583947.5339399995,2284178.641646254,random4_k9,9,0.5346990095395194
cleanStatic,train,38,38.00631724,3,20,949907931,950407931,5583947.5339399995,2284178.641646254,random5_k9,9,1.6166934171526322
cleanStatic,train,38,38.06662344,4,30,951415586,951915586,5585434.165097999,2227793.0629990073,dense_two_source_glrt,187,0.10414366027662601
cleanStatic,train,38,38.06662344,4,30,951415586,951915586,5585434.165097999,2227793.0629990073,dense_one_source_residual,187,1.239374283668552
cleanStatic,train,38,38.06662344,4,30,951415586,951915586,5585434.165097999,2227793.0629990073,raw_power_only,0,5585434.165097999
cleanStatic,train,38,38.06662344,4,30,951415586,951915586,5585434.165097999,2227793.0629990073,analytic_sparse_k3,3,0.3342974291011483
cleanStatic,train,38,38.06662344,4,30,951415586,951915586,5585434.165097999,2227793.0629990073,uniform_k3,3,1.909594940044992
cleanStatic,train,38,38.06662344,4,30,951415586,951915586,5585434.165097999,2227793.0629990073,shuffled_k3,3,0.5402668884119853
cleanStatic,train,38,38.06662344,4,30,951415586,951915586,5585434.165097999,2227793.0629990073,analytic_sparse_k5,5,0.37022263597501104
cleanStatic,train,38,38.06662344,4,30,951415586,951915586,5585434.165097999,2227793.0629990073,uniform_k5,5,1.6258293184819206
cleanStatic,train,38,38.06662344,4,30,951415586,951915586,5585434.165097999,2227793.0629990073,shuffled_k5,5,1.1694483077446833
cleanStatic,train,38,38.06662344,4,30,951415586,951915586,5585434.165097999,2227793.0629990073,analytic_sparse_k9,9,0.2759562005345048
cleanStatic,train,38,38.06662344,4,30,951415586,951915586,5585434.165097999,2227793.0629990073,uniform_k9,9,0.21338071688644236
cleanStatic,train,38,38.06662344,4,30,951415586,951915586,5585434.165097999,2227793.0629990073,shuffled_k9,9,0.3049120954254152
cleanStatic,train,38,38.06662344,4,30,951415586,951915586,5585434.165097999,2227793.0629990073,ai_sparse_k3,3,0.9505592662498299
cleanStatic,train,38,38.06662344,4,30,951415586,951915586,5585434.165097999,2227793.0629990073,pg_scc_k3,3,0.21555132116472345
cleanStatic,train,38,38.06662344,4,30,951415586,951915586,5585434.165097999,2227793.0629990073,ai_sparse_k5,5,0.05562497159914361
cleanStatic,train,38,38.06662344,4,30,951415586,951915586,5585434.165097999,2227793.0629990073,pg_scc_k5,5,0.5240708047272669
cleanStatic,train,38,38.06662344,4,30,951415586,951915586,5585434.165097999,2227793.0629990073,ai_sparse_k9,9,0.28889892668867784
cleanStatic,train,38,38.06662344,4,30,951415586,951915586,5585434.165097999,2227793.0629990073,pg_scc_k9,9,0.25103978159219564
cleanStatic,train,38,38.06662344,4,30,951415586,951915586,5585434.165097999,2227793.0629990073,epl3,3,1.4375535306719074
cleanStatic,train,38,38.06662344,4,30,951415586,951915586,5585434.165097999,2227793.0629990073,fixed9,9,0.506255306697794
cleanStatic,train,38,38.06662344,4,30,951415586,951915586,5585434.165097999,2227793.0629990073,random1_k3,3,0.6075553472189104
cleanStatic,train,38,38.06662344,4,30,951415586,951915586,5585434.165097999,2227793.0629990073,random2_k3,3,0.10451223445805981
cleanStatic,train,38,38.06662344,4,30,951415586,951915586,5585434.165097999,2227793.0629990073,random3_k3,3,0.15906786413465615
cleanStatic,train,38,38.06662344,4,30,951415586,951915586,5585434.165097999,2227793.0629990073,random4_k3,3,0.4417435292045471
cleanStatic,train,38,38.06662344,4,30,951415586,951915586,5585434.165097999,2227793.0629990073,random5_k3,3,0.40749946340250864
cleanStatic,train,38,38.06662344,4,30,951415586,951915586,5585434.165097999,2227793.0629990073,random1_k5,5,0.06442006435313266
cleanStatic,train,38,38.06662344,4,30,951415586,951915586,5585434.165097999,2227793.0629990073,random2_k5,5,0.44401744512179386
cleanStatic,train,38,38.06662344,4,30,951415586,951915586,5585434.165097999,2227793.0629990073,random3_k5,5,0.6896131020731847
cleanStatic,train,38,38.06662344,4,30,951415586,951915586,5585434.165097999,2227793.0629990073,random4_k5,5,0.36148093904474454
cleanStatic,train,38,38.06662344,4,30,951415586,951915586,5585434.165097999,2227793.0629990073,random5_k5,5,0.07158345289463897
cleanStatic,train,38,38.06662344,4,30,951415586,951915586,5585434.165097999,2227793.0629990073,random1_k9,9,0.1848095598002081
cleanStatic,train,38,38.06662344,4,30,951415586,951915586,5585434.165097999,2227793.0629990073,random2_k9,9,0.213691970601064
cleanStatic,train,38,38.06662344,4,30,951415586,951915586,5585434.165097999,2227793.0629990073,random3_k9,9,0.6384785991880303
cleanStatic,train,38,38.06662344,4,30,951415586,951915586,5585434.165097999,2227793.0629990073,random4_k9,9,0.3078805914556864
cleanStatic,train,38,38.06662344,4,30,951415586,951915586,5585434.165097999,2227793.0629990073,random5_k9,9,0.5237723833369944
cleanStatic,train,38,37.99065424,5,6,949516356,950016356,5594941.88007,4679396.364231041,dense_two_source_glrt,187,0.018902679730808572
cleanStatic,train,38,37.99065424,5,6,949516356,950016356,5594941.88007,4679396.364231041,dense_one_source_residual,187,0.29860937412513344
cleanStatic,train,38,37.99065424,5,6,949516356,950016356,5594941.88007,4679396.364231041,raw_power_only,0,5594941.88007
cleanStatic,train,38,37.99065424,5,6,949516356,950016356,5594941.88007,4679396.364231041,analytic_sparse_k3,3,0.04615507378147288
cleanStatic,train,38,37.99065424,5,6,949516356,950016356,5594941.88007,4679396.364231041,uniform_k3,3,0.16565302146485159
cleanStatic,train,38,37.99065424,5,6,949516356,950016356,5594941.88007,4679396.364231041,shuffled_k3,3,0.2999113028086981
cleanStatic,train,38,37.99065424,5,6,949516356,950016356,5594941.88007,4679396.364231041,analytic_sparse_k5,5,0.060804724787845175
cleanStatic,train,38,37.99065424,5,6,949516356,950016356,5594941.88007,4679396.364231041,uniform_k5,5,0.17430361922959842
cleanStatic,train,38,37.99065424,5,6,949516356,950016356,5594941.88007,4679396.364231041,shuffled_k5,5,0.14023691669624114
cleanStatic,train,38,37.99065424,5,6,949516356,950016356,5594941.88007,4679396.364231041,analytic_sparse_k9,9,0.06306158197846508
cleanStatic,train,38,37.99065424,5,6,949516356,950016356,5594941.88007,4679396.364231041,uniform_k9,9,0.061709546883994645
cleanStatic,train,38,37.99065424,5,6,949516356,950016356,5594941.88007,4679396.364231041,shuffled_k9,9,0.05845580484458725
cleanStatic,train,38,37.99065424,5,6,949516356,950016356,5594941.88007,4679396.364231041,ai_sparse_k3,3,0.26366344958434107
cleanStatic,train,38,37.99065424,5,6,949516356,950016356,5594941.88007,4679396.364231041,pg_scc_k3,3,0.13496923640693803
cleanStatic,train,38,37.99065424,5,6,949516356,950016356,5594941.88007,4679396.364231041,ai_sparse_k5,5,0.1723784722230996
cleanStatic,train,38,37.99065424,5,6,949516356,950016356,5594941.88007,4679396.364231041,pg_scc_k5,5,0.17086822812558325
cleanStatic,train,38,37.99065424,5,6,949516356,950016356,5594941.88007,4679396.364231041,ai_sparse_k9,9,0.09629987833319066
cleanStatic,train,38,37.99065424,5,6,949516356,950016356,5594941.88007,4679396.364231041,pg_scc_k9,9,0.0928035236116567
cleanStatic,train,38,37.99065424,5,6,949516356,950016356,5594941.88007,4679396.364231041,epl3,3,0.4629497691562543
cleanStatic,train,38,37.99065424,5,6,949516356,950016356,5594941.88007,4679396.364231041,fixed9,9,0.1853936145294004
cleanStatic,train,38,37.99065424,5,6,949516356,950016356,5594941.88007,4679396.364231041,random1_k3,3,0.08740625188456101
cleanStatic,train,38,37.99065424,5,6,949516356,950016356,5594941.88007,4679396.364231041,random2_k3,3,0.09321532439982709
cleanStatic,train,38,37.99065424,5,6,949516356,950016356,5594941.88007,4679396.364231041,random3_k3,3,0.05909453271133499
cleanStatic,train,38,37.99065424,5,6,949516356,950016356,5594941.88007,4679396.364231041,random4_k3,3,0.17215795782119203
cleanStatic,train,38,37.99065424,5,6,949516356,950016356,5594941.88007,4679396.364231041,random5_k3,3,0.06832535671241308
cleanStatic,train,38,37.99065424,5,6,949516356,950016356,5594941.88007,4679396.364231041,random1_k5,5,0.24819524740022744
cleanStatic,train,38,37.99065424,5,6,949516356,950016356,5594941.88007,4679396.364231041,random2_k5,5,0.06902312097406767
cleanStatic,train,38,37.99065424,5,6,949516356,950016356,5594941.88007,4679396.364231041,random3_k5,5,0.10685823564342267
cleanStatic,train,38,37.99065424,5,6,949516356,950016356,5594941.88007,4679396.364231041,random4_k5,5,0.3094936535835573
cleanStatic,train,38,37.99065424,5,6,949516356,950016356,5594941.88007,4679396.364231041,random5_k5,5,0.052156991816728594
cleanStatic,train,38,37.99065424,5,6,949516356,950016356,5594941.88007,4679396.364231041,random1_k9,9,0.21104789371629032
cleanStatic,train,38,37.99065424,5,6,949516356,950016356,5594941.88007,4679396.364231041,random2_k9,9,0.03530877580967668
cleanStatic,train,38,37.99065424,5,6,949516356,950016356,5594941.88007,4679396.364231041,random3_k9,9,0.043476397523903226
cleanStatic,train,38,37.99065424,5,6,949516356,950016356,5594941.88007,4679396.364231041,random4_k9,9,0.06227435182966699
cleanStatic,train,38,37.99065424,5,6,949516356,950016356,5594941.88007,4679396.364231041,random5_k9,9,0.055804724084701794
cleanStatic,train,38,37.99021284,6,7,949505321,950005321,5592711.52292,4344545.0104044955,dense_two_source_glrt,187,0.1557058295154046
cleanStatic,train,38,37.99021284,6,7,949505321,950005321,5592711.52292,4344545.0104044955,dense_one_source_residual,187,1.0692608779662094
cleanStatic,train,38,37.99021284,6,7,949505321,950005321,5592711.52292,4344545.0104044955,raw_power_only,0,5592711.52292
cleanStatic,train,38,37.99021284,6,7,949505321,950005321,5592711.52292,4344545.0104044955,analytic_sparse_k3,3,0.24030456521572038
cleanStatic,train,38,37.99021284,6,7,949505321,950005321,5592711.52292,4344545.0104044955,uniform_k3,3,0.9246828649621687
cleanStatic,train,38,37.99021284,6,7,949505321,950005321,5592711.52292,4344545.0104044955,shuffled_k3,3,0.2917720491093312
cleanStatic,train,38,37.99021284,6,7,949505321,950005321,5592711.52292,4344545.0104044955,analytic_sparse_k5,5,0.4270760064119628
cleanStatic,train,38,37.99021284,6,7,949505321,950005321,5592711.52292,4344545.0104044955,uniform_k5,5,0.6698603512461913
cleanStatic,train,38,37.99021284,6,7,949505321,950005321,5592711.52292,4344545.0104044955,shuffled_k5,5,0.3426613515945661
cleanStatic,train,38,37.99021284,6,7,949505321,950005321,5592711.52292,4344545.0104044955,analytic_sparse_k9,9,0.42681188570270173
cleanStatic,train,38,37.99021284,6,7,949505321,950005321,5592711.52292,4344545.0104044955,uniform_k9,9,0.09270551292756807
cleanStatic,train,38,37.99021284,6,7,949505321,950005321,5592711.52292,4344545.0104044955,shuffled_k9,9,0.5452128017796203
cleanStatic,train,38,37.99021284,6,7,949505321,950005321,5592711.52292,4344545.0104044955,ai_sparse_k3,3,0.8209310017346941
cleanStatic,train,38,37.99021284,6,7,949505321,950005321,5592711.52292,4344545.0104044955,pg_scc_k3,3,0.5876473955570211
cleanStatic,train,38,37.99021284,6,7,949505321,950005321,5592711.52292,4344545.0104044955,ai_sparse_k5,5,0.6580953771614271
cleanStatic,train,38,37.99021284,6,7,949505321,950005321,5592711.52292,4344545.0104044955,pg_scc_k5,5,0.18677882251676953
cleanStatic,train,38,37.99021284,6,7,949505321,950005321,5592711.52292,4344545.0104044955,ai_sparse_k9,9,0.5135464397721413
cleanStatic,train,38,37.99021284,6,7,949505321,950005321,5592711.52292,4344545.0104044955,pg_scc_k9,9,0.16696845318357212
cleanStatic,train,38,37.99021284,6,7,949505321,950005321,5592711.52292,4344545.0104044955,epl3,3,0.9648889363367843
cleanStatic,train,38,37.99021284,6,7,949505321,950005321,5592711.52292,4344545.0104044955,fixed9,9,0.8982273494630331
cleanStatic,train,38,37.99021284,6,7,949505321,950005321,5592711.52292,4344545.0104044955,random1_k3,3,0.8181202479263451
cleanStatic,train,38,37.99021284,6,7,949505321,950005321,5592711.52292,4344545.0104044955,random2_k3,3,0.5585422316925348
cleanStatic,train,38,37.99021284,6,7,949505321,950005321,5592711.52292,4344545.0104044955,random3_k3,3,0.11841135518841761
cleanStatic,train,38,37.99021284,6,7,949505321,950005321,5592711.52292,4344545.0104044955,random4_k3,3,0.5496007822451224
cleanStatic,train,38,37.99021284,6,7,949505321,950005321,5592711.52292,4344545.0104044955,random5_k3,3,0.2341369432088982
cleanStatic,train,38,37.99021284,6,7,949505321,950005321,5592711.52292,4344545.0104044955,random1_k5,5,0.4136718779139799
cleanStatic,train,38,37.99021284,6,7,949505321,950005321,5592711.52292,4344545.0104044955,random2_k5,5,0.17992197597469958
cleanStatic,train,38,37.99021284,6,7,949505321,950005321,5592711.52292,4344545.0104044955,random3_k5,5,0.6166402065279002
cleanStatic,train,38,37.99021284,6,7,949505321,950005321,5592711.52292,4344545.0104044955,random4_k5,5,0.4513472101638406
cleanStatic,train,38,37.99021284,6,7,949505321,950005321,5592711.52292,4344545.0104044955,random5_k5,5,0.6909855042658526
cleanStatic,train,38,37.99021284,6,7,949505321,950005321,5592711.52292,4344545.0104044955,random1_k9,9,0.30646412851430355
cleanStatic,train,38,37.99021284,6,7,949505321,950005321,5592711.52292,4344545.0104044955,random2_k9,9,0.11167468262130499
cleanStatic,train,38,37.99021284,6,7,949505321,950005321,5592711.52292,4344545.0104044955,random3_k9,9,0.4396939231170607
cleanStatic,train,38,37.99021284,6,7,949505321,950005321,5592711.52292,4344545.0104044955,random4_k9,9,0.10116070337262369
cleanStatic,train,38,37.99021284,6,7,949505321,950005321,5592711.52292,4344545.0104044955,random5_k9,9,0.18418088385046646
cleanStatic,train,38,37.99038036,7,10,949509509,950009509,5593614.24725,2516051.557289198,dense_two_source_glrt,187,0.5987775285785916
cleanStatic,train,38,37.99038036,7,10,949509509,950009509,5593614.24725,2516051.557289198,dense_one_source_residual,187,1.5851935629348444
cleanStatic,train,38,37.99038036,7,10,949509509,950009509,5593614.24725,2516051.557289198,raw_power_only,0,5593614.24725
cleanStatic,train,38,37.99038036,7,10,949509509,950009509,5593614.24725,2516051.557289198,analytic_sparse_k3,3,0.114514723732913
cleanStatic,train,38,37.99038036,7,10,949509509,950009509,5593614.24725,2516051.557289198,uniform_k3,3,0.7392254548683393
cleanStatic,train,38,37.99038036,7,10,949509509,950009509,5593614.24725,2516051.557289198,shuffled_k3,3,0.7946483581185279
cleanStatic,train,38,37.99038036,7,10,949509509,950009509,5593614.24725,2516051.557289198,analytic_sparse_k5,5,0.3733594648686549
cleanStatic,train,38,37.99038036,7,10,949509509,950009509,5593614.24725,2516051.557289198,uniform_k5,5,0.2321012601742848
cleanStatic,train,38,37.99038036,7,10,949509509,950009509,5593614.24725,2516051.557289198,shuffled_k5,5,0.6086526645932241
cleanStatic,train,38,37.99038036,7,10,949509509,950009509,5593614.24725,2516051.557289198,analytic_sparse_k9,9,0.2073797886480728
cleanStatic,train,38,37.99038036,7,10,949509509,950009509,5593614.24725,2516051.557289198,uniform_k9,9,0.3774538601587596
cleanStatic,train,38,37.99038036,7,10,949509509,950009509,5593614.24725,2516051.557289198,shuffled_k9,9,0.5313867642199559
cleanStatic,train,38,37.99038036,7,10,949509509,950009509,5593614.24725,2516051.557289198,ai_sparse_k3,3,0.5658945123943013
cleanStatic,train,38,37.99038036,7,10,949509509,950009509,5593614.24725,2516051.557289198,pg_scc_k3,3,0.3879664782020516
cleanStatic,train,38,37.99038036,7,10,949509509,950009509,5593614.24725,2516051.557289198,ai_sparse_k5,5,0.8572769815634288
cleanStatic,train,38,37.99038036,7,10,949509509,950009509,5593614.24725,2516051.557289198,pg_scc_k5,5,0.9113114589056884
cleanStatic,train,38,37.99038036,7,10,949509509,950009509,5593614.24725,2516051.557289198,ai_sparse_k9,9,0.4187798208586495
cleanStatic,train,38,37.99038036,7,10,949509509,950009509,5593614.24725,2516051.557289198,pg_scc_k9,9,0.9938602528205706
cleanStatic,train,38,37.99038036,7,10,949509509,950009509,5593614.24725,2516051.557289198,epl3,3,0.5776177392948584
cleanStatic,train,38,37.99038036,7,10,949509509,950009509,5593614.24725,2516051.557289198,fixed9,9,0.2255912411914785
cleanStatic,train,38,37.99038036,7,10,949509509,950009509,5593614.24725,2516051.557289198,random1_k3,3,0.19098414175311954
cleanStatic,train,38,37.99038036,7,10,949509509,950009509,5593614.24725,2516051.557289198,random2_k3,3,0.7113737401224155
cleanStatic,train,38,37.99038036,7,10,949509509,950009509,5593614.24725,2516051.557289198,random3_k3,3,0.8833403046568447
cleanStatic,train,38,37.99038036,7,10,949509509,950009509,5593614.24725,2516051.557289198,random4_k3,3,1.554062745283596
cleanStatic,train,38,37.99038036,7,10,949509509,950009509,5593614.24725,2516051.557289198,random5_k3,3,0.1310434292014544
cleanStatic,train,38,37.99038036,7,10,949509509,950009509,5593614.24725,2516051.557289198,random1_k5,5,2.1291452054136917
cleanStatic,train,38,37.99038036,7,10,949509509,950009509,5593614.24725,2516051.557289198,random2_k5,5,1.2214143956976957
cleanStatic,train,38,37.99038036,7,10,949509509,950009509,5593614.24725,2516051.557289198,random3_k5,5,0.6879566058305311
cleanStatic,train,38,37.99038036,7,10,949509509,950009509,5593614.24725,2516051.557289198,random4_k5,5,2.353013797758865
cleanStatic,train,38,37.99038036,7,10,949509509,950009509,5593614.24725,2516051.557289198,random5_k5,5,0.38616893618931253
cleanStatic,train,38,37.99038036,7,10,949509509,950009509,5593614.24725,2516051.557289198,random1_k9,9,0.9483645661986357
cleanStatic,train,38,37.99038036,7,10,949509509,950009509,5593614.24725,2516051.557289198,random2_k9,9,0.4507980756286746
cleanStatic,train,38,37.99038036,7,10,949509509,950009509,5593614.24725,2516051.557289198,random3_k9,9,0.29916140481896114
cleanStatic,train,38,37.99038036,7,10,949509509,950009509,5593614.24725,2516051.557289198,random4_k9,9,0.14773682158452017
cleanStatic,train,38,37.99038036,7,10,949509509,950009509,5593614.24725,2516051.557289198,random5_k9,9,0.29515530621204594
cleanStatic,train,38,38.00168928,8,13,949792232,950292232,5593050.184416,6554434.093635367,dense_two_source_glrt,187,0.013130551452518487
cleanStatic,train,38,38.00168928,8,13,949792232,950292232,5593050.184416,6554434.093635367,dense_one_source_residual,187,0.1639204895175985
cleanStatic,train,38,38.00168928,8,13,949792232,950292232,5593050.184416,6554434.093635367,raw_power_only,0,5593050.184416
cleanStatic,train,38,38.00168928,8,13,949792232,950292232,5593050.184416,6554434.093635367,analytic_sparse_k3,3,0.0277487046588267
cleanStatic,train,38,38.00168928,8,13,949792232,950292232,5593050.184416,6554434.093635367,uniform_k3,3,0.09144780563881
cleanStatic,train,38,38.00168928,8,13,949792232,950292232,5593050.184416,6554434.093635367,shuffled_k3,3,0.022098416800229188
cleanStatic,train,38,38.00168928,8,13,949792232,950292232,5593050.184416,6554434.093635367,analytic_sparse_k5,5,0.048889423100068906
cleanStatic,train,38,38.00168928,8,13,949792232,950292232,5593050.184416,6554434.093635367,uniform_k5,5,0.08155775483254572
cleanStatic,train,38,38.00168928,8,13,949792232,950292232,5593050.184416,6554434.093635367,shuffled_k5,5,0.058461779090873946
cleanStatic,train,38,38.00168928,8,13,949792232,950292232,5593050.184416,6554434.093635367,analytic_sparse_k9,9,0.05887190029843963
cleanStatic,train,38,38.00168928,8,13,949792232,950292232,5593050.184416,6554434.093635367,uniform_k9,9,0.026818829735925087
cleanStatic,train,38,38.00168928,8,13,949792232,950292232,5593050.184416,6554434.093635367,shuffled_k9,9,0.02568326939737125
cleanStatic,train,38,38.00168928,8,13,949792232,950292232,5593050.184416,6554434.093635367,ai_sparse_k3,3,0.22543075870456597
cleanStatic,train,38,38.00168928,8,13,949792232,950292232,5593050.184416,6554434.093635367,pg_scc_k3,3,0.14213745211726894
cleanStatic,train,38,38.00168928,8,13,949792232,950292232,5593050.184416,6554434.093635367,ai_sparse_k5,5,0.13997665542164267
cleanStatic,train,38,38.00168928,8,13,949792232,950292232,5593050.184416,6554434.093635367,pg_scc_k5,5,0.026042883574909536
cleanStatic,train,38,38.00168928,8,13,949792232,950292232,5593050.184416,6554434.093635367,ai_sparse_k9,9,0.16118425574260486
cleanStatic,train,38,38.00168928,8,13,949792232,950292232,5593050.184416,6554434.093635367,pg_scc_k9,9,0.02005869031720812
cleanStatic,train,38,38.00168928,8,13,949792232,950292232,5593050.184416,6554434.093635367,epl3,3,0.04794263027575287
cleanStatic,train,38,38.00168928,8,13,949792232,950292232,5593050.184416,6554434.093635367,fixed9,9,0.03322215367549654
cleanStatic,train,38,38.00168928,8,13,949792232,950292232,5593050.184416,6554434.093635367,random1_k3,3,0.1590790258259859
cleanStatic,train,38,38.00168928,8,13,949792232,950292232,5593050.184416,6554434.093635367,random2_k3,3,0.024531060390283067
cleanStatic,train,38,38.00168928,8,13,949792232,950292232,5593050.184416,6554434.093635367,random3_k3,3,0.12399047495950886
cleanStatic,train,38,38.00168928,8,13,949792232,950292232,5593050.184416,6554434.093635367,random4_k3,3,0.10882717868778162
cleanStatic,train,38,38.00168928,8,13,949792232,950292232,5593050.184416,6554434.093635367,random5_k3,3,0.08645383658463689
cleanStatic,train,38,38.00168928,8,13,949792232,950292232,5593050.184416,6554434.093635367,random1_k5,5,0.14066180098532866
cleanStatic,train,38,38.00168928,8,13,949792232,950292232,5593050.184416,6554434.093635367,random2_k5,5,0.08996663306001747
cleanStatic,train,38,38.00168928,8,13,949792232,950292232,5593050.184416,6554434.093635367,random3_k5,5,0.03174690453559879
cleanStatic,train,38,38.00168928,8,13,949792232,950292232,5593050.184416,6554434.093635367,random4_k5,5,0.08566689954598501
cleanStatic,train,38,38.00168928,8,13,949792232,950292232,5593050.184416,6554434.093635367,random5_k5,5,0.01602900007737701
cleanStatic,train,38,38.00168928,8,13,949792232,950292232,5593050.184416,6554434.093635367,random1_k9,9,0.06832266625513966
cleanStatic,train,38,38.00168928,8,13,949792232,950292232,5593050.184416,6554434.093635367,random2_k9,9,0.020298188298112016
cleanStatic,train,38,38.00168928,8,13,949792232,950292232,5593050.184416,6554434.093635367,random3_k9,9,0.039472534830985624
cleanStatic,train,38,38.00168928,8,13,949792232,950292232,5593050.184416,6554434.093635367,random4_k9,9,0.14329646818968916
cleanStatic,train,38,38.00168928,8,13,949792232,950292232,5593050.184416,6554434.093635367,random5_k9,9,0.13078316416856
cleanStatic,train,38,37.99253204,9,19,949563301,950063301,5594896.958151999,4744327.9296324765,dense_two_source_glrt,187,0.049578584586775394
cleanStatic,train,38,37.99253204,9,19,949563301,950063301,5594896.958151999,4744327.9296324765,dense_one_source_residual,187,0.31533298822460776
cleanStatic,train,38,37.99253204,9,19,949563301,950063301,5594896.958151999,4744327.9296324765,raw_power_only,0,5594896.958151999
cleanStatic,train,38,37.99253204,9,19,949563301,950063301,5594896.958151999,4744327.9296324765,analytic_sparse_k3,3,0.05022221022272314
cleanStatic,train,38,37.99253204,9,19,949563301,950063301,5594896.958151999,4744327.9296324765,uniform_k3,3,0.3255419223354257
cleanStatic,train,38,37.99253204,9,19,949563301,950063301,5594896.958151999,4744327.9296324765,shuffled_k3,3,0.08700302342435862
cleanStatic,train,38,37.99253204,9,19,949563301,950063301,5594896.958151999,4744327.9296324765,analytic_sparse_k5,5,0.033827136721951326
cleanStatic,train,38,37.99253204,9,19,949563301,950063301,5594896.958151999,4744327.9296324765,uniform_k5,5,0.12612052946880697
cleanStatic,train,38,37.99253204,9,19,949563301,950063301,5594896.958151999,4744327.9296324765,shuffled_k5,5,0.07902209754548686
cleanStatic,train,38,37.99253204,9,19,949563301,950063301,5594896.958151999,4744327.9296324765,analytic_sparse_k9,9,0.023457369600524445
cleanStatic,train,38,37.99253204,9,19,949563301,950063301,5594896.958151999,4744327.9296324765,uniform_k9,9,0.05438008572187863
cleanStatic,train,38,37.99253204,9,19,949563301,950063301,5594896.958151999,4744327.9296324765,shuffled_k9,9,0.1839549616386756
cleanStatic,train,38,37.99253204,9,19,949563301,950063301,5594896.958151999,4744327.9296324765,ai_sparse_k3,3,0.2901400319224247
cleanStatic,train,38,37.99253204,9,19,949563301,950063301,5594896.958151999,4744327.9296324765,pg_scc_k3,3,0.043092865927401386
cleanStatic,train,38,37.99253204,9,19,949563301,950063301,5594896.958151999,4744327.9296324765,ai_sparse_k5,5,0.38725986881647484
cleanStatic,train,38,37.99253204,9,19,949563301,950063301,5594896.958151999,4744327.9296324765,pg_scc_k5,5,0.16298392641408205
cleanStatic,train,38,37.99253204,9,19,949563301,950063301,5594896.958151999,4744327.9296324765,ai_sparse_k9,9,0.24322593369091697
cleanStatic,train,38,37.99253204,9,19,949563301,950063301,5594896.958151999,4744327.9296324765,pg_scc_k9,9,0.10752021438802539
cleanStatic,train,38,37.99253204,9,19,949563301,950063301,5594896.958151999,4744327.9296324765,epl3,3,0.21228786463406157
cleanStatic,train,38,37.99253204,9,19,949563301,950063301,5594896.958151999,4744327.9296324765,fixed9,9,0.15998526778492989
cleanStatic,train,38,37.99253204,9,19,949563301,950063301,5594896.958151999,4744327.9296324765,random1_k3,3,0.0786502660642882
cleanStatic,train,38,37.99253204,9,19,949563301,950063301,5594896.958151999,4744327.9296324765,random2_k3,3,0.18128037273767714
cleanStatic,train,38,37.99253204,9,19,949563301,950063301,5594896.958151999,4744327.9296324765,random3_k3,3,0.08966146509120454
cleanStatic,train,38,37.99253204,9,19,949563301,950063301,5594896.958151999,4744327.9296324765,random4_k3,3,0.23194779763226245
cleanStatic,train,38,37.99253204,9,19,949563301,950063301,5594896.958151999,4744327.9296324765,random5_k3,3,0.15554239306887296
cleanStatic,train,38,37.99253204,9,19,949563301,950063301,5594896.958151999,4744327.9296324765,random1_k5,5,0.14112234513529737
cleanStatic,train,38,37.99253204,9,19,949563301,950063301,5594896.958151999,4744327.9296324765,random2_k5,5,0.030801772911186638
cleanStatic,train,38,37.99253204,9,19,949563301,950063301,5594896.958151999,4744327.9296324765,random3_k5,5,0.08637400520473501
cleanStatic,train,38,37.99253204,9,19,949563301,950063301,5594896.958151999,4744327.9296324765,random4_k5,5,0.07970839701344748
cleanStatic,train,38,37.99253204,9,19,949563301,950063301,5594896.958151999,4744327.9296324765,random5_k5,5,0.0966374963364666
cleanStatic,train,38,37.99253204,9,19,949563301,950063301,5594896.958151999,4744327.9296324765,random1_k9,9,0.2347620096696531
cleanStatic,train,38,37.99253204,9,19,949563301,950063301,5594896.958151999,4744327.9296324765,random2_k9,9,0.025604283256013074
cleanStatic,train,38,37.99253204,9,19,949563301,950063301,5594896.958151999,4744327.9296324765,random3_k9,9,0.08094969876292708
cleanStatic,train,38,37.99253204,9,19,949563301,950063301,5594896.958151999,4744327.9296324765,random4_k9,9,0.01720392943264817
cleanStatic,train,38,37.99253204,9,19,949563301,950063301,5594896.958151999,4744327.9296324765,random5_k9,9,0.07269539677803365
cleanStatic,train,38,38.00661176,10,23,949915294,950415294,5584419.7874300005,6485788.914770724,dense_two_source_glrt,187,0.017976831806516835
cleanStatic,train,38,38.00661176,10,23,949915294,950415294,5584419.7874300005,6485788.914770724,dense_one_source_residual,187,0.12880198718661082
cleanStatic,train,38,38.00661176,10,23,949915294,950415294,5584419.7874300005,6485788.914770724,raw_power_only,0,5584419.7874300005
cleanStatic,train,38,38.00661176,10,23,949915294,950415294,5584419.7874300005,6485788.914770724,analytic_sparse_k3,3,0.03779315848023907
cleanStatic,train,38,38.00661176,10,23,949915294,950415294,5584419.7874300005,6485788.914770724,uniform_k3,3,0.04967277428884076
cleanStatic,train,38,38.00661176,10,23,949915294,950415294,5584419.7874300005,6485788.914770724,shuffled_k3,3,0.13359825160015673
cleanStatic,train,38,38.00661176,10,23,949915294,950415294,5584419.7874300005,6485788.914770724,analytic_sparse_k5,5,0.04355129527308418
cleanStatic,train,38,38.00661176,10,23,949915294,950415294,5584419.7874300005,6485788.914770724,uniform_k5,5,0.02043592573545927
cleanStatic,train,38,38.00661176,10,23,949915294,950415294,5584419.7874300005,6485788.914770724,shuffled_k5,5,0.03531729147592642
cleanStatic,train,38,38.00661176,10,23,949915294,950415294,5584419.7874300005,6485788.914770724,analytic_sparse_k9,9,0.02362080016651058
cleanStatic,train,38,38.00661176,10,23,949915294,950415294,5584419.7874300005,6485788.914770724,uniform_k9,9,0.0237883046180472
cleanStatic,train,38,38.00661176,10,23,949915294,950415294,5584419.7874300005,6485788.914770724,shuffled_k9,9,0.02074634655381935
cleanStatic,train,38,38.00661176,10,23,949915294,950415294,5584419.7874300005,6485788.914770724,ai_sparse_k3,3,0.07810786715859774
cleanStatic,train,38,38.00661176,10,23,949915294,950415294,5584419.7874300005,6485788.914770724,pg_scc_k3,3,0.06297804067436538
cleanStatic,train,38,38.00661176,10,23,949915294,950415294,5584419.7874300005,6485788.914770724,ai_sparse_k5,5,0.060153964222537534
cleanStatic,train,38,38.00661176,10,23,949915294,950415294,5584419.7874300005,6485788.914770724,pg_scc_k5,5,0.019709581447966973
cleanStatic,train,38,38.00661176,10,23,949915294,950415294,5584419.7874300005,6485788.914770724,ai_sparse_k9,9,0.051913729020582916
cleanStatic,train,38,38.00661176,10,23,949915294,950415294,5584419.7874300005,6485788.914770724,pg_scc_k9,9,0.032333923744513125
cleanStatic,train,38,38.00661176,10,23,949915294,950415294,5584419.7874300005,6485788.914770724,epl3,3,0.045126804938017705
cleanStatic,train,38,38.00661176,10,23,949915294,950415294,5584419.7874300005,6485788.914770724,fixed9,9,0.02764835009797679
cleanStatic,train,38,38.00661176,10,23,949915294,950415294,5584419.7874300005,6485788.914770724,random1_k3,3,0.027476191865582533
cleanStatic,train,38,38.00661176,10,23,949915294,950415294,5584419.7874300005,6485788.914770724,random2_k3,3,0.01850387009118624
cleanStatic,train,38,38.00661176,10,23,949915294,950415294,5584419.7874300005,6485788.914770724,random3_k3,3,0.06821309045837277
cleanStatic,train,38,38.00661176,10,23,949915294,950415294,5584419.7874300005,6485788.914770724,random4_k3,3,0.12037764122087279
cleanStatic,train,38,38.00661176,10,23,949915294,950415294,5584419.7874300005,6485788.914770724,random5_k3,3,0.08046198862779215
cleanStatic,train,38,38.00661176,10,23,949915294,950415294,5584419.7874300005,6485788.914770724,random1_k5,5,0.027125267984702484
cleanStatic,train,38,38.00661176,10,23,949915294,950415294,5584419.7874300005,6485788.914770724,random2_k5,5,0.053686233914616945
cleanStatic,train,38,38.00661176,10,23,949915294,950415294,5584419.7874300005,6485788.914770724,random3_k5,5,0.11140866976952173
cleanStatic,train,38,38.00661176,10,23,949915294,950415294,5584419.7874300005,6485788.914770724,random4_k5,5,0.052475860508338024
cleanStatic,train,38,38.00661176,10,23,949915294,950415294,5584419.7874300005,6485788.914770724,random5_k5,5,0.028720848998667205
cleanStatic,train,38,38.00661176,10,23,949915294,950415294,5584419.7874300005,6485788.914770724,random1_k9,9,0.06934125520440078
cleanStatic,train,38,38.00661176,10,23,949915294,950415294,5584419.7874300005,6485788.914770724,random2_k9,9,0.03549874877914245
cleanStatic,train,38,38.00661176,10,23,949915294,950415294,5584419.7874300005,6485788.914770724,random3_k9,9,0.020452182049993786
cleanStatic,train,38,38.00661176,10,23,949915294,950415294,5584419.7874300005,6485788.914770724,random4_k9,9,0.030646874056463196
cleanStatic,train,38,38.00661176,10,23,949915294,950415294,5584419.7874300005,6485788.914770724,random5_k9,9,0.019596757354448754
cleanStatic,train,40,39.99327432,0,16,999581858,1000081858,5513739.893065999,5668064.871345724,dense_two_source_glrt,187,0.09196235641608692
cleanStatic,train,40,39.99327432,0,16,999581858,1000081858,5513739.893065999,5668064.871345724,dense_one_source_residual,187,0.29621149416352316
cleanStatic,train,40,39.99327432,0,16,999581858,1000081858,5513739.893065999,5668064.871345724,raw_power_only,0,5513739.893065999
cleanStatic,train,40,39.99327432,0,16,999581858,1000081858,5513739.893065999,5668064.871345724,analytic_sparse_k3,3,0.08102583992063765
cleanStatic,train,40,39.99327432,0,16,999581858,1000081858,5513739.893065999,5668064.871345724,uniform_k3,3,0.43238558995394394
cleanStatic,train,40,39.99327432,0,16,999581858,1000081858,5513739.893065999,5668064.871345724,shuffled_k3,3,0.07991084713540657
cleanStatic,train,40,39.99327432,0,16,999581858,1000081858,5513739.893065999,5668064.871345724,analytic_sparse_k5,5,0.06800336420776555
cleanStatic,train,40,39.99327432,0,16,999581858,1000081858,5513739.893065999,5668064.871345724,uniform_k5,5,0.2316988311653784
cleanStatic,train,40,39.99327432,0,16,999581858,1000081858,5513739.893065999,5668064.871345724,shuffled_k5,5,0.14390680910538065
cleanStatic,train,40,39.99327432,0,16,999581858,1000081858,5513739.893065999,5668064.871345724,analytic_sparse_k9,9,0.1324020702135652
cleanStatic,train,40,39.99327432,0,16,999581858,1000081858,5513739.893065999,5668064.871345724,uniform_k9,9,0.07644997832270208
cleanStatic,train,40,39.99327432,0,16,999581858,1000081858,5513739.893065999,5668064.871345724,shuffled_k9,9,0.10858100164042835
cleanStatic,train,40,39.99327432,0,16,999581858,1000081858,5513739.893065999,5668064.871345724,ai_sparse_k3,3,0.2808458087645875
cleanStatic,train,40,39.99327432,0,16,999581858,1000081858,5513739.893065999,5668064.871345724,pg_scc_k3,3,0.037489555896437966
cleanStatic,train,40,39.99327432,0,16,999581858,1000081858,5513739.893065999,5668064.871345724,ai_sparse_k5,5,0.26134397769341067
cleanStatic,train,40,39.99327432,0,16,999581858,1000081858,5513739.893065999,5668064.871345724,pg_scc_k5,5,0.15064795372099096
cleanStatic,train,40,39.99327432,0,16,999581858,1000081858,5513739.893065999,5668064.871345724,ai_sparse_k9,9,0.19830062258817704
cleanStatic,train,40,39.99327432,0,16,999581858,1000081858,5513739.893065999,5668064.871345724,pg_scc_k9,9,0.14376798651388134
cleanStatic,train,40,39.99327432,0,16,999581858,1000081858,5513739.893065999,5668064.871345724,epl3,3,0.060960896741769945
cleanStatic,train,40,39.99327432,0,16,999581858,1000081858,5513739.893065999,5668064.871345724,fixed9,9,0.07730264113222549
cleanStatic,train,40,39.99327432,0,16,999581858,1000081858,5513739.893065999,5668064.871345724,random1_k3,3,0.11878392399648004
cleanStatic,train,40,39.99327432,0,16,999581858,1000081858,5513739.893065999,5668064.871345724,random2_k3,3,0.16014833599310466
cleanStatic,train,40,39.99327432,0,16,999581858,1000081858,5513739.893065999,5668064.871345724,random3_k3,3,0.03793756483594677
cleanStatic,train,40,39.99327432,0,16,999581858,1000081858,5513739.893065999,5668064.871345724,random4_k3,3,0.10092365477872572
cleanStatic,train,40,39.99327432,0,16,999581858,1000081858,5513739.893065999,5668064.871345724,random5_k3,3,0.1991884423893938
cleanStatic,train,40,39.99327432,0,16,999581858,1000081858,5513739.893065999,5668064.871345724,random1_k5,5,0.2677320992959161
cleanStatic,train,40,39.99327432,0,16,999581858,1000081858,5513739.893065999,5668064.871345724,random2_k5,5,0.12573719578533185
cleanStatic,train,40,39.99327432,0,16,999581858,1000081858,5513739.893065999,5668064.871345724,random3_k5,5,0.18023581144412787
cleanStatic,train,40,39.99327432,0,16,999581858,1000081858,5513739.893065999,5668064.871345724,random4_k5,5,0.1506134306941922
cleanStatic,train,40,39.99327432,0,16,999581858,1000081858,5513739.893065999,5668064.871345724,random5_k5,5,0.2694922727956357
cleanStatic,train,40,39.99327432,0,16,999581858,1000081858,5513739.893065999,5668064.871345724,random1_k9,9,0.15649711338642958
cleanStatic,train,40,39.99327432,0,16,999581858,1000081858,5513739.893065999,5668064.871345724,random2_k9,9,0.060414384894491455
cleanStatic,train,40,39.99327432,0,16,999581858,1000081858,5513739.893065999,5668064.871345724,random3_k9,9,0.09672455933327123
cleanStatic,train,40,39.99327432,0,16,999581858,1000081858,5513739.893065999,5668064.871345724,random4_k9,9,0.056884089962641826
cleanStatic,train,40,39.99327432,0,16,999581858,1000081858,5513739.893065999,5668064.871345724,random5_k9,9,0.1796035909953031
cleanStatic,train,40,40.00254968,2,3,999813742,1000313742,5498902.056372,5989730.66881814,dense_two_source_glrt,187,0.1969146166806085
cleanStatic,train,40,40.00254968,2,3,999813742,1000313742,5498902.056372,5989730.66881814,dense_one_source_residual,187,0.5304995129490967
cleanStatic,train,40,40.00254968,2,3,999813742,1000313742,5498902.056372,5989730.66881814,raw_power_only,0,5498902.056372
cleanStatic,train,40,40.00254968,2,3,999813742,1000313742,5498902.056372,5989730.66881814,analytic_sparse_k3,3,0.23335575579811896
cleanStatic,train,40,40.00254968,2,3,999813742,1000313742,5498902.056372,5989730.66881814,uniform_k3,3,0.21859998263820168
cleanStatic,train,40,40.00254968,2,3,999813742,1000313742,5498902.056372,5989730.66881814,shuffled_k3,3,0.06915525668321572
cleanStatic,train,40,40.00254968,2,3,999813742,1000313742,5498902.056372,5989730.66881814,analytic_sparse_k5,5,0.1981125888575098
cleanStatic,train,40,40.00254968,2,3,999813742,1000313742,5498902.056372,5989730.66881814,uniform_k5,5,0.16179987440559856
cleanStatic,train,40,40.00254968,2,3,999813742,1000313742,5498902.056372,5989730.66881814,shuffled_k5,5,0.2947528848014513
cleanStatic,train,40,40.00254968,2,3,999813742,1000313742,5498902.056372,5989730.66881814,analytic_sparse_k9,9,0.14545586445713513
cleanStatic,train,40,40.00254968,2,3,999813742,1000313742,5498902.056372,5989730.66881814,uniform_k9,9,0.13873061331902084
cleanStatic,train,40,40.00254968,2,3,999813742,1000313742,5498902.056372,5989730.66881814,shuffled_k9,9,0.13398132742130014
cleanStatic,train,40,40.00254968,2,3,999813742,1000313742,5498902.056372,5989730.66881814,ai_sparse_k3,3,0.09742535248241257
cleanStatic,train,40,40.00254968,2,3,999813742,1000313742,5498902.056372,5989730.66881814,pg_scc_k3,3,0.07146544802476369
cleanStatic,train,40,40.00254968,2,3,999813742,1000313742,5498902.056372,5989730.66881814,ai_sparse_k5,5,0.06348588200865742
cleanStatic,train,40,40.00254968,2,3,999813742,1000313742,5498902.056372,5989730.66881814,pg_scc_k5,5,0.08998362195909584
cleanStatic,train,40,40.00254968,2,3,999813742,1000313742,5498902.056372,5989730.66881814,ai_sparse_k9,9,0.09142435463176203
cleanStatic,train,40,40.00254968,2,3,999813742,1000313742,5498902.056372,5989730.66881814,pg_scc_k9,9,0.04877093400178614
cleanStatic,train,40,40.00254968,2,3,999813742,1000313742,5498902.056372,5989730.66881814,epl3,3,0.428900248764528
cleanStatic,train,40,40.00254968,2,3,999813742,1000313742,5498902.056372,5989730.66881814,fixed9,9,0.23422023696505415
cleanStatic,train,40,40.00254968,2,3,999813742,1000313742,5498902.056372,5989730.66881814,random1_k3,3,0.2883707243428936
cleanStatic,train,40,40.00254968,2,3,999813742,1000313742,5498902.056372,5989730.66881814,random2_k3,3,0.28242643112374277
cleanStatic,train,40,40.00254968,2,3,999813742,1000313742,5498902.056372,5989730.66881814,random3_k3,3,0.3690877672124842
cleanStatic,train,40,40.00254968,2,3,999813742,1000313742,5498902.056372,5989730.66881814,random4_k3,3,0.2466302388239169
cleanStatic,train,40,40.00254968,2,3,999813742,1000313742,5498902.056372,5989730.66881814,random5_k3,3,0.5739317416134994
cleanStatic,train,40,40.00254968,2,3,999813742,1000313742,5498902.056372,5989730.66881814,random1_k5,5,0.541831345648416
cleanStatic,train,40,40.00254968,2,3,999813742,1000313742,5498902.056372,5989730.66881814,random2_k5,5,0.42998799823445993
cleanStatic,train,40,40.00254968,2,3,999813742,1000313742,5498902.056372,5989730.66881814,random3_k5,5,0.3057284911198604
cleanStatic,train,40,40.00254968,2,3,999813742,1000313742,5498902.056372,5989730.66881814,random4_k5,5,0.5232031875536475
cleanStatic,train,40,40.00254968,2,3,999813742,1000313742,5498902.056372,5989730.66881814,random5_k5,5,0.40121582897435903
cleanStatic,train,40,40.00254968,2,3,999813742,1000313742,5498902.056372,5989730.66881814,random1_k9,9,0.4913977676208151
cleanStatic,train,40,40.00254968,2,3,999813742,1000313742,5498902.056372,5989730.66881814,random2_k9,9,0.20043301373749195
cleanStatic,train,40,40.00254968,2,3,999813742,1000313742,5498902.056372,5989730.66881814,random3_k9,9,0.1360935330940501
cleanStatic,train,40,40.00254968,2,3,999813742,1000313742,5498902.056372,5989730.66881814,random4_k9,9,0.46607614522948865
cleanStatic,train,40,40.00254968,2,3,999813742,1000313742,5498902.056372,5989730.66881814,random5_k9,9,0.09773152227482636
cleanStatic,train,40,39.997321,3,20,999683025,1000183025,5506378.234426001,2461013.282716817,dense_two_source_glrt,187,0.44225265338657077
cleanStatic,train,40,39.997321,3,20,999683025,1000183025,5506378.234426001,2461013.282716817,dense_one_source_residual,187,2.021556845475077
cleanStatic,train,40,39.997321,3,20,999683025,1000183025,5506378.234426001,2461013.282716817,raw_power_only,0,5506378.234426001
cleanStatic,train,40,39.997321,3,20,999683025,1000183025,5506378.234426001,2461013.282716817,analytic_sparse_k3,3,0.16819767459623422
cleanStatic,train,40,39.997321,3,20,999683025,1000183025,5506378.234426001,2461013.282716817,uniform_k3,3,1.9063858573316963
cleanStatic,train,40,39.997321,3,20,999683025,1000183025,5506378.234426001,2461013.282716817,shuffled_k3,3,0.6046534283258743
cleanStatic,train,40,39.997321,3,20,999683025,1000183025,5506378.234426001,2461013.282716817,analytic_sparse_k5,5,0.33277913028045375
cleanStatic,train,40,39.997321,3,20,999683025,1000183025,5506378.234426001,2461013.282716817,uniform_k5,5,0.3084286632429734
cleanStatic,train,40,39.997321,3,20,999683025,1000183025,5506378.234426001,2461013.282716817,shuffled_k5,5,0.42564095279298775
cleanStatic,train,40,39.997321,3,20,999683025,1000183025,5506378.234426001,2461013.282716817,analytic_sparse_k9,9,0.533841835058408
cleanStatic,train,40,39.997321,3,20,999683025,1000183025,5506378.234426001,2461013.282716817,uniform_k9,9,0.3606737363582205
cleanStatic,train,40,39.997321,3,20,999683025,1000183025,5506378.234426001,2461013.282716817,shuffled_k9,9,0.8195755222517952
cleanStatic,train,40,39.997321,3,20,999683025,1000183025,5506378.234426001,2461013.282716817,ai_sparse_k3,3,0.21441948064206562
cleanStatic,train,40,39.997321,3,20,999683025,1000183025,5506378.234426001,2461013.282716817,pg_scc_k3,3,1.5667777005981922
cleanStatic,train,40,39.997321,3,20,999683025,1000183025,5506378.234426001,2461013.282716817,ai_sparse_k5,5,0.399431996814104
cleanStatic,train,40,39.997321,3,20,999683025,1000183025,5506378.234426001,2461013.282716817,pg_scc_k5,5,0.8220509364059396
cleanStatic,train,40,39.997321,3,20,999683025,1000183025,5506378.234426001,2461013.282716817,ai_sparse_k9,9,0.4625981196887592
cleanStatic,train,40,39.997321,3,20,999683025,1000183025,5506378.234426001,2461013.282716817,pg_scc_k9,9,0.9257024961735136
cleanStatic,train,40,39.997321,3,20,999683025,1000183025,5506378.234426001,2461013.282716817,epl3,3,1.9187037884773706
cleanStatic,train,40,39.997321,3,20,999683025,1000183025,5506378.234426001,2461013.282716817,fixed9,9,1.05760134142572
cleanStatic,train,40,39.997321,3,20,999683025,1000183025,5506378.234426001,2461013.282716817,random1_k3,3,1.8096843272755523
cleanStatic,train,40,39.997321,3,20,999683025,1000183025,5506378.234426001,2461013.282716817,random2_k3,3,0.48902658779856195
cleanStatic,train,40,39.997321,3,20,999683025,1000183025,5506378.234426001,2461013.282716817,random3_k3,3,1.5954298697912366
cleanStatic,train,40,39.997321,3,20,999683025,1000183025,5506378.234426001,2461013.282716817,random4_k3,3,0.8168279636712876
cleanStatic,train,40,39.997321,3,20,999683025,1000183025,5506378.234426001,2461013.282716817,random5_k3,3,2.3534619719735037
cleanStatic,train,40,39.997321,3,20,999683025,1000183025,5506378.234426001,2461013.282716817,random1_k5,5,0.9834853646783565
cleanStatic,train,40,39.997321,3,20,999683025,1000183025,5506378.234426001,2461013.282716817,random2_k5,5,1.718126283806194
cleanStatic,train,40,39.997321,3,20,999683025,1000183025,5506378.234426001,2461013.282716817,random3_k5,5,1.0643005342360135
cleanStatic,train,40,39.997321,3,20,999683025,1000183025,5506378.234426001,2461013.282716817,random4_k5,5,0.7707161782151304
cleanStatic,train,40,39.997321,3,20,999683025,1000183025,5506378.234426001,2461013.282716817,random5_k5,5,0.47872228327210153
cleanStatic,train,40,39.997321,3,20,999683025,1000183025,5506378.234426001,2461013.282716817,random1_k9,9,0.6560193048897788
cleanStatic,train,40,39.997321,3,20,999683025,1000183025,5506378.234426001,2461013.282716817,random2_k9,9,0.8542258364182653
cleanStatic,train,40,39.997321,3,20,999683025,1000183025,5506378.234426001,2461013.282716817,random3_k9,9,0.3096476901181728
cleanStatic,train,40,39.997321,3,20,999683025,1000183025,5506378.234426001,2461013.282716817,random4_k9,9,0.5963090421136654
cleanStatic,train,40,39.997321,3,20,999683025,1000183025,5506378.234426001,2461013.282716817,random5_k9,9,0.595103767514884
cleanStatic,train,40,40.19162792,4,30,1004540698,1005040698,5581852.506217999,2330656.224117977,dense_two_source_glrt,187,0.4572619095913995
cleanStatic,train,40,40.19162792,4,30,1004540698,1005040698,5581852.506217999,2330656.224117977,dense_one_source_residual,187,1.601411817507034
cleanStatic,train,40,40.19162792,4,30,1004540698,1005040698,5581852.506217999,2330656.224117977,raw_power_only,0,5581852.506217999
cleanStatic,train,40,40.19162792,4,30,1004540698,1005040698,5581852.506217999,2330656.224117977,analytic_sparse_k3,3,0.5919955871234978
cleanStatic,train,40,40.19162792,4,30,1004540698,1005040698,5581852.506217999,2330656.224117977,uniform_k3,3,1.5554848579960527
cleanStatic,train,40,40.19162792,4,30,1004540698,1005040698,5581852.506217999,2330656.224117977,shuffled_k3,3,1.1453492922171609
cleanStatic,train,40,40.19162792,4,30,1004540698,1005040698,5581852.506217999,2330656.224117977,analytic_sparse_k5,5,0.9642404643724658
cleanStatic,train,40,40.19162792,4,30,1004540698,1005040698,5581852.506217999,2330656.224117977,uniform_k5,5,0.9165300546435411
cleanStatic,train,40,40.19162792,4,30,1004540698,1005040698,5581852.506217999,2330656.224117977,shuffled_k5,5,0.41041180680419187
cleanStatic,train,40,40.19162792,4,30,1004540698,1005040698,5581852.506217999,2330656.224117977,analytic_sparse_k9,9,0.6977016883272307
cleanStatic,train,40,40.19162792,4,30,1004540698,1005040698,5581852.506217999,2330656.224117977,uniform_k9,9,0.4618816863261696
cleanStatic,train,40,40.19162792,4,30,1004540698,1005040698,5581852.506217999,2330656.224117977,shuffled_k9,9,1.2072570917959504
cleanStatic,train,40,40.19162792,4,30,1004540698,1005040698,5581852.506217999,2330656.224117977,ai_sparse_k3,3,0.39573619500212703
cleanStatic,train,40,40.19162792,4,30,1004540698,1005040698,5581852.506217999,2330656.224117977,pg_scc_k3,3,1.25943418836737
cleanStatic,train,40,40.19162792,4,30,1004540698,1005040698,5581852.506217999,2330656.224117977,ai_sparse_k5,5,1.0780029124456452
cleanStatic,train,40,40.19162792,4,30,1004540698,1005040698,5581852.506217999,2330656.224117977,pg_scc_k5,5,0.35932159883444187
cleanStatic,train,40,40.19162792,4,30,1004540698,1005040698,5581852.506217999,2330656.224117977,ai_sparse_k9,9,0.9739074280246478
cleanStatic,train,40,40.19162792,4,30,1004540698,1005040698,5581852.506217999,2330656.224117977,pg_scc_k9,9,0.15557045142682727
cleanStatic,train,40,40.19162792,4,30,1004540698,1005040698,5581852.506217999,2330656.224117977,epl3,3,1.5315632410120104
cleanStatic,train,40,40.19162792,4,30,1004540698,1005040698,5581852.506217999,2330656.224117977,fixed9,9,0.8486683786821838
cleanStatic,train,40,40.19162792,4,30,1004540698,1005040698,5581852.506217999,2330656.224117977,random1_k3,3,0.8259841056068161
cleanStatic,train,40,40.19162792,4,30,1004540698,1005040698,5581852.506217999,2330656.224117977,random2_k3,3,0.6981629980955463
cleanStatic,train,40,40.19162792,4,30,1004540698,1005040698,5581852.506217999,2330656.224117977,random3_k3,3,0.6326451203672973
cleanStatic,train,40,40.19162792,4,30,1004540698,1005040698,5581852.506217999,2330656.224117977,random4_k3,3,1.2998427194875843
cleanStatic,train,40,40.19162792,4,30,1004540698,1005040698,5581852.506217999,2330656.224117977,random5_k3,3,0.1978756736801585
cleanStatic,train,40,40.19162792,4,30,1004540698,1005040698,5581852.506217999,2330656.224117977,random1_k5,5,0.20339014325995786
cleanStatic,train,40,40.19162792,4,30,1004540698,1005040698,5581852.506217999,2330656.224117977,random2_k5,5,0.22719678453387165
cleanStatic,train,40,40.19162792,4,30,1004540698,1005040698,5581852.506217999,2330656.224117977,random3_k5,5,1.3046960662703442
cleanStatic,train,40,40.19162792,4,30,1004540698,1005040698,5581852.506217999,2330656.224117977,random4_k5,5,0.23898283472921875
cleanStatic,train,40,40.19162792,4,30,1004540698,1005040698,5581852.506217999,2330656.224117977,random5_k5,5,0.3698992537470035
cleanStatic,train,40,40.19162792,4,30,1004540698,1005040698,5581852.506217999,2330656.224117977,random1_k9,9,0.12763756837129453
cleanStatic,train,40,40.19162792,4,30,1004540698,1005040698,5581852.506217999,2330656.224117977,random2_k9,9,0.18361376331768012
cleanStatic,train,40,40.19162792,4,30,1004540698,1005040698,5581852.506217999,2330656.224117977,random3_k9,9,0.7643537779480841
cleanStatic,train,40,40.19162792,4,30,1004540698,1005040698,5581852.506217999,2330656.224117977,random4_k9,9,0.51729858511812
cleanStatic,train,40,40.19162792,4,30,1004540698,1005040698,5581852.506217999,2330656.224117977,random5_k9,9,0.26064656039494355
cleanStatic,train,40,39.99365492,5,6,999591373,1000091373,5513450.405116,4770765.872792841,dense_two_source_glrt,187,0.11525547152135635
cleanStatic,train,40,39.99365492,5,6,999591373,1000091373,5513450.405116,4770765.872792841,dense_one_source_residual,187,0.8007028159048243
cleanStatic,train,40,39.99365492,5,6,999591373,1000091373,5513450.405116,4770765.872792841,raw_power_only,0,5513450.405116
cleanStatic,train,40,39.99365492,5,6,999591373,1000091373,5513450.405116,4770765.872792841,analytic_sparse_k3,3,0.13322762254963752
cleanStatic,train,40,39.99365492,5,6,999591373,1000091373,5513450.405116,4770765.872792841,uniform_k3,3,0.0426149372035334
cleanStatic,train,40,39.99365492,5,6,999591373,1000091373,5513450.405116,4770765.872792841,shuffled_k3,3,0.08124667947083236
cleanStatic,train,40,39.99365492,5,6,999591373,1000091373,5513450.405116,4770765.872792841,analytic_sparse_k5,5,0.17841519035747497
cleanStatic,train,40,39.99365492,5,6,999591373,1000091373,5513450.405116,4770765.872792841,uniform_k5,5,0.09197576066696012
cleanStatic,train,40,39.99365492,5,6,999591373,1000091373,5513450.405116,4770765.872792841,shuffled_k5,5,0.06751193760767267
cleanStatic,train,40,39.99365492,5,6,999591373,1000091373,5513450.405116,4770765.872792841,analytic_sparse_k9,9,0.1438399011211361
cleanStatic,train,40,39.99365492,5,6,999591373,1000091373,5513450.405116,4770765.872792841,uniform_k9,9,0.046204515374056135
cleanStatic,train,40,39.99365492,5,6,999591373,1000091373,5513450.405116,4770765.872792841,shuffled_k9,9,0.48825099015064155
cleanStatic,train,40,39.99365492,5,6,999591373,1000091373,5513450.405116,4770765.872792841,ai_sparse_k3,3,1.1142189518851506
cleanStatic,train,40,39.99365492,5,6,999591373,1000091373,5513450.405116,4770765.872792841,pg_scc_k3,3,0.4893314584873991
cleanStatic,train,40,39.99365492,5,6,999591373,1000091373,5513450.405116,4770765.872792841,ai_sparse_k5,5,0.3308227911115109
cleanStatic,train,40,39.99365492,5,6,999591373,1000091373,5513450.405116,4770765.872792841,pg_scc_k5,5,0.10216979589059098
cleanStatic,train,40,39.99365492,5,6,999591373,1000091373,5513450.405116,4770765.872792841,ai_sparse_k9,9,0.3688710230072874
cleanStatic,train,40,39.99365492,5,6,999591373,1000091373,5513450.405116,4770765.872792841,pg_scc_k9,9,0.20656142492562957
cleanStatic,train,40,39.99365492,5,6,999591373,1000091373,5513450.405116,4770765.872792841,epl3,3,0.7766809989021178
cleanStatic,train,40,39.99365492,5,6,999591373,1000091373,5513450.405116,4770765.872792841,fixed9,9,0.6386227231827089
cleanStatic,train,40,39.99365492,5,6,999591373,1000091373,5513450.405116,4770765.872792841,random1_k3,3,0.6603915171390042
cleanStatic,train,40,39.99365492,5,6,999591373,1000091373,5513450.405116,4770765.872792841,random2_k3,3,0.13989169819102693
cleanStatic,train,40,39.99365492,5,6,999591373,1000091373,5513450.405116,4770765.872792841,random3_k3,3,0.7910951340940756
cleanStatic,train,40,39.99365492,5,6,999591373,1000091373,5513450.405116,4770765.872792841,random4_k3,3,0.5155936128962672
cleanStatic,train,40,39.99365492,5,6,999591373,1000091373,5513450.405116,4770765.872792841,random5_k3,3,0.2117966947603367
cleanStatic,train,40,39.99365492,5,6,999591373,1000091373,5513450.405116,4770765.872792841,random1_k5,5,0.38300300214023253
cleanStatic,train,40,39.99365492,5,6,999591373,1000091373,5513450.405116,4770765.872792841,random2_k5,5,0.1694249448370089
cleanStatic,train,40,39.99365492,5,6,999591373,1000091373,5513450.405116,4770765.872792841,random3_k5,5,0.2746962848548374
cleanStatic,train,40,39.99365492,5,6,999591373,1000091373,5513450.405116,4770765.872792841,random4_k5,5,0.36983731556812655
cleanStatic,train,40,39.99365492,5,6,999591373,1000091373,5513450.405116,4770765.872792841,random5_k5,5,0.4315929795385681
cleanStatic,train,40,39.99365492,5,6,999591373,1000091373,5513450.405116,4770765.872792841,random1_k9,9,0.45089062751801
cleanStatic,train,40,39.99365492,5,6,999591373,1000091373,5513450.405116,4770765.872792841,random2_k9,9,0.2033086399776833
cleanStatic,train,40,39.99365492,5,6,999591373,1000091373,5513450.405116,4770765.872792841,random3_k9,9,0.48255424991676904
cleanStatic,train,40,39.99365492,5,6,999591373,1000091373,5513450.405116,4770765.872792841,random4_k9,9,0.4996069826567699
cleanStatic,train,40,39.99365492,5,6,999591373,1000091373,5513450.405116,4770765.872792841,random5_k9,9,0.3141145824707761
cleanStatic,train,40,39.99021048,6,7,999505262,1000005262,5521762.232470001,4530715.877423977,dense_two_source_glrt,187,0.2758603016631403
cleanStatic,train,40,39.99021048,6,7,999505262,1000005262,5521762.232470001,4530715.877423977,dense_one_source_residual,187,1.504220086320773
cleanStatic,train,40,39.99021048,6,7,999505262,1000005262,5521762.232470001,4530715.877423977,raw_power_only,0,5521762.232470001
cleanStatic,train,40,39.99021048,6,7,999505262,1000005262,5521762.232470001,4530715.877423977,analytic_sparse_k3,3,1.2232579007716513
cleanStatic,train,40,39.99021048,6,7,999505262,1000005262,5521762.232470001,4530715.877423977,uniform_k3,3,0.9189751981094946
cleanStatic,train,40,39.99021048,6,7,999505262,1000005262,5521762.232470001,4530715.877423977,shuffled_k3,3,1.5038388070423236
cleanStatic,train,40,39.99021048,6,7,999505262,1000005262,5521762.232470001,4530715.877423977,analytic_sparse_k5,5,1.2530034468028297
cleanStatic,train,40,39.99021048,6,7,999505262,1000005262,5521762.232470001,4530715.877423977,uniform_k5,5,1.1160126755976902
cleanStatic,train,40,39.99021048,6,7,999505262,1000005262,5521762.232470001,4530715.877423977,shuffled_k5,5,1.2746944601187251
cleanStatic,train,40,39.99021048,6,7,999505262,1000005262,5521762.232470001,4530715.877423977,analytic_sparse_k9,9,1.0284490902121297
cleanStatic,train,40,39.99021048,6,7,999505262,1000005262,5521762.232470001,4530715.877423977,uniform_k9,9,0.14441469444228813
cleanStatic,train,40,39.99021048,6,7,999505262,1000005262,5521762.232470001,4530715.877423977,shuffled_k9,9,0.6829773194151575
cleanStatic,train,40,39.99021048,6,7,999505262,1000005262,5521762.232470001,4530715.877423977,ai_sparse_k3,3,0.1844788124515985
cleanStatic,train,40,39.99021048,6,7,999505262,1000005262,5521762.232470001,4530715.877423977,pg_scc_k3,3,0.3277442371047356
cleanStatic,train,40,39.99021048,6,7,999505262,1000005262,5521762.232470001,4530715.877423977,ai_sparse_k5,5,0.4413530327002123
cleanStatic,train,40,39.99021048,6,7,999505262,1000005262,5521762.232470001,4530715.877423977,pg_scc_k5,5,0.05479769327186421
cleanStatic,train,40,39.99021048,6,7,999505262,1000005262,5521762.232470001,4530715.877423977,ai_sparse_k9,9,0.4626056821883843
cleanStatic,train,40,39.99021048,6,7,999505262,1000005262,5521762.232470001,4530715.877423977,pg_scc_k9,9,0.017045364598908423
cleanStatic,train,40,39.99021048,6,7,999505262,1000005262,5521762.232470001,4530715.877423977,epl3,3,2.075013632902742
cleanStatic,train,40,39.99021048,6,7,999505262,1000005262,5521762.232470001,4530715.877423977,fixed9,9,1.192876002021789
cleanStatic,train,40,39.99021048,6,7,999505262,1000005262,5521762.232470001,4530715.877423977,random1_k3,3,1.1634042082595666
cleanStatic,train,40,39.99021048,6,7,999505262,1000005262,5521762.232470001,4530715.877423977,random2_k3,3,1.2993465513084907
cleanStatic,train,40,39.99021048,6,7,999505262,1000005262,5521762.232470001,4530715.877423977,random3_k3,3,0.1697824725309878
cleanStatic,train,40,39.99021048,6,7,999505262,1000005262,5521762.232470001,4530715.877423977,random4_k3,3,1.1133867975674738
cleanStatic,train,40,39.99021048,6,7,999505262,1000005262,5521762.232470001,4530715.877423977,random5_k3,3,1.3694909991031778
cleanStatic,train,40,39.99021048,6,7,999505262,1000005262,5521762.232470001,4530715.877423977,random1_k5,5,1.043105791097948
cleanStatic,train,40,39.99021048,6,7,999505262,1000005262,5521762.232470001,4530715.877423977,random2_k5,5,0.7621271531003554
cleanStatic,train,40,39.99021048,6,7,999505262,1000005262,5521762.232470001,4530715.877423977,random3_k5,5,1.1479480502201338
cleanStatic,train,40,39.99021048,6,7,999505262,1000005262,5521762.232470001,4530715.877423977,random4_k5,5,1.2444074640042353
cleanStatic,train,40,39.99021048,6,7,999505262,1000005262,5521762.232470001,4530715.877423977,random5_k5,5,0.7652443201791415
cleanStatic,train,40,39.99021048,6,7,999505262,1000005262,5521762.232470001,4530715.877423977,random1_k9,9,0.7883507450550431
cleanStatic,train,40,39.99021048,6,7,999505262,1000005262,5521762.232470001,4530715.877423977,random2_k9,9,0.42858835140166185
cleanStatic,train,40,39.99021048,6,7,999505262,1000005262,5521762.232470001,4530715.877423977,random3_k9,9,0.6977321154397477
cleanStatic,train,40,39.99021048,6,7,999505262,1000005262,5521762.232470001,4530715.877423977,random4_k9,9,1.0002333836340915
cleanStatic,train,40,39.99021048,6,7,999505262,1000005262,5521762.232470001,4530715.877423977,random5_k9,9,0.10696991984210442
cleanStatic,train,40,39.99037956,7,10,999509489,1000009489,5521542.742946001,2253479.9811348235,dense_two_source_glrt,187,0.3777648956445358
cleanStatic,train,40,39.99037956,7,10,999509489,1000009489,5521542.742946001,2253479.9811348235,dense_one_source_residual,187,1.8686928647785028
cleanStatic,train,40,39.99037956,7,10,999509489,1000009489,5521542.742946001,2253479.9811348235,raw_power_only,0,5521542.742946001
cleanStatic,train,40,39.99037956,7,10,999509489,1000009489,5521542.742946001,2253479.9811348235,analytic_sparse_k3,3,0.3236023746309776
cleanStatic,train,40,39.99037956,7,10,999509489,1000009489,5521542.742946001,2253479.9811348235,uniform_k3,3,0.16183506101601017
cleanStatic,train,40,39.99037956,7,10,999509489,1000009489,5521542.742946001,2253479.9811348235,shuffled_k3,3,0.12514855192900157
cleanStatic,train,40,39.99037956,7,10,999509489,1000009489,5521542.742946001,2253479.9811348235,analytic_sparse_k5,5,0.42098572477096197
cleanStatic,train,40,39.99037956,7,10,999509489,1000009489,5521542.742946001,2253479.9811348235,uniform_k5,5,0.16383071279903727
cleanStatic,train,40,39.99037956,7,10,999509489,1000009489,5521542.742946001,2253479.9811348235,shuffled_k5,5,1.368226465073231
cleanStatic,train,40,39.99037956,7,10,999509489,1000009489,5521542.742946001,2253479.9811348235,analytic_sparse_k9,9,1.013711855397303
cleanStatic,train,40,39.99037956,7,10,999509489,1000009489,5521542.742946001,2253479.9811348235,uniform_k9,9,0.181260146835405
cleanStatic,train,40,39.99037956,7,10,999509489,1000009489,5521542.742946001,2253479.9811348235,shuffled_k9,9,1.2701766871193185
cleanStatic,train,40,39.99037956,7,10,999509489,1000009489,5521542.742946001,2253479.9811348235,ai_sparse_k3,3,2.094137210079109
cleanStatic,train,40,39.99037956,7,10,999509489,1000009489,5521542.742946001,2253479.9811348235,pg_scc_k3,3,3.867631094430585
cleanStatic,train,40,39.99037956,7,10,999509489,1000009489,5521542.742946001,2253479.9811348235,ai_sparse_k5,5,1.4835586340134683
cleanStatic,train,40,39.99037956,7,10,999509489,1000009489,5521542.742946001,2253479.9811348235,pg_scc_k5,5,1.2142174860644797
cleanStatic,train,40,39.99037956,7,10,999509489,1000009489,5521542.742946001,2253479.9811348235,ai_sparse_k9,9,1.2832916821220397
cleanStatic,train,40,39.99037956,7,10,999509489,1000009489,5521542.742946001,2253479.9811348235,pg_scc_k9,9,1.1646055609263344
cleanStatic,train,40,39.99037956,7,10,999509489,1000009489,5521542.742946001,2253479.9811348235,epl3,3,1.9790525037382525
cleanStatic,train,40,39.99037956,7,10,999509489,1000009489,5521542.742946001,2253479.9811348235,fixed9,9,1.5011012476656596
cleanStatic,train,40,39.99037956,7,10,999509489,1000009489,5521542.742946001,2253479.9811348235,random1_k3,3,2.0599352280436327
cleanStatic,train,40,39.99037956,7,10,999509489,1000009489,5521542.742946001,2253479.9811348235,random2_k3,3,0.21677400515536793
cleanStatic,train,40,39.99037956,7,10,999509489,1000009489,5521542.742946001,2253479.9811348235,random3_k3,3,1.446948739881668
cleanStatic,train,40,39.99037956,7,10,999509489,1000009489,5521542.742946001,2253479.9811348235,random4_k3,3,0.928649756750322
cleanStatic,train,40,39.99037956,7,10,999509489,1000009489,5521542.742946001,2253479.9811348235,random5_k3,3,0.11307446956808935
cleanStatic,train,40,39.99037956,7,10,999509489,1000009489,5521542.742946001,2253479.9811348235,random1_k5,5,0.2666934412006124
cleanStatic,train,40,39.99037956,7,10,999509489,1000009489,5521542.742946001,2253479.9811348235,random2_k5,5,0.27515990393051715
cleanStatic,train,40,39.99037956,7,10,999509489,1000009489,5521542.742946001,2253479.9811348235,random3_k5,5,0.511007571031276
cleanStatic,train,40,39.99037956,7,10,999509489,1000009489,5521542.742946001,2253479.9811348235,random4_k5,5,0.42392476799522727
cleanStatic,train,40,39.99037956,7,10,999509489,1000009489,5521542.742946001,2253479.9811348235,random5_k5,5,0.6231814927893059
cleanStatic,train,40,39.99037956,7,10,999509489,1000009489,5521542.742946001,2253479.9811348235,random1_k9,9,0.39573685055995
cleanStatic,train,40,39.99037956,7,10,999509489,1000009489,5521542.742946001,2253479.9811348235,random2_k9,9,0.4828363233568233
cleanStatic,train,40,39.99037956,7,10,999509489,1000009489,5521542.742946001,2253479.9811348235,random3_k9,9,0.37975155457904347
cleanStatic,train,40,39.99037956,7,10,999509489,1000009489,5521542.742946001,2253479.9811348235,random4_k9,9,1.3709017112169275
cleanStatic,train,40,39.99037956,7,10,999509489,1000009489,5521542.742946001,2253479.9811348235,random5_k9,9,1.611526567492698
cleanStatic,train,40,39.99468696,8,13,999617174,1000117174,5510160.377228001,6491138.389925554,dense_two_source_glrt,187,0.1408807810411919
cleanStatic,train,40,39.99468696,8,13,999617174,1000117174,5510160.377228001,6491138.389925554,dense_one_source_residual,187,0.43307769202864815
cleanStatic,train,40,39.99468696,8,13,999617174,1000117174,5510160.377228001,6491138.389925554,raw_power_only,0,5510160.377228001
cleanStatic,train,40,39.99468696,8,13,999617174,1000117174,5510160.377228001,6491138.389925554,analytic_sparse_k3,3,0.051816133128539166
cleanStatic,train,40,39.99468696,8,13,999617174,1000117174,5510160.377228001,6491138.389925554,uniform_k3,3,0.166176800610377
cleanStatic,train,40,39.99468696,8,13,999617174,1000117174,5510160.377228001,6491138.389925554,shuffled_k3,3,0.02213648838903902
cleanStatic,train,40,39.99468696,8,13,999617174,1000117174,5510160.377228001,6491138.389925554,analytic_sparse_k5,5,0.12314086207180111
cleanStatic,train,40,39.99468696,8,13,999617174,1000117174,5510160.377228001,6491138.389925554,uniform_k5,5,0.07984056714400607
cleanStatic,train,40,39.99468696,8,13,999617174,1000117174,5510160.377228001,6491138.389925554,shuffled_k5,5,0.07377591084911408
cleanStatic,train,40,39.99468696,8,13,999617174,1000117174,5510160.377228001,6491138.389925554,analytic_sparse_k9,9,0.06984662633031724
cleanStatic,train,40,39.99468696,8,13,999617174,1000117174,5510160.377228001,6491138.389925554,uniform_k9,9,0.02477073773324455
cleanStatic,train,40,39.99468696,8,13,999617174,1000117174,5510160.377228001,6491138.389925554,shuffled_k9,9,0.3740017337035944
cleanStatic,train,40,39.99468696,8,13,999617174,1000117174,5510160.377228001,6491138.389925554,ai_sparse_k3,3,0.3513510683088424
cleanStatic,train,40,39.99468696,8,13,999617174,1000117174,5510160.377228001,6491138.389925554,pg_scc_k3,3,0.17359279362339694
cleanStatic,train,40,39.99468696,8,13,999617174,1000117174,5510160.377228001,6491138.389925554,ai_sparse_k5,5,0.47126164439374935
cleanStatic,train,40,39.99468696,8,13,999617174,1000117174,5510160.377228001,6491138.389925554,pg_scc_k5,5,0.06633783041468284
cleanStatic,train,40,39.99468696,8,13,999617174,1000117174,5510160.377228001,6491138.389925554,ai_sparse_k9,9,0.38056796576177937
cleanStatic,train,40,39.99468696,8,13,999617174,1000117174,5510160.377228001,6491138.389925554,pg_scc_k9,9,0.07563139328952342
cleanStatic,train,40,39.99468696,8,13,999617174,1000117174,5510160.377228001,6491138.389925554,epl3,3,0.39957777123944455
cleanStatic,train,40,39.99468696,8,13,999617174,1000117174,5510160.377228001,6491138.389925554,fixed9,9,0.42397744008285687
cleanStatic,train,40,39.99468696,8,13,999617174,1000117174,5510160.377228001,6491138.389925554,random1_k3,3,0.14990947140632263
cleanStatic,train,40,39.99468696,8,13,999617174,1000117174,5510160.377228001,6491138.389925554,random2_k3,3,0.24732250097967476
cleanStatic,train,40,39.99468696,8,13,999617174,1000117174,5510160.377228001,6491138.389925554,random3_k3,3,0.37274253630911797
cleanStatic,train,40,39.99468696,8,13,999617174,1000117174,5510160.377228001,6491138.389925554,random4_k3,3,0.18414866273548772
cleanStatic,train,40,39.99468696,8,13,999617174,1000117174,5510160.377228001,6491138.389925554,random5_k3,3,0.1407932669621707
cleanStatic,train,40,39.99468696,8,13,999617174,1000117174,5510160.377228001,6491138.389925554,random1_k5,5,0.27190326973165496
cleanStatic,train,40,39.99468696,8,13,999617174,1000117174,5510160.377228001,6491138.389925554,random2_k5,5,0.08667014005676485
cleanStatic,train,40,39.99468696,8,13,999617174,1000117174,5510160.377228001,6491138.389925554,random3_k5,5,0.27290841883287986
cleanStatic,train,40,39.99468696,8,13,999617174,1000117174,5510160.377228001,6491138.389925554,random4_k5,5,0.20669236469703972
cleanStatic,train,40,39.99468696,8,13,999617174,1000117174,5510160.377228001,6491138.389925554,random5_k5,5,0.20268551220032066
cleanStatic,train,40,39.99468696,8,13,999617174,1000117174,5510160.377228001,6491138.389925554,random1_k9,9,0.3880872146965509
cleanStatic,train,40,39.99468696,8,13,999617174,1000117174,5510160.377228001,6491138.389925554,random2_k9,9,0.11097160426658423
cleanStatic,train,40,39.99468696,8,13,999617174,1000117174,5510160.377228001,6491138.389925554,random3_k9,9,0.2867839273793844
cleanStatic,train,40,39.99468696,8,13,999617174,1000117174,5510160.377228001,6491138.389925554,random4_k9,9,0.2979885454235069
cleanStatic,train,40,39.99468696,8,13,999617174,1000117174,5510160.377228001,6491138.389925554,random5_k9,9,0.14180794886647663
cleanStatic,train,40,39.99652872,9,19,999663218,1000163218,5508364.3657800015,4464136.012794251,dense_two_source_glrt,187,0.0637496253044714
cleanStatic,train,40,39.99652872,9,19,999663218,1000163218,5508364.3657800015,4464136.012794251,dense_one_source_residual,187,0.43979326966861326
cleanStatic,train,40,39.99652872,9,19,999663218,1000163218,5508364.3657800015,4464136.012794251,raw_power_only,0,5508364.3657800015
cleanStatic,train,40,39.99652872,9,19,999663218,1000163218,5508364.3657800015,4464136.012794251,analytic_sparse_k3,3,0.11042797529459003
cleanStatic,train,40,39.99652872,9,19,999663218,1000163218,5508364.3657800015,4464136.012794251,uniform_k3,3,0.18818816651633555
cleanStatic,train,40,39.99652872,9,19,999663218,1000163218,5508364.3657800015,4464136.012794251,shuffled_k3,3,0.5995356929052522
cleanStatic,train,40,39.99652872,9,19,999663218,1000163218,5508364.3657800015,4464136.012794251,analytic_sparse_k5,5,0.2519143462218125
cleanStatic,train,40,39.99652872,9,19,999663218,1000163218,5508364.3657800015,4464136.012794251,uniform_k5,5,0.11719865483445462
cleanStatic,train,40,39.99652872,9,19,999663218,1000163218,5508364.3657800015,4464136.012794251,shuffled_k5,5,0.5004924869343886
cleanStatic,train,40,39.99652872,9,19,999663218,1000163218,5508364.3657800015,4464136.012794251,analytic_sparse_k9,9,0.29773316187810533
cleanStatic,train,40,39.99652872,9,19,999663218,1000163218,5508364.3657800015,4464136.012794251,uniform_k9,9,0.01103040260125512
cleanStatic,train,40,39.99652872,9,19,999663218,1000163218,5508364.3657800015,4464136.012794251,shuffled_k9,9,0.06876217086045816
cleanStatic,train,40,39.99652872,9,19,999663218,1000163218,5508364.3657800015,4464136.012794251,ai_sparse_k3,3,0.06917844121979594
cleanStatic,train,40,39.99652872,9,19,999663218,1000163218,5508364.3657800015,4464136.012794251,pg_scc_k3,3,0.07699730027840909
cleanStatic,train,40,39.99652872,9,19,999663218,1000163218,5508364.3657800015,4464136.012794251,ai_sparse_k5,5,0.06759775908396184
cleanStatic,train,40,39.99652872,9,19,999663218,1000163218,5508364.3657800015,4464136.012794251,pg_scc_k5,5,0.2788107660340696
cleanStatic,train,40,39.99652872,9,19,999663218,1000163218,5508364.3657800015,4464136.012794251,ai_sparse_k9,9,0.12678994590538595
cleanStatic,train,40,39.99652872,9,19,999663218,1000163218,5508364.3657800015,4464136.012794251,pg_scc_k9,9,0.1969051489388576
cleanStatic,train,40,39.99652872,9,19,999663218,1000163218,5508364.3657800015,4464136.012794251,epl3,3,0.43567222112224785
cleanStatic,train,40,39.99652872,9,19,999663218,1000163218,5508364.3657800015,4464136.012794251,fixed9,9,0.09229147323576387
cleanStatic,train,40,39.99652872,9,19,999663218,1000163218,5508364.3657800015,4464136.012794251,random1_k3,3,0.4837349350888515
cleanStatic,train,40,39.99652872,9,19,999663218,1000163218,5508364.3657800015,4464136.012794251,random2_k3,3,0.4332457955810183
cleanStatic,train,40,39.99652872,9,19,999663218,1000163218,5508364.3657800015,4464136.012794251,random3_k3,3,0.021751335056683113
cleanStatic,train,40,39.99652872,9,19,999663218,1000163218,5508364.3657800015,4464136.012794251,random4_k3,3,0.010007980013690082
cleanStatic,train,40,39.99652872,9,19,999663218,1000163218,5508364.3657800015,4464136.012794251,random5_k3,3,0.18037439979085615
cleanStatic,train,40,39.99652872,9,19,999663218,1000163218,5508364.3657800015,4464136.012794251,random1_k5,5,0.05743558276255598
cleanStatic,train,40,39.99652872,9,19,999663218,1000163218,5508364.3657800015,4464136.012794251,random2_k5,5,0.20768629081053042
cleanStatic,train,40,39.99652872,9,19,999663218,1000163218,5508364.3657800015,4464136.012794251,random3_k5,5,0.2614870362546855
cleanStatic,train,40,39.99652872,9,19,999663218,1000163218,5508364.3657800015,4464136.012794251,random4_k5,5,0.24215628525607355
cleanStatic,train,40,39.99652872,9,19,999663218,1000163218,5508364.3657800015,4464136.012794251,random5_k5,5,0.13776112546783406
cleanStatic,train,40,39.99652872,9,19,999663218,1000163218,5508364.3657800015,4464136.012794251,random1_k9,9,0.062654255009301
cleanStatic,train,40,39.99652872,9,19,999663218,1000163218,5508364.3657800015,4464136.012794251,random2_k9,9,0.15563592178457591
cleanStatic,train,40,39.99652872,9,19,999663218,1000163218,5508364.3657800015,4464136.012794251,random3_k9,9,0.04562063721130928
cleanStatic,train,40,39.99652872,9,19,999663218,1000163218,5508364.3657800015,4464136.012794251,random4_k9,9,0.21635113655221724
cleanStatic,train,40,39.99652872,9,19,999663218,1000163218,5508364.3657800015,4464136.012794251,random5_k9,9,0.15397347580839357
cleanStatic,train,40,39.99561232,10,23,999640308,1000140308,5512003.705365999,6437816.021421328,dense_two_source_glrt,187,0.04129349452948817
cleanStatic,train,40,39.99561232,10,23,999640308,1000140308,5512003.705365999,6437816.021421328,dense_one_source_residual,187,0.20969495485043194
cleanStatic,train,40,39.99561232,10,23,999640308,1000140308,5512003.705365999,6437816.021421328,raw_power_only,0,5512003.705365999
cleanStatic,train,40,39.99561232,10,23,999640308,1000140308,5512003.705365999,6437816.021421328,analytic_sparse_k3,3,0.055431074189955104
cleanStatic,train,40,39.99561232,10,23,999640308,1000140308,5512003.705365999,6437816.021421328,uniform_k3,3,0.08632441594641525
cleanStatic,train,40,39.99561232,10,23,999640308,1000140308,5512003.705365999,6437816.021421328,shuffled_k3,3,0.049073725702028274
cleanStatic,train,40,39.99561232,10,23,999640308,1000140308,5512003.705365999,6437816.021421328,analytic_sparse_k5,5,0.0580790800591676
cleanStatic,train,40,39.99561232,10,23,999640308,1000140308,5512003.705365999,6437816.021421328,uniform_k5,5,0.06710813703229676
cleanStatic,train,40,39.99561232,10,23,999640308,1000140308,5512003.705365999,6437816.021421328,shuffled_k5,5,0.07042768322427168
cleanStatic,train,40,39.99561232,10,23,999640308,1000140308,5512003.705365999,6437816.021421328,analytic_sparse_k9,9,0.08738924052236555
cleanStatic,train,40,39.99561232,10,23,999640308,1000140308,5512003.705365999,6437816.021421328,uniform_k9,9,0.07907056489889744
cleanStatic,train,40,39.99561232,10,23,999640308,1000140308,5512003.705365999,6437816.021421328,shuffled_k9,9,0.10515299340877376
cleanStatic,train,40,39.99561232,10,23,999640308,1000140308,5512003.705365999,6437816.021421328,ai_sparse_k3,3,0.07568890940006465
cleanStatic,train,40,39.99561232,10,23,999640308,1000140308,5512003.705365999,6437816.021421328,pg_scc_k3,3,0.057590718297002665
cleanStatic,train,40,39.99561232,10,23,999640308,1000140308,5512003.705365999,6437816.021421328,ai_sparse_k5,5,0.13185227781588332
cleanStatic,train,40,39.99561232,10,23,999640308,1000140308,5512003.705365999,6437816.021421328,pg_scc_k5,5,0.03652336222563375
cleanStatic,train,40,39.99561232,10,23,999640308,1000140308,5512003.705365999,6437816.021421328,ai_sparse_k9,9,0.10370617578141142
cleanStatic,train,40,39.99561232,10,23,999640308,1000140308,5512003.705365999,6437816.021421328,pg_scc_k9,9,0.03847986086123034
cleanStatic,train,40,39.99561232,10,23,999640308,1000140308,5512003.705365999,6437816.021421328,epl3,3,0.25971591378594944
cleanStatic,train,40,39.99561232,10,23,999640308,1000140308,5512003.705365999,6437816.021421328,fixed9,9,0.10711709066346287
cleanStatic,train,40,39.99561232,10,23,999640308,1000140308,5512003.705365999,6437816.021421328,random1_k3,3,0.0632426608746054
cleanStatic,train,40,39.99561232,10,23,999640308,1000140308,5512003.705365999,6437816.021421328,random2_k3,3,0.248007265927075
cleanStatic,train,40,39.99561232,10,23,999640308,1000140308,5512003.705365999,6437816.021421328,random3_k3,3,0.08341273816272661
cleanStatic,train,40,39.99561232,10,23,999640308,1000140308,5512003.705365999,6437816.021421328,random4_k3,3,0.0771890354191012
cleanStatic,train,40,39.99561232,10,23,999640308,1000140308,5512003.705365999,6437816.021421328,random5_k3,3,0.12483404074796223
cleanStatic,train,40,39.99561232,10,23,999640308,1000140308,5512003.705365999,6437816.021421328,random1_k5,5,0.10166221025160298
cleanStatic,train,40,39.99561232,10,23,999640308,1000140308,5512003.705365999,6437816.021421328,random2_k5,5,0.13002342736852807
cleanStatic,train,40,39.99561232,10,23,999640308,1000140308,5512003.705365999,6437816.021421328,random3_k5,5,0.06159726164442959
cleanStatic,train,40,39.99561232,10,23,999640308,1000140308,5512003.705365999,6437816.021421328,random4_k5,5,0.042124292343459206
cleanStatic,train,40,39.99561232,10,23,999640308,1000140308,5512003.705365999,6437816.021421328,random5_k5,5,0.08835664683011898
cleanStatic,train,40,39.99561232,10,23,999640308,1000140308,5512003.705365999,6437816.021421328,random1_k9,9,0.08514731474314997
cleanStatic,train,40,39.99561232,10,23,999640308,1000140308,5512003.705365999,6437816.021421328,random2_k9,9,0.09668090243128723
cleanStatic,train,40,39.99561232,10,23,999640308,1000140308,5512003.705365999,6437816.021421328,random3_k9,9,0.05591561328068484
cleanStatic,train,40,39.99561232,10,23,999640308,1000140308,5512003.705365999,6437816.021421328,random4_k9,9,0.051732296112733285
cleanStatic,train,40,39.99561232,10,23,999640308,1000140308,5512003.705365999,6437816.021421328,random5_k9,9,0.05427170929695362
cleanStatic,train,42,41.99327788,0,16,1049581947,1050081947,5604458.930648,5602111.228531786,dense_two_source_glrt,187,0.0348983727495959
cleanStatic,train,42,41.99327788,0,16,1049581947,1050081947,5604458.930648,5602111.228531786,dense_one_source_residual,187,0.33997238664598417
cleanStatic,train,42,41.99327788,0,16,1049581947,1050081947,5604458.930648,5602111.228531786,raw_power_only,0,5604458.930648
cleanStatic,train,42,41.99327788,0,16,1049581947,1050081947,5604458.930648,5602111.228531786,analytic_sparse_k3,3,0.030337305174231544
cleanStatic,train,42,41.99327788,0,16,1049581947,1050081947,5604458.930648,5602111.228531786,uniform_k3,3,0.2990729819164852
cleanStatic,train,42,41.99327788,0,16,1049581947,1050081947,5604458.930648,5602111.228531786,shuffled_k3,3,0.11050955669912499
cleanStatic,train,42,41.99327788,0,16,1049581947,1050081947,5604458.930648,5602111.228531786,analytic_sparse_k5,5,0.0768168873212383
cleanStatic,train,42,41.99327788,0,16,1049581947,1050081947,5604458.930648,5602111.228531786,uniform_k5,5,0.213834282496137
cleanStatic,train,42,41.99327788,0,16,1049581947,1050081947,5604458.930648,5602111.228531786,shuffled_k5,5,0.13458719659835755
cleanStatic,train,42,41.99327788,0,16,1049581947,1050081947,5604458.930648,5602111.228531786,analytic_sparse_k9,9,0.038264068439471006
cleanStatic,train,42,41.99327788,0,16,1049581947,1050081947,5604458.930648,5602111.228531786,uniform_k9,9,0.05549690111618509
cleanStatic,train,42,41.99327788,0,16,1049581947,1050081947,5604458.930648,5602111.228531786,shuffled_k9,9,0.024122711504337795
cleanStatic,train,42,41.99327788,0,16,1049581947,1050081947,5604458.930648,5602111.228531786,ai_sparse_k3,3,0.04898113784973603
cleanStatic,train,42,41.99327788,0,16,1049581947,1050081947,5604458.930648,5602111.228531786,pg_scc_k3,3,0.05143995102763066
cleanStatic,train,42,41.99327788,0,16,1049581947,1050081947,5604458.930648,5602111.228531786,ai_sparse_k5,5,0.03449144272858923
cleanStatic,train,42,41.99327788,0,16,1049581947,1050081947,5604458.930648,5602111.228531786,pg_scc_k5,5,0.025473446218952756
cleanStatic,train,42,41.99327788,0,16,1049581947,1050081947,5604458.930648,5602111.228531786,ai_sparse_k9,9,0.050437730815148456
cleanStatic,train,42,41.99327788,0,16,1049581947,1050081947,5604458.930648,5602111.228531786,pg_scc_k9,9,0.01703365443935058
cleanStatic,train,42,41.99327788,0,16,1049581947,1050081947,5604458.930648,5602111.228531786,epl3,3,0.08773713826993114
cleanStatic,train,42,41.99327788,0,16,1049581947,1050081947,5604458.930648,5602111.228531786,fixed9,9,0.0678983672190727
cleanStatic,train,42,41.99327788,0,16,1049581947,1050081947,5604458.930648,5602111.228531786,random1_k3,3,0.14258212353950026
cleanStatic,train,42,41.99327788,0,16,1049581947,1050081947,5604458.930648,5602111.228531786,random2_k3,3,0.052940093177610115
cleanStatic,train,42,41.99327788,0,16,1049581947,1050081947,5604458.930648,5602111.228531786,random3_k3,3,0.0688059538883047
cleanStatic,train,42,41.99327788,0,16,1049581947,1050081947,5604458.930648,5602111.228531786,random4_k3,3,0.23891715350532686
cleanStatic,train,42,41.99327788,0,16,1049581947,1050081947,5604458.930648,5602111.228531786,random5_k3,3,0.1285583083406242
cleanStatic,train,42,41.99327788,0,16,1049581947,1050081947,5604458.930648,5602111.228531786,random1_k5,5,0.11708048049677018
cleanStatic,train,42,41.99327788,0,16,1049581947,1050081947,5604458.930648,5602111.228531786,random2_k5,5,0.08649843137980495
cleanStatic,train,42,41.99327788,0,16,1049581947,1050081947,5604458.930648,5602111.228531786,random3_k5,5,0.14767362597028585
cleanStatic,train,42,41.99327788,0,16,1049581947,1050081947,5604458.930648,5602111.228531786,random4_k5,5,0.1287708601133019
cleanStatic,train,42,41.99327788,0,16,1049581947,1050081947,5604458.930648,5602111.228531786,random5_k5,5,0.06130982084804733
cleanStatic,train,42,41.99327788,0,16,1049581947,1050081947,5604458.930648,5602111.228531786,random1_k9,9,0.0657357959139505
cleanStatic,train,42,41.99327788,0,16,1049581947,1050081947,5604458.930648,5602111.228531786,random2_k9,9,0.012600044437608253
cleanStatic,train,42,41.99327788,0,16,1049581947,1050081947,5604458.930648,5602111.228531786,random3_k9,9,0.04987898421440676
cleanStatic,train,42,41.99327788,0,16,1049581947,1050081947,5604458.930648,5602111.228531786,random4_k9,9,0.13047236270779003
cleanStatic,train,42,41.99327788,0,16,1049581947,1050081947,5604458.930648,5602111.228531786,random5_k9,9,0.1941961336191781
cleanStatic,train,42,42.00454872,2,3,1049863718,1050363718,5599390.832022,5944513.549865023,dense_two_source_glrt,187,0.11113873712906988
cleanStatic,train,42,42.00454872,2,3,1049863718,1050363718,5599390.832022,5944513.549865023,dense_one_source_residual,187,0.34946862687725133
cleanStatic,train,42,42.00454872,2,3,1049863718,1050363718,5599390.832022,5944513.549865023,raw_power_only,0,5599390.832022
cleanStatic,train,42,42.00454872,2,3,1049863718,1050363718,5599390.832022,5944513.549865023,analytic_sparse_k3,3,0.3600968455705687
cleanStatic,train,42,42.00454872,2,3,1049863718,1050363718,5599390.832022,5944513.549865023,uniform_k3,3,0.2161830569689711
cleanStatic,train,42,42.00454872,2,3,1049863718,1050363718,5599390.832022,5944513.549865023,shuffled_k3,3,0.2028307573652192
cleanStatic,train,42,42.00454872,2,3,1049863718,1050363718,5599390.832022,5944513.549865023,analytic_sparse_k5,5,0.262436371504154
cleanStatic,train,42,42.00454872,2,3,1049863718,1050363718,5599390.832022,5944513.549865023,uniform_k5,5,0.07193520323211225
cleanStatic,train,42,42.00454872,2,3,1049863718,1050363718,5599390.832022,5944513.549865023,shuffled_k5,5,0.1984087022649011
cleanStatic,train,42,42.00454872,2,3,1049863718,1050363718,5599390.832022,5944513.549865023,analytic_sparse_k9,9,0.18930160218595748
cleanStatic,train,42,42.00454872,2,3,1049863718,1050363718,5599390.832022,5944513.549865023,uniform_k9,9,0.024826986867912983
cleanStatic,train,42,42.00454872,2,3,1049863718,1050363718,5599390.832022,5944513.549865023,shuffled_k9,9,0.10247193061038895
cleanStatic,train,42,42.00454872,2,3,1049863718,1050363718,5599390.832022,5944513.549865023,ai_sparse_k3,3,0.05592611020903804
cleanStatic,train,42,42.00454872,2,3,1049863718,1050363718,5599390.832022,5944513.549865023,pg_scc_k3,3,0.31011175452614875
cleanStatic,train,42,42.00454872,2,3,1049863718,1050363718,5599390.832022,5944513.549865023,ai_sparse_k5,5,0.1261897417178663
cleanStatic,train,42,42.00454872,2,3,1049863718,1050363718,5599390.832022,5944513.549865023,pg_scc_k5,5,0.14071269947267004
cleanStatic,train,42,42.00454872,2,3,1049863718,1050363718,5599390.832022,5944513.549865023,ai_sparse_k9,9,0.2058652913802019
cleanStatic,train,42,42.00454872,2,3,1049863718,1050363718,5599390.832022,5944513.549865023,pg_scc_k9,9,0.1574857663260026
cleanStatic,train,42,42.00454872,2,3,1049863718,1050363718,5599390.832022,5944513.549865023,epl3,3,0.21347474249003764
cleanStatic,train,42,42.00454872,2,3,1049863718,1050363718,5599390.832022,5944513.549865023,fixed9,9,0.21686524903493107
cleanStatic,train,42,42.00454872,2,3,1049863718,1050363718,5599390.832022,5944513.549865023,random1_k3,3,0.1696670513554284
cleanStatic,train,42,42.00454872,2,3,1049863718,1050363718,5599390.832022,5944513.549865023,random2_k3,3,0.16043166966533287
cleanStatic,train,42,42.00454872,2,3,1049863718,1050363718,5599390.832022,5944513.549865023,random3_k3,3,0.08763111427976662
cleanStatic,train,42,42.00454872,2,3,1049863718,1050363718,5599390.832022,5944513.549865023,random4_k3,3,0.2566015133808154
cleanStatic,train,42,42.00454872,2,3,1049863718,1050363718,5599390.832022,5944513.549865023,random5_k3,3,0.10826936475518027
cleanStatic,train,42,42.00454872,2,3,1049863718,1050363718,5599390.832022,5944513.549865023,random1_k5,5,0.20379378217478256
cleanStatic,train,42,42.00454872,2,3,1049863718,1050363718,5599390.832022,5944513.549865023,random2_k5,5,0.13100986201510195
cleanStatic,train,42,42.00454872,2,3,1049863718,1050363718,5599390.832022,5944513.549865023,random3_k5,5,0.10930397879798855
cleanStatic,train,42,42.00454872,2,3,1049863718,1050363718,5599390.832022,5944513.549865023,random4_k5,5,0.2718339892873915
cleanStatic,train,42,42.00454872,2,3,1049863718,1050363718,5599390.832022,5944513.549865023,random5_k5,5,0.06375253085977156
cleanStatic,train,42,42.00454872,2,3,1049863718,1050363718,5599390.832022,5944513.549865023,random1_k9,9,0.1098672482729337
cleanStatic,train,42,42.00454872,2,3,1049863718,1050363718,5599390.832022,5944513.549865023,random2_k9,9,0.1732729616013526
cleanStatic,train,42,42.00454872,2,3,1049863718,1050363718,5599390.832022,5944513.549865023,random3_k9,9,0.05112066537028786
cleanStatic,train,42,42.00454872,2,3,1049863718,1050363718,5599390.832022,5944513.549865023,random4_k9,9,0.08406745406679132
cleanStatic,train,42,42.00454872,2,3,1049863718,1050363718,5599390.832022,5944513.549865023,random5_k9,9,0.1304836706849961
cleanStatic,train,42,41.99132476,3,20,1049533119,1050033119,5597014.251069999,2285388.0619405536,dense_two_source_glrt,187,0.36304828477355333
cleanStatic,train,42,41.99132476,3,20,1049533119,1050033119,5597014.251069999,2285388.0619405536,dense_one_source_residual,187,2.3109618508533165
cleanStatic,train,42,41.99132476,3,20,1049533119,1050033119,5597014.251069999,2285388.0619405536,raw_power_only,0,5597014.251069999
cleanStatic,train,42,41.99132476,3,20,1049533119,1050033119,5597014.251069999,2285388.0619405536,analytic_sparse_k3,3,1.053361041773746
cleanStatic,train,42,41.99132476,3,20,1049533119,1050033119,5597014.251069999,2285388.0619405536,uniform_k3,3,3.528844728416695
cleanStatic,train,42,41.99132476,3,20,1049533119,1050033119,5597014.251069999,2285388.0619405536,shuffled_k3,3,1.411228334586859
cleanStatic,train,42,41.99132476,3,20,1049533119,1050033119,5597014.251069999,2285388.0619405536,analytic_sparse_k5,5,0.9928716109090179
cleanStatic,train,42,41.99132476,3,20,1049533119,1050033119,5597014.251069999,2285388.0619405536,uniform_k5,5,1.1215512556082026
cleanStatic,train,42,41.99132476,3,20,1049533119,1050033119,5597014.251069999,2285388.0619405536,shuffled_k5,5,0.5021264775410661
cleanStatic,train,42,41.99132476,3,20,1049533119,1050033119,5597014.251069999,2285388.0619405536,analytic_sparse_k9,9,0.631432193248986
cleanStatic,train,42,41.99132476,3,20,1049533119,1050033119,5597014.251069999,2285388.0619405536,uniform_k9,9,0.5778626174968338
cleanStatic,train,42,41.99132476,3,20,1049533119,1050033119,5597014.251069999,2285388.0619405536,shuffled_k9,9,0.610932232115936
cleanStatic,train,42,41.99132476,3,20,1049533119,1050033119,5597014.251069999,2285388.0619405536,ai_sparse_k3,3,0.33164240172008524
cleanStatic,train,42,41.99132476,3,20,1049533119,1050033119,5597014.251069999,2285388.0619405536,pg_scc_k3,3,0.23337461955136884
cleanStatic,train,42,41.99132476,3,20,1049533119,1050033119,5597014.251069999,2285388.0619405536,ai_sparse_k5,5,0.25345344506896195
cleanStatic,train,42,41.99132476,3,20,1049533119,1050033119,5597014.251069999,2285388.0619405536,pg_scc_k5,5,0.23120743856535997
cleanStatic,train,42,41.99132476,3,20,1049533119,1050033119,5597014.251069999,2285388.0619405536,ai_sparse_k9,9,0.2732573494884305
cleanStatic,train,42,41.99132476,3,20,1049533119,1050033119,5597014.251069999,2285388.0619405536,pg_scc_k9,9,0.2052125592681582
cleanStatic,train,42,41.99132476,3,20,1049533119,1050033119,5597014.251069999,2285388.0619405536,epl3,3,1.1368521060199834
cleanStatic,train,42,41.99132476,3,20,1049533119,1050033119,5597014.251069999,2285388.0619405536,fixed9,9,0.89771148453766
cleanStatic,train,42,41.99132476,3,20,1049533119,1050033119,5597014.251069999,2285388.0619405536,random1_k3,3,0.8035193876306198
cleanStatic,train,42,41.99132476,3,20,1049533119,1050033119,5597014.251069999,2285388.0619405536,random2_k3,3,3.7057448648768605
cleanStatic,train,42,41.99132476,3,20,1049533119,1050033119,5597014.251069999,2285388.0619405536,random3_k3,3,1.5289629699748264
cleanStatic,train,42,41.99132476,3,20,1049533119,1050033119,5597014.251069999,2285388.0619405536,random4_k3,3,3.625298135960613
cleanStatic,train,42,41.99132476,3,20,1049533119,1050033119,5597014.251069999,2285388.0619405536,random5_k3,3,0.8381067021651329
cleanStatic,train,42,41.99132476,3,20,1049533119,1050033119,5597014.251069999,2285388.0619405536,random1_k5,5,1.5745766004066997
cleanStatic,train,42,41.99132476,3,20,1049533119,1050033119,5597014.251069999,2285388.0619405536,random2_k5,5,1.0857488679227294
cleanStatic,train,42,41.99132476,3,20,1049533119,1050033119,5597014.251069999,2285388.0619405536,random3_k5,5,0.4055099043783786
cleanStatic,train,42,41.99132476,3,20,1049533119,1050033119,5597014.251069999,2285388.0619405536,random4_k5,5,0.7960747004946077
cleanStatic,train,42,41.99132476,3,20,1049533119,1050033119,5597014.251069999,2285388.0619405536,random5_k5,5,2.8774986893479335
cleanStatic,train,42,41.99132476,3,20,1049533119,1050033119,5597014.251069999,2285388.0619405536,random1_k9,9,0.3381109714350814
cleanStatic,train,42,41.99132476,3,20,1049533119,1050033119,5597014.251069999,2285388.0619405536,random2_k9,9,0.23400526663347737
cleanStatic,train,42,41.99132476,3,20,1049533119,1050033119,5597014.251069999,2285388.0619405536,random3_k9,9,1.7314508041576073
cleanStatic,train,42,41.99132476,3,20,1049533119,1050033119,5597014.251069999,2285388.0619405536,random4_k9,9,0.47816498500838595
cleanStatic,train,42,41.99132476,3,20,1049533119,1050033119,5597014.251069999,2285388.0619405536,random5_k9,9,0.20813700498676604
cleanStatic,train,42,42.04363184,4,30,1050840796,1051340796,5568337.3253419995,2493451.179771705,dense_two_source_glrt,187,0.3764466644090188
cleanStatic,train,42,42.04363184,4,30,1050840796,1051340796,5568337.3253419995,2493451.179771705,dense_one_source_residual,187,1.5398466299140754
cleanStatic,train,42,42.04363184,4,30,1050840796,1051340796,5568337.3253419995,2493451.179771705,raw_power_only,0,5568337.3253419995
cleanStatic,train,42,42.04363184,4,30,1050840796,1051340796,5568337.3253419995,2493451.179771705,analytic_sparse_k3,3,1.036575699546898
cleanStatic,train,42,42.04363184,4,30,1050840796,1051340796,5568337.3253419995,2493451.179771705,uniform_k3,3,0.8980488832373011
cleanStatic,train,42,42.04363184,4,30,1050840796,1051340796,5568337.3253419995,2493451.179771705,shuffled_k3,3,0.8385634407554478
cleanStatic,train,42,42.04363184,4,30,1050840796,1051340796,5568337.3253419995,2493451.179771705,analytic_sparse_k5,5,0.68443050508105
cleanStatic,train,42,42.04363184,4,30,1050840796,1051340796,5568337.3253419995,2493451.179771705,uniform_k5,5,0.6411852572845058
cleanStatic,train,42,42.04363184,4,30,1050840796,1051340796,5568337.3253419995,2493451.179771705,shuffled_k5,5,1.3556760678453963
cleanStatic,train,42,42.04363184,4,30,1050840796,1051340796,5568337.3253419995,2493451.179771705,analytic_sparse_k9,9,0.7292065595552764
cleanStatic,train,42,42.04363184,4,30,1050840796,1051340796,5568337.3253419995,2493451.179771705,uniform_k9,9,0.19976769805658665
cleanStatic,train,42,42.04363184,4,30,1050840796,1051340796,5568337.3253419995,2493451.179771705,shuffled_k9,9,1.0216958560866911
cleanStatic,train,42,42.04363184,4,30,1050840796,1051340796,5568337.3253419995,2493451.179771705,ai_sparse_k3,3,0.2794999086628903
cleanStatic,train,42,42.04363184,4,30,1050840796,1051340796,5568337.3253419995,2493451.179771705,pg_scc_k3,3,1.1429893663053272
cleanStatic,train,42,42.04363184,4,30,1050840796,1051340796,5568337.3253419995,2493451.179771705,ai_sparse_k5,5,0.40415948856428485
cleanStatic,train,42,42.04363184,4,30,1050840796,1051340796,5568337.3253419995,2493451.179771705,pg_scc_k5,5,0.4074082716674047
cleanStatic,train,42,42.04363184,4,30,1050840796,1051340796,5568337.3253419995,2493451.179771705,ai_sparse_k9,9,0.5665343930802799
cleanStatic,train,42,42.04363184,4,30,1050840796,1051340796,5568337.3253419995,2493451.179771705,pg_scc_k9,9,0.7014307224714699
cleanStatic,train,42,42.04363184,4,30,1050840796,1051340796,5568337.3253419995,2493451.179771705,epl3,3,1.635942948805865
cleanStatic,train,42,42.04363184,4,30,1050840796,1051340796,5568337.3253419995,2493451.179771705,fixed9,9,1.2789183760126965
cleanStatic,train,42,42.04363184,4,30,1050840796,1051340796,5568337.3253419995,2493451.179771705,random1_k3,3,1.0450957231870959
cleanStatic,train,42,42.04363184,4,30,1050840796,1051340796,5568337.3253419995,2493451.179771705,random2_k3,3,0.062312155445640394
cleanStatic,train,42,42.04363184,4,30,1050840796,1051340796,5568337.3253419995,2493451.179771705,random3_k3,3,0.9449538998177379
cleanStatic,train,42,42.04363184,4,30,1050840796,1051340796,5568337.3253419995,2493451.179771705,random4_k3,3,0.8202655776449091
cleanStatic,train,42,42.04363184,4,30,1050840796,1051340796,5568337.3253419995,2493451.179771705,random5_k3,3,0.14448455073814026
cleanStatic,train,42,42.04363184,4,30,1050840796,1051340796,5568337.3253419995,2493451.179771705,random1_k5,5,0.45594609568625566
cleanStatic,train,42,42.04363184,4,30,1050840796,1051340796,5568337.3253419995,2493451.179771705,random2_k5,5,0.7262918709326669
cleanStatic,train,42,42.04363184,4,30,1050840796,1051340796,5568337.3253419995,2493451.179771705,random3_k5,5,0.9090172221130495
cleanStatic,train,42,42.04363184,4,30,1050840796,1051340796,5568337.3253419995,2493451.179771705,random4_k5,5,1.4043425449684648
cleanStatic,train,42,42.04363184,4,30,1050840796,1051340796,5568337.3253419995,2493451.179771705,random5_k5,5,0.37863456797895323
cleanStatic,train,42,42.04363184,4,30,1050840796,1051340796,5568337.3253419995,2493451.179771705,random1_k9,9,0.3000978946872574
cleanStatic,train,42,42.04363184,4,30,1050840796,1051340796,5568337.3253419995,2493451.179771705,random2_k9,9,0.2522717826347108
cleanStatic,train,42,42.04363184,4,30,1050840796,1051340796,5568337.3253419995,2493451.179771705,random3_k9,9,0.29697272132146624
cleanStatic,train,42,42.04363184,4,30,1050840796,1051340796,5568337.3253419995,2493451.179771705,random4_k9,9,0.5196702366436712
cleanStatic,train,42,42.04363184,4,30,1050840796,1051340796,5568337.3253419995,2493451.179771705,random5_k9,9,1.393250843146138
cleanStatic,train,42,41.9996556,5,6,1049741390,1050241390,5601384.300868,4794466.446204973,dense_two_source_glrt,187,0.2759472717344079
cleanStatic,train,42,41.9996556,5,6,1049741390,1050241390,5601384.300868,4794466.446204973,dense_one_source_residual,187,0.8136422250417529
cleanStatic,train,42,41.9996556,5,6,1049741390,1050241390,5601384.300868,4794466.446204973,raw_power_only,0,5601384.300868
cleanStatic,train,42,41.9996556,5,6,1049741390,1050241390,5601384.300868,4794466.446204973,analytic_sparse_k3,3,0.20459050177917557
cleanStatic,train,42,41.9996556,5,6,1049741390,1050241390,5601384.300868,4794466.446204973,uniform_k3,3,0.21436109351062135
cleanStatic,train,42,41.9996556,5,6,1049741390,1050241390,5601384.300868,4794466.446204973,shuffled_k3,3,0.397964735029894
cleanStatic,train,42,41.9996556,5,6,1049741390,1050241390,5601384.300868,4794466.446204973,analytic_sparse_k5,5,0.32331943108893124
cleanStatic,train,42,41.9996556,5,6,1049741390,1050241390,5601384.300868,4794466.446204973,uniform_k5,5,0.059147519757107594
cleanStatic,train,42,41.9996556,5,6,1049741390,1050241390,5601384.300868,4794466.446204973,shuffled_k5,5,0.27540744210847184
cleanStatic,train,42,41.9996556,5,6,1049741390,1050241390,5601384.300868,4794466.446204973,analytic_sparse_k9,9,0.31572753078557625
cleanStatic,train,42,41.9996556,5,6,1049741390,1050241390,5601384.300868,4794466.446204973,uniform_k9,9,0.10043207389220424
cleanStatic,train,42,41.9996556,5,6,1049741390,1050241390,5601384.300868,4794466.446204973,shuffled_k9,9,0.5338428726563543
cleanStatic,train,42,41.9996556,5,6,1049741390,1050241390,5601384.300868,4794466.446204973,ai_sparse_k3,3,0.6237091318176464
cleanStatic,train,42,41.9996556,5,6,1049741390,1050241390,5601384.300868,4794466.446204973,pg_scc_k3,3,0.5151041749066575
cleanStatic,train,42,41.9996556,5,6,1049741390,1050241390,5601384.300868,4794466.446204973,ai_sparse_k5,5,0.747827250430628
cleanStatic,train,42,41.9996556,5,6,1049741390,1050241390,5601384.300868,4794466.446204973,pg_scc_k5,5,0.084437650700219
cleanStatic,train,42,41.9996556,5,6,1049741390,1050241390,5601384.300868,4794466.446204973,ai_sparse_k9,9,0.5045398109838218
cleanStatic,train,42,41.9996556,5,6,1049741390,1050241390,5601384.300868,4794466.446204973,pg_scc_k9,9,0.1603097624986131
cleanStatic,train,42,41.9996556,5,6,1049741390,1050241390,5601384.300868,4794466.446204973,epl3,3,0.6789998318406254
cleanStatic,train,42,41.9996556,5,6,1049741390,1050241390,5601384.300868,4794466.446204973,fixed9,9,0.6479466366300397
cleanStatic,train,42,41.9996556,5,6,1049741390,1050241390,5601384.300868,4794466.446204973,random1_k3,3,0.8487843972021797
cleanStatic,train,42,41.9996556,5,6,1049741390,1050241390,5601384.300868,4794466.446204973,random2_k3,3,0.29448696661445284
cleanStatic,train,42,41.9996556,5,6,1049741390,1050241390,5601384.300868,4794466.446204973,random3_k3,3,0.7257722260894631
cleanStatic,train,42,41.9996556,5,6,1049741390,1050241390,5601384.300868,4794466.446204973,random4_k3,3,0.2780986946463847
cleanStatic,train,42,41.9996556,5,6,1049741390,1050241390,5601384.300868,4794466.446204973,random5_k3,3,0.16395973045540738
cleanStatic,train,42,41.9996556,5,6,1049741390,1050241390,5601384.300868,4794466.446204973,random1_k5,5,0.42789557582822135
cleanStatic,train,42,41.9996556,5,6,1049741390,1050241390,5601384.300868,4794466.446204973,random2_k5,5,0.15410144813817
cleanStatic,train,42,41.9996556,5,6,1049741390,1050241390,5601384.300868,4794466.446204973,random3_k5,5,0.27803429803534596
cleanStatic,train,42,41.9996556,5,6,1049741390,1050241390,5601384.300868,4794466.446204973,random4_k5,5,0.41543316752100745
cleanStatic,train,42,41.9996556,5,6,1049741390,1050241390,5601384.300868,4794466.446204973,random5_k5,5,0.3415047565650834
cleanStatic,train,42,41.9996556,5,6,1049741390,1050241390,5601384.300868,4794466.446204973,random1_k9,9,0.3747755293515491
cleanStatic,train,42,41.9996556,5,6,1049741390,1050241390,5601384.300868,4794466.446204973,random2_k9,9,0.2829820737539175
cleanStatic,train,42,41.9996556,5,6,1049741390,1050241390,5601384.300868,4794466.446204973,random3_k9,9,0.3399786689873576
cleanStatic,train,42,41.9996556,5,6,1049741390,1050241390,5601384.300868,4794466.446204973,random4_k9,9,0.34889777374058656
cleanStatic,train,42,41.9996556,5,6,1049741390,1050241390,5601384.300868,4794466.446204973,random5_k9,9,0.5487963573461223
cleanStatic,train,42,41.99520812,6,7,1049630203,1050130203,5612202.807007999,4345091.8873352865,dense_two_source_glrt,187,0.07031986091338227
cleanStatic,train,42,41.99520812,6,7,1049630203,1050130203,5612202.807007999,4345091.8873352865,dense_one_source_residual,187,0.5559528765143896
cleanStatic,train,42,41.99520812,6,7,1049630203,1050130203,5612202.807007999,4345091.8873352865,raw_power_only,0,5612202.807007999
cleanStatic,train,42,41.99520812,6,7,1049630203,1050130203,5612202.807007999,4345091.8873352865,analytic_sparse_k3,3,0.016158158869399735
cleanStatic,train,42,41.99520812,6,7,1049630203,1050130203,5612202.807007999,4345091.8873352865,uniform_k3,3,0.35792307463918416
cleanStatic,train,42,41.99520812,6,7,1049630203,1050130203,5612202.807007999,4345091.8873352865,shuffled_k3,3,0.22748870661888565
cleanStatic,train,42,41.99520812,6,7,1049630203,1050130203,5612202.807007999,4345091.8873352865,analytic_sparse_k5,5,0.08263335680945834
cleanStatic,train,42,41.99520812,6,7,1049630203,1050130203,5612202.807007999,4345091.8873352865,uniform_k5,5,0.35229274139553923
cleanStatic,train,42,41.99520812,6,7,1049630203,1050130203,5612202.807007999,4345091.8873352865,shuffled_k5,5,0.43739636702297613
cleanStatic,train,42,41.99520812,6,7,1049630203,1050130203,5612202.807007999,4345091.8873352865,analytic_sparse_k9,9,0.19984614678328658
cleanStatic,train,42,41.99520812,6,7,1049630203,1050130203,5612202.807007999,4345091.8873352865,uniform_k9,9,0.04748791311221215
cleanStatic,train,42,41.99520812,6,7,1049630203,1050130203,5612202.807007999,4345091.8873352865,shuffled_k9,9,0.3116131503584798
cleanStatic,train,42,41.99520812,6,7,1049630203,1050130203,5612202.807007999,4345091.8873352865,ai_sparse_k3,3,0.21506900909883067
cleanStatic,train,42,41.99520812,6,7,1049630203,1050130203,5612202.807007999,4345091.8873352865,pg_scc_k3,3,0.24847088031841377
cleanStatic,train,42,41.99520812,6,7,1049630203,1050130203,5612202.807007999,4345091.8873352865,ai_sparse_k5,5,0.25258988841105845
cleanStatic,train,42,41.99520812,6,7,1049630203,1050130203,5612202.807007999,4345091.8873352865,pg_scc_k5,5,0.06346961286959904
cleanStatic,train,42,41.99520812,6,7,1049630203,1050130203,5612202.807007999,4345091.8873352865,ai_sparse_k9,9,0.42299259503615083
cleanStatic,train,42,41.99520812,6,7,1049630203,1050130203,5612202.807007999,4345091.8873352865,pg_scc_k9,9,0.04068463316224808
cleanStatic,train,42,41.99520812,6,7,1049630203,1050130203,5612202.807007999,4345091.8873352865,epl3,3,0.713037206529473
cleanStatic,train,42,41.99520812,6,7,1049630203,1050130203,5612202.807007999,4345091.8873352865,fixed9,9,0.45727821969172094
cleanStatic,train,42,41.99520812,6,7,1049630203,1050130203,5612202.807007999,4345091.8873352865,random1_k3,3,0.5221576612485156
cleanStatic,train,42,41.99520812,6,7,1049630203,1050130203,5612202.807007999,4345091.8873352865,random2_k3,3,0.17804791715375476
cleanStatic,train,42,41.99520812,6,7,1049630203,1050130203,5612202.807007999,4345091.8873352865,random3_k3,3,0.1346442215981037
cleanStatic,train,42,41.99520812,6,7,1049630203,1050130203,5612202.807007999,4345091.8873352865,random4_k3,3,0.16196729107494862
cleanStatic,train,42,41.99520812,6,7,1049630203,1050130203,5612202.807007999,4345091.8873352865,random5_k3,3,0.07573640792935525
cleanStatic,train,42,41.99520812,6,7,1049630203,1050130203,5612202.807007999,4345091.8873352865,random1_k5,5,0.1136569838959058
cleanStatic,train,42,41.99520812,6,7,1049630203,1050130203,5612202.807007999,4345091.8873352865,random2_k5,5,0.25208785525150085
cleanStatic,train,42,41.99520812,6,7,1049630203,1050130203,5612202.807007999,4345091.8873352865,random3_k5,5,0.9737883392943936
cleanStatic,train,42,41.99520812,6,7,1049630203,1050130203,5612202.807007999,4345091.8873352865,random4_k5,5,0.14849377030187266
cleanStatic,train,42,41.99520812,6,7,1049630203,1050130203,5612202.807007999,4345091.8873352865,random5_k5,5,0.08925644017146732
cleanStatic,train,42,41.99520812,6,7,1049630203,1050130203,5612202.807007999,4345091.8873352865,random1_k9,9,0.15936189249421492
cleanStatic,train,42,41.99520812,6,7,1049630203,1050130203,5612202.807007999,4345091.8873352865,random2_k9,9,0.07279236856347598
cleanStatic,train,42,41.99520812,6,7,1049630203,1050130203,5612202.807007999,4345091.8873352865,random3_k9,9,0.11974142004934046
cleanStatic,train,42,41.99520812,6,7,1049630203,1050130203,5612202.807007999,4345091.8873352865,random4_k9,9,0.39703924008752794
cleanStatic,train,42,41.99520812,6,7,1049630203,1050130203,5612202.807007999,4345091.8873352865,random5_k9,9,0.38444590844224114
cleanStatic,train,42,41.99037876,7,10,1049509469,1050009469,5596768.1651759995,2397636.5443467204,dense_two_source_glrt,187,0.11369296144026608
cleanStatic,train,42,41.99037876,7,10,1049509469,1050009469,5596768.1651759995,2397636.5443467204,dense_one_source_residual,187,1.0814001147633634
cleanStatic,train,42,41.99037876,7,10,1049509469,1050009469,5596768.1651759995,2397636.5443467204,raw_power_only,0,5596768.1651759995
cleanStatic,train,42,41.99037876,7,10,1049509469,1050009469,5596768.1651759995,2397636.5443467204,analytic_sparse_k3,3,0.5939342651055085
cleanStatic,train,42,41.99037876,7,10,1049509469,1050009469,5596768.1651759995,2397636.5443467204,uniform_k3,3,0.8253513035962854
cleanStatic,train,42,41.99037876,7,10,1049509469,1050009469,5596768.1651759995,2397636.5443467204,shuffled_k3,3,0.1397872167883493
cleanStatic,train,42,41.99037876,7,10,1049509469,1050009469,5596768.1651759995,2397636.5443467204,analytic_sparse_k5,5,0.14580186911159862
cleanStatic,train,42,41.99037876,7,10,1049509469,1050009469,5596768.1651759995,2397636.5443467204,uniform_k5,5,0.36386599417129073
cleanStatic,train,42,41.99037876,7,10,1049509469,1050009469,5596768.1651759995,2397636.5443467204,shuffled_k5,5,0.3501599609715632
cleanStatic,train,42,41.99037876,7,10,1049509469,1050009469,5596768.1651759995,2397636.5443467204,analytic_sparse_k9,9,0.11266730680041764
cleanStatic,train,42,41.99037876,7,10,1049509469,1050009469,5596768.1651759995,2397636.5443467204,uniform_k9,9,0.18177651433555653
cleanStatic,train,42,41.99037876,7,10,1049509469,1050009469,5596768.1651759995,2397636.5443467204,shuffled_k9,9,0.6839327728883356
cleanStatic,train,42,41.99037876,7,10,1049509469,1050009469,5596768.1651759995,2397636.5443467204,ai_sparse_k3,3,0.968885083698619
cleanStatic,train,42,41.99037876,7,10,1049509469,1050009469,5596768.1651759995,2397636.5443467204,pg_scc_k3,3,0.2890850097192819
cleanStatic,train,42,41.99037876,7,10,1049509469,1050009469,5596768.1651759995,2397636.5443467204,ai_sparse_k5,5,1.0739964815669176
cleanStatic,train,42,41.99037876,7,10,1049509469,1050009469,5596768.1651759995,2397636.5443467204,pg_scc_k5,5,0.6543300662266471
cleanStatic,train,42,41.99037876,7,10,1049509469,1050009469,5596768.1651759995,2397636.5443467204,ai_sparse_k9,9,0.3016812232652182
cleanStatic,train,42,41.99037876,7,10,1049509469,1050009469,5596768.1651759995,2397636.5443467204,pg_scc_k9,9,0.21735643793160112
cleanStatic,train,42,41.99037876,7,10,1049509469,1050009469,5596768.1651759995,2397636.5443467204,epl3,3,0.140100793871448
cleanStatic,train,42,41.99037876,7,10,1049509469,1050009469,5596768.1651759995,2397636.5443467204,fixed9,9,0.437258380277926
cleanStatic,train,42,41.99037876,7,10,1049509469,1050009469,5596768.1651759995,2397636.5443467204,random1_k3,3,0.18566390245081424
cleanStatic,train,42,41.99037876,7,10,1049509469,1050009469,5596768.1651759995,2397636.5443467204,random2_k3,3,0.3734561940434647
cleanStatic,train,42,41.99037876,7,10,1049509469,1050009469,5596768.1651759995,2397636.5443467204,random3_k3,3,0.7185982178340903
cleanStatic,train,42,41.99037876,7,10,1049509469,1050009469,5596768.1651759995,2397636.5443467204,random4_k3,3,1.5989022789577205
cleanStatic,train,42,41.99037876,7,10,1049509469,1050009469,5596768.1651759995,2397636.5443467204,random5_k3,3,0.30744077440956985
cleanStatic,train,42,41.99037876,7,10,1049509469,1050009469,5596768.1651759995,2397636.5443467204,random1_k5,5,0.4692000597673577
cleanStatic,train,42,41.99037876,7,10,1049509469,1050009469,5596768.1651759995,2397636.5443467204,random2_k5,5,0.257967464929164
cleanStatic,train,42,41.99037876,7,10,1049509469,1050009469,5596768.1651759995,2397636.5443467204,random3_k5,5,0.2851097755100381
cleanStatic,train,42,41.99037876,7,10,1049509469,1050009469,5596768.1651759995,2397636.5443467204,random4_k5,5,0.5366055289462542
cleanStatic,train,42,41.99037876,7,10,1049509469,1050009469,5596768.1651759995,2397636.5443467204,random5_k5,5,0.7477005970746776
cleanStatic,train,42,41.99037876,7,10,1049509469,1050009469,5596768.1651759995,2397636.5443467204,random1_k9,9,0.5162750820518198
cleanStatic,train,42,41.99037876,7,10,1049509469,1050009469,5596768.1651759995,2397636.5443467204,random2_k9,9,0.28965910409030354
cleanStatic,train,42,41.99037876,7,10,1049509469,1050009469,5596768.1651759995,2397636.5443467204,random3_k9,9,0.5730054196121857
cleanStatic,train,42,41.99037876,7,10,1049509469,1050009469,5596768.1651759995,2397636.5443467204,random4_k9,9,0.43466384173903666
cleanStatic,train,42,41.99037876,7,10,1049509469,1050009469,5596768.1651759995,2397636.5443467204,random5_k9,9,0.31706069654879365
cleanStatic,train,42,41.99468464,8,13,1049617116,1050117116,5610839.477600001,6406702.256404727,dense_two_source_glrt,187,0.044536471081334655
cleanStatic,train,42,41.99468464,8,13,1049617116,1050117116,5610839.477600001,6406702.256404727,dense_one_source_residual,187,0.24836963331529133
cleanStatic,train,42,41.99468464,8,13,1049617116,1050117116,5610839.477600001,6406702.256404727,raw_power_only,0,5610839.477600001
cleanStatic,train,42,41.99468464,8,13,1049617116,1050117116,5610839.477600001,6406702.256404727,analytic_sparse_k3,3,0.12012348618346608
cleanStatic,train,42,41.99468464,8,13,1049617116,1050117116,5610839.477600001,6406702.256404727,uniform_k3,3,0.05773193602642721
cleanStatic,train,42,41.99468464,8,13,1049617116,1050117116,5610839.477600001,6406702.256404727,shuffled_k3,3,0.06113617379132335
cleanStatic,train,42,41.99468464,8,13,1049617116,1050117116,5610839.477600001,6406702.256404727,analytic_sparse_k5,5,0.1923934888444556
cleanStatic,train,42,41.99468464,8,13,1049617116,1050117116,5610839.477600001,6406702.256404727,uniform_k5,5,0.03831127683754716
cleanStatic,train,42,41.99468464,8,13,1049617116,1050117116,5610839.477600001,6406702.256404727,shuffled_k5,5,0.09176354307744837
cleanStatic,train,42,41.99468464,8,13,1049617116,1050117116,5610839.477600001,6406702.256404727,analytic_sparse_k9,9,0.09152927824584706
cleanStatic,train,42,41.99468464,8,13,1049617116,1050117116,5610839.477600001,6406702.256404727,uniform_k9,9,0.03618251023782864
cleanStatic,train,42,41.99468464,8,13,1049617116,1050117116,5610839.477600001,6406702.256404727,shuffled_k9,9,0.09052103454193311
cleanStatic,train,42,41.99468464,8,13,1049617116,1050117116,5610839.477600001,6406702.256404727,ai_sparse_k3,3,0.06622490958082371
cleanStatic,train,42,41.99468464,8,13,1049617116,1050117116,5610839.477600001,6406702.256404727,pg_scc_k3,3,0.07086168360841867
cleanStatic,train,42,41.99468464,8,13,1049617116,1050117116,5610839.477600001,6406702.256404727,ai_sparse_k5,5,0.2846426230918715
cleanStatic,train,42,41.99468464,8,13,1049617116,1050117116,5610839.477600001,6406702.256404727,pg_scc_k5,5,0.06193272223702887
cleanStatic,train,42,41.99468464,8,13,1049617116,1050117116,5610839.477600001,6406702.256404727,ai_sparse_k9,9,0.20228694150706372
cleanStatic,train,42,41.99468464,8,13,1049617116,1050117116,5610839.477600001,6406702.256404727,pg_scc_k9,9,0.034415124333207335
cleanStatic,train,42,41.99468464,8,13,1049617116,1050117116,5610839.477600001,6406702.256404727,epl3,3,0.07136281153429427
cleanStatic,train,42,41.99468464,8,13,1049617116,1050117116,5610839.477600001,6406702.256404727,fixed9,9,0.07468316421073408
cleanStatic,train,42,41.99468464,8,13,1049617116,1050117116,5610839.477600001,6406702.256404727,random1_k3,3,0.12991283971955972
cleanStatic,train,42,41.99468464,8,13,1049617116,1050117116,5610839.477600001,6406702.256404727,random2_k3,3,0.16208781562749547
cleanStatic,train,42,41.99468464,8,13,1049617116,1050117116,5610839.477600001,6406702.256404727,random3_k3,3,0.020740360948789126
cleanStatic,train,42,41.99468464,8,13,1049617116,1050117116,5610839.477600001,6406702.256404727,random4_k3,3,0.11725992856778038
cleanStatic,train,42,41.99468464,8,13,1049617116,1050117116,5610839.477600001,6406702.256404727,random5_k3,3,0.033052785239415544
cleanStatic,train,42,41.99468464,8,13,1049617116,1050117116,5610839.477600001,6406702.256404727,random1_k5,5,0.17653775855178253
cleanStatic,train,42,41.99468464,8,13,1049617116,1050117116,5610839.477600001,6406702.256404727,random2_k5,5,0.045465941225486126
cleanStatic,train,42,41.99468464,8,13,1049617116,1050117116,5610839.477600001,6406702.256404727,random3_k5,5,0.20778718593700446
cleanStatic,train,42,41.99468464,8,13,1049617116,1050117116,5610839.477600001,6406702.256404727,random4_k5,5,0.16045260146933493
cleanStatic,train,42,41.99468464,8,13,1049617116,1050117116,5610839.477600001,6406702.256404727,random5_k5,5,0.140235860201508
cleanStatic,train,42,41.99468464,8,13,1049617116,1050117116,5610839.477600001,6406702.256404727,random1_k9,9,0.24312118467212882
cleanStatic,train,42,41.99468464,8,13,1049617116,1050117116,5610839.477600001,6406702.256404727,random2_k9,9,0.08421130354851024
cleanStatic,train,42,41.99468464,8,13,1049617116,1050117116,5610839.477600001,6406702.256404727,random3_k9,9,0.04916303215038245
cleanStatic,train,42,41.99468464,8,13,1049617116,1050117116,5610839.477600001,6406702.256404727,random4_k9,9,0.0939453941037387
cleanStatic,train,42,41.99468464,8,13,1049617116,1050117116,5610839.477600001,6406702.256404727,random5_k9,9,0.11400427096325247
cleanStatic,train,42,41.9995254,9,19,1049738135,1050238135,5602404.0490419995,4704701.295780314,dense_two_source_glrt,187,0.24719206797783286
cleanStatic,train,42,41.9995254,9,19,1049738135,1050238135,5602404.0490419995,4704701.295780314,dense_one_source_residual,187,1.0233764303085435
cleanStatic,train,42,41.9995254,9,19,1049738135,1050238135,5602404.0490419995,4704701.295780314,raw_power_only,0,5602404.0490419995
cleanStatic,train,42,41.9995254,9,19,1049738135,1050238135,5602404.0490419995,4704701.295780314,analytic_sparse_k3,3,0.06593892926989477
cleanStatic,train,42,41.9995254,9,19,1049738135,1050238135,5602404.0490419995,4704701.295780314,uniform_k3,3,0.6234883480341054
cleanStatic,train,42,41.9995254,9,19,1049738135,1050238135,5602404.0490419995,4704701.295780314,shuffled_k3,3,0.12570301753395877
cleanStatic,train,42,41.9995254,9,19,1049738135,1050238135,5602404.0490419995,4704701.295780314,analytic_sparse_k5,5,0.234216057614065
cleanStatic,train,42,41.9995254,9,19,1049738135,1050238135,5602404.0490419995,4704701.295780314,uniform_k5,5,0.10002753191586118
cleanStatic,train,42,41.9995254,9,19,1049738135,1050238135,5602404.0490419995,4704701.295780314,shuffled_k5,5,0.9404979143426753
cleanStatic,train,42,41.9995254,9,19,1049738135,1050238135,5602404.0490419995,4704701.295780314,analytic_sparse_k9,9,0.27944188852634866
cleanStatic,train,42,41.9995254,9,19,1049738135,1050238135,5602404.0490419995,4704701.295780314,uniform_k9,9,0.1134964344579198
cleanStatic,train,42,41.9995254,9,19,1049738135,1050238135,5602404.0490419995,4704701.295780314,shuffled_k9,9,0.6760570505548922
cleanStatic,train,42,41.9995254,9,19,1049738135,1050238135,5602404.0490419995,4704701.295780314,ai_sparse_k3,3,0.2746391607731538
cleanStatic,train,42,41.9995254,9,19,1049738135,1050238135,5602404.0490419995,4704701.295780314,pg_scc_k3,3,0.6455739078841051
cleanStatic,train,42,41.9995254,9,19,1049738135,1050238135,5602404.0490419995,4704701.295780314,ai_sparse_k5,5,0.6348727902593643
cleanStatic,train,42,41.9995254,9,19,1049738135,1050238135,5602404.0490419995,4704701.295780314,pg_scc_k5,5,0.34315807651515123
cleanStatic,train,42,41.9995254,9,19,1049738135,1050238135,5602404.0490419995,4704701.295780314,ai_sparse_k9,9,0.6040922199677281
cleanStatic,train,42,41.9995254,9,19,1049738135,1050238135,5602404.0490419995,4704701.295780314,pg_scc_k9,9,0.34914749236325693
cleanStatic,train,42,41.9995254,9,19,1049738135,1050238135,5602404.0490419995,4704701.295780314,epl3,3,1.0725603763699352
cleanStatic,train,42,41.9995254,9,19,1049738135,1050238135,5602404.0490419995,4704701.295780314,fixed9,9,0.894603680920066
cleanStatic,train,42,41.9995254,9,19,1049738135,1050238135,5602404.0490419995,4704701.295780314,random1_k3,3,0.1991636257253103
cleanStatic,train,42,41.9995254,9,19,1049738135,1050238135,5602404.0490419995,4704701.295780314,random2_k3,3,0.6477390188135188
cleanStatic,train,42,41.9995254,9,19,1049738135,1050238135,5602404.0490419995,4704701.295780314,random3_k3,3,0.8303337087400822
cleanStatic,train,42,41.9995254,9,19,1049738135,1050238135,5602404.0490419995,4704701.295780314,random4_k3,3,0.6261848650653389
cleanStatic,train,42,41.9995254,9,19,1049738135,1050238135,5602404.0490419995,4704701.295780314,random5_k3,3,0.31705664419463786
cleanStatic,train,42,41.9995254,9,19,1049738135,1050238135,5602404.0490419995,4704701.295780314,random1_k5,5,0.5175964140807542
cleanStatic,train,42,41.9995254,9,19,1049738135,1050238135,5602404.0490419995,4704701.295780314,random2_k5,5,0.5261230466526843
cleanStatic,train,42,41.9995254,9,19,1049738135,1050238135,5602404.0490419995,4704701.295780314,random3_k5,5,0.658558305838982
cleanStatic,train,42,41.9995254,9,19,1049738135,1050238135,5602404.0490419995,4704701.295780314,random4_k5,5,1.1370085991744292
cleanStatic,train,42,41.9995254,9,19,1049738135,1050238135,5602404.0490419995,4704701.295780314,random5_k5,5,0.6958782627493941
cleanStatic,train,42,41.9995254,9,19,1049738135,1050238135,5602404.0490419995,4704701.295780314,random1_k9,9,0.7116192617928315
cleanStatic,train,42,41.9995254,9,19,1049738135,1050238135,5602404.0490419995,4704701.295780314,random2_k9,9,0.17482408566281016
cleanStatic,train,42,41.9995254,9,19,1049738135,1050238135,5602404.0490419995,4704701.295780314,random3_k9,9,0.49457557886003595
cleanStatic,train,42,41.9995254,9,19,1049738135,1050238135,5602404.0490419995,4704701.295780314,random4_k9,9,0.4238110014641362
cleanStatic,train,42,41.9995254,9,19,1049738135,1050238135,5602404.0490419995,4704701.295780314,random5_k9,9,0.08341791097778649
cleanStatic,train,42,41.99061288,10,23,1049515322,1050015322,5594802.6117239995,6724705.802461019,dense_two_source_glrt,187,0.014819084677731189
cleanStatic,train,42,41.99061288,10,23,1049515322,1050015322,5594802.6117239995,6724705.802461019,dense_one_source_residual,187,0.16113810009344584
cleanStatic,train,42,41.99061288,10,23,1049515322,1050015322,5594802.6117239995,6724705.802461019,raw_power_only,0,5594802.6117239995
cleanStatic,train,42,41.99061288,10,23,1049515322,1050015322,5594802.6117239995,6724705.802461019,analytic_sparse_k3,3,0.1060937437914881
cleanStatic,train,42,41.99061288,10,23,1049515322,1050015322,5594802.6117239995,6724705.802461019,uniform_k3,3,0.10647645425305213
cleanStatic,train,42,41.99061288,10,23,1049515322,1050015322,5594802.6117239995,6724705.802461019,shuffled_k3,3,0.05045150865799413
cleanStatic,train,42,41.99061288,10,23,1049515322,1050015322,5594802.6117239995,6724705.802461019,analytic_sparse_k5,5,0.055860879742275736
cleanStatic,train,42,41.99061288,10,23,1049515322,1050015322,5594802.6117239995,6724705.802461019,uniform_k5,5,0.09495923392715175
cleanStatic,train,42,41.99061288,10,23,1049515322,1050015322,5594802.6117239995,6724705.802461019,shuffled_k5,5,0.07707350971026675
cleanStatic,train,42,41.99061288,10,23,1049515322,1050015322,5594802.6117239995,6724705.802461019,analytic_sparse_k9,9,0.03981368781672167
cleanStatic,train,42,41.99061288,10,23,1049515322,1050015322,5594802.6117239995,6724705.802461019,uniform_k9,9,0.009953481334010084
cleanStatic,train,42,41.99061288,10,23,1049515322,1050015322,5594802.6117239995,6724705.802461019,shuffled_k9,9,0.03218439309547808
cleanStatic,train,42,41.99061288,10,23,1049515322,1050015322,5594802.6117239995,6724705.802461019,ai_sparse_k3,3,0.05565708507361308
cleanStatic,train,42,41.99061288,10,23,1049515322,1050015322,5594802.6117239995,6724705.802461019,pg_scc_k3,3,0.037424192088182734
cleanStatic,train,42,41.99061288,10,23,1049515322,1050015322,5594802.6117239995,6724705.802461019,ai_sparse_k5,5,0.024362117786686205
cleanStatic,train,42,41.99061288,10,23,1049515322,1050015322,5594802.6117239995,6724705.802461019,pg_scc_k5,5,0.032638972185257145
cleanStatic,train,42,41.99061288,10,23,1049515322,1050015322,5594802.6117239995,6724705.802461019,ai_sparse_k9,9,0.00632830174953341
cleanStatic,train,42,41.99061288,10,23,1049515322,1050015322,5594802.6117239995,6724705.802461019,pg_scc_k9,9,0.027398231961919386
cleanStatic,train,42,41.99061288,10,23,1049515322,1050015322,5594802.6117239995,6724705.802461019,epl3,3,0.3461546731789756
cleanStatic,train,42,41.99061288,10,23,1049515322,1050015322,5594802.6117239995,6724705.802461019,fixed9,9,0.10361909094145316
cleanStatic,train,42,41.99061288,10,23,1049515322,1050015322,5594802.6117239995,6724705.802461019,random1_k3,3,0.015201111440297045
cleanStatic,train,42,41.99061288,10,23,1049515322,1050015322,5594802.6117239995,6724705.802461019,random2_k3,3,0.023325769009784766
cleanStatic,train,42,41.99061288,10,23,1049515322,1050015322,5594802.6117239995,6724705.802461019,random3_k3,3,0.033986568751677444
cleanStatic,train,42,41.99061288,10,23,1049515322,1050015322,5594802.6117239995,6724705.802461019,random4_k3,3,0.21112391880389483
cleanStatic,train,42,41.99061288,10,23,1049515322,1050015322,5594802.6117239995,6724705.802461019,random5_k3,3,0.12461646524203777
cleanStatic,train,42,41.99061288,10,23,1049515322,1050015322,5594802.6117239995,6724705.802461019,random1_k5,5,0.02913943630488943
cleanStatic,train,42,41.99061288,10,23,1049515322,1050015322,5594802.6117239995,6724705.802461019,random2_k5,5,0.030444665172071356
cleanStatic,train,42,41.99061288,10,23,1049515322,1050015322,5594802.6117239995,6724705.802461019,random3_k5,5,0.17401804077183328
cleanStatic,train,42,41.99061288,10,23,1049515322,1050015322,5594802.6117239995,6724705.802461019,random4_k5,5,0.047516601593036854
cleanStatic,train,42,41.99061288,10,23,1049515322,1050015322,5594802.6117239995,6724705.802461019,random5_k5,5,0.1101943826248321
cleanStatic,train,42,41.99061288,10,23,1049515322,1050015322,5594802.6117239995,6724705.802461019,random1_k9,9,0.04602990775345729
cleanStatic,train,42,41.99061288,10,23,1049515322,1050015322,5594802.6117239995,6724705.802461019,random2_k9,9,0.0181269175305178
cleanStatic,train,42,41.99061288,10,23,1049515322,1050015322,5594802.6117239995,6724705.802461019,random3_k9,9,0.03254654650077401
cleanStatic,train,42,41.99061288,10,23,1049515322,1050015322,5594802.6117239995,6724705.802461019,random4_k9,9,0.11607674543264467
cleanStatic,train,42,41.99061288,10,23,1049515322,1050015322,5594802.6117239995,6724705.802461019,random5_k9,9,0.04639597467024545
cleanStatic,train,44,43.99328144,0,16,1099582036,1100082036,5583639.165254,5503411.063749121,dense_two_source_glrt,187,0.11439345039606919
cleanStatic,train,44,43.99328144,0,16,1099582036,1100082036,5583639.165254,5503411.063749121,dense_one_source_residual,187,0.3479907446955802
cleanStatic,train,44,43.99328144,0,16,1099582036,1100082036,5583639.165254,5503411.063749121,raw_power_only,0,5583639.165254
cleanStatic,train,44,43.99328144,0,16,1099582036,1100082036,5583639.165254,5503411.063749121,analytic_sparse_k3,3,0.11113583645891408
cleanStatic,train,44,43.99328144,0,16,1099582036,1100082036,5583639.165254,5503411.063749121,uniform_k3,3,0.3431062119215585
cleanStatic,train,44,43.99328144,0,16,1099582036,1100082036,5583639.165254,5503411.063749121,shuffled_k3,3,0.11963805315198854
cleanStatic,train,44,43.99328144,0,16,1099582036,1100082036,5583639.165254,5503411.063749121,analytic_sparse_k5,5,0.1391697069292503
cleanStatic,train,44,43.99328144,0,16,1099582036,1100082036,5583639.165254,5503411.063749121,uniform_k5,5,0.3860858000162627
cleanStatic,train,44,43.99328144,0,16,1099582036,1100082036,5583639.165254,5503411.063749121,shuffled_k5,5,0.14369912630946252
cleanStatic,train,44,43.99328144,0,16,1099582036,1100082036,5583639.165254,5503411.063749121,analytic_sparse_k9,9,0.12275603410621715
cleanStatic,train,44,43.99328144,0,16,1099582036,1100082036,5583639.165254,5503411.063749121,uniform_k9,9,0.1228756328958858
cleanStatic,train,44,43.99328144,0,16,1099582036,1100082036,5583639.165254,5503411.063749121,shuffled_k9,9,0.18278562266756937
cleanStatic,train,44,43.99328144,0,16,1099582036,1100082036,5583639.165254,5503411.063749121,ai_sparse_k3,3,0.36099842486984196
cleanStatic,train,44,43.99328144,0,16,1099582036,1100082036,5583639.165254,5503411.063749121,pg_scc_k3,3,0.0285172374580647
cleanStatic,train,44,43.99328144,0,16,1099582036,1100082036,5583639.165254,5503411.063749121,ai_sparse_k5,5,0.408114283548375
cleanStatic,train,44,43.99328144,0,16,1099582036,1100082036,5583639.165254,5503411.063749121,pg_scc_k5,5,0.19636985967660187
cleanStatic,train,44,43.99328144,0,16,1099582036,1100082036,5583639.165254,5503411.063749121,ai_sparse_k9,9,0.3043875374635588
cleanStatic,train,44,43.99328144,0,16,1099582036,1100082036,5583639.165254,5503411.063749121,pg_scc_k9,9,0.23514067996943233
cleanStatic,train,44,43.99328144,0,16,1099582036,1100082036,5583639.165254,5503411.063749121,epl3,3,0.3296831453957036
cleanStatic,train,44,43.99328144,0,16,1099582036,1100082036,5583639.165254,5503411.063749121,fixed9,9,0.10835396038630363
cleanStatic,train,44,43.99328144,0,16,1099582036,1100082036,5583639.165254,5503411.063749121,random1_k3,3,0.1540671275869124
cleanStatic,train,44,43.99328144,0,16,1099582036,1100082036,5583639.165254,5503411.063749121,random2_k3,3,0.09859110595924576
cleanStatic,train,44,43.99328144,0,16,1099582036,1100082036,5583639.165254,5503411.063749121,random3_k3,3,0.05992476211647934
cleanStatic,train,44,43.99328144,0,16,1099582036,1100082036,5583639.165254,5503411.063749121,random4_k3,3,0.08600243958308629
cleanStatic,train,44,43.99328144,0,16,1099582036,1100082036,5583639.165254,5503411.063749121,random5_k3,3,0.2322771599917862
cleanStatic,train,44,43.99328144,0,16,1099582036,1100082036,5583639.165254,5503411.063749121,random1_k5,5,0.0997157945989898
cleanStatic,train,44,43.99328144,0,16,1099582036,1100082036,5583639.165254,5503411.063749121,random2_k5,5,0.12729621412386496
cleanStatic,train,44,43.99328144,0,16,1099582036,1100082036,5583639.165254,5503411.063749121,random3_k5,5,0.20439390955372164
cleanStatic,train,44,43.99328144,0,16,1099582036,1100082036,5583639.165254,5503411.063749121,random4_k5,5,0.07928630296342398
cleanStatic,train,44,43.99328144,0,16,1099582036,1100082036,5583639.165254,5503411.063749121,random5_k5,5,0.1160728370572559
cleanStatic,train,44,43.99328144,0,16,1099582036,1100082036,5583639.165254,5503411.063749121,random1_k9,9,0.2894906033928208
cleanStatic,train,44,43.99328144,0,16,1099582036,1100082036,5583639.165254,5503411.063749121,random2_k9,9,0.09420315958382391
cleanStatic,train,44,43.99328144,0,16,1099582036,1100082036,5583639.165254,5503411.063749121,random3_k9,9,0.05508348720899855
cleanStatic,train,44,43.99328144,0,16,1099582036,1100082036,5583639.165254,5503411.063749121,random4_k9,9,0.051626647264349845
cleanStatic,train,44,43.99328144,0,16,1099582036,1100082036,5583639.165254,5503411.063749121,random5_k9,9,0.23182745158205156
cleanStatic,train,44,44.00054776,2,3,1099763694,1100263694,5589628.458624,5855106.070775389,dense_two_source_glrt,187,0.04695943691714823
cleanStatic,train,44,44.00054776,2,3,1099763694,1100263694,5589628.458624,5855106.070775389,dense_one_source_residual,187,0.31996599008664334
cleanStatic,train,44,44.00054776,2,3,1099763694,1100263694,5589628.458624,5855106.070775389,raw_power_only,0,5589628.458624
cleanStatic,train,44,44.00054776,2,3,1099763694,1100263694,5589628.458624,5855106.070775389,analytic_sparse_k3,3,0.1238574701235758
cleanStatic,train,44,44.00054776,2,3,1099763694,1100263694,5589628.458624,5855106.070775389,uniform_k3,3,0.26854151007026256
cleanStatic,train,44,44.00054776,2,3,1099763694,1100263694,5589628.458624,5855106.070775389,shuffled_k3,3,0.18954972181546073
cleanStatic,train,44,44.00054776,2,3,1099763694,1100263694,5589628.458624,5855106.070775389,analytic_sparse_k5,5,0.1252522152111091
cleanStatic,train,44,44.00054776,2,3,1099763694,1100263694,5589628.458624,5855106.070775389,uniform_k5,5,0.22266668620668448
cleanStatic,train,44,44.00054776,2,3,1099763694,1100263694,5589628.458624,5855106.070775389,shuffled_k5,5,0.2294669450332186
cleanStatic,train,44,44.00054776,2,3,1099763694,1100263694,5589628.458624,5855106.070775389,analytic_sparse_k9,9,0.10804918597040343
cleanStatic,train,44,44.00054776,2,3,1099763694,1100263694,5589628.458624,5855106.070775389,uniform_k9,9,0.07251212729570906
cleanStatic,train,44,44.00054776,2,3,1099763694,1100263694,5589628.458624,5855106.070775389,shuffled_k9,9,0.04134330468529292
cleanStatic,train,44,44.00054776,2,3,1099763694,1100263694,5589628.458624,5855106.070775389,ai_sparse_k3,3,0.08051121058945394
cleanStatic,train,44,44.00054776,2,3,1099763694,1100263694,5589628.458624,5855106.070775389,pg_scc_k3,3,0.03501550676217354
cleanStatic,train,44,44.00054776,2,3,1099763694,1100263694,5589628.458624,5855106.070775389,ai_sparse_k5,5,0.04174081480688688
cleanStatic,train,44,44.00054776,2,3,1099763694,1100263694,5589628.458624,5855106.070775389,pg_scc_k5,5,0.07424236247532456
cleanStatic,train,44,44.00054776,2,3,1099763694,1100263694,5589628.458624,5855106.070775389,ai_sparse_k9,9,0.04000086158070605
cleanStatic,train,44,44.00054776,2,3,1099763694,1100263694,5589628.458624,5855106.070775389,pg_scc_k9,9,0.052446379333977444
cleanStatic,train,44,44.00054776,2,3,1099763694,1100263694,5589628.458624,5855106.070775389,epl3,3,0.014041648612652778
cleanStatic,train,44,44.00054776,2,3,1099763694,1100263694,5589628.458624,5855106.070775389,fixed9,9,0.031204786206748394
cleanStatic,train,44,44.00054776,2,3,1099763694,1100263694,5589628.458624,5855106.070775389,random1_k3,3,0.09829950884267964
cleanStatic,train,44,44.00054776,2,3,1099763694,1100263694,5589628.458624,5855106.070775389,random2_k3,3,0.26124258249557436
cleanStatic,train,44,44.00054776,2,3,1099763694,1100263694,5589628.458624,5855106.070775389,random3_k3,3,0.08846995168043677
cleanStatic,train,44,44.00054776,2,3,1099763694,1100263694,5589628.458624,5855106.070775389,random4_k3,3,0.21161830060667267
cleanStatic,train,44,44.00054776,2,3,1099763694,1100263694,5589628.458624,5855106.070775389,random5_k3,3,0.14446836997170562
cleanStatic,train,44,44.00054776,2,3,1099763694,1100263694,5589628.458624,5855106.070775389,random1_k5,5,0.061775120108862124
cleanStatic,train,44,44.00054776,2,3,1099763694,1100263694,5589628.458624,5855106.070775389,random2_k5,5,0.09207310584702325
cleanStatic,train,44,44.00054776,2,3,1099763694,1100263694,5589628.458624,5855106.070775389,random3_k5,5,0.25773252722585627
cleanStatic,train,44,44.00054776,2,3,1099763694,1100263694,5589628.458624,5855106.070775389,random4_k5,5,0.13733382070294292
cleanStatic,train,44,44.00054776,2,3,1099763694,1100263694,5589628.458624,5855106.070775389,random5_k5,5,0.26424683959505807
cleanStatic,train,44,44.00054776,2,3,1099763694,1100263694,5589628.458624,5855106.070775389,random1_k9,9,0.08090553323901745
cleanStatic,train,44,44.00054776,2,3,1099763694,1100263694,5589628.458624,5855106.070775389,random2_k9,9,0.03553475993960811
cleanStatic,train,44,44.00054776,2,3,1099763694,1100263694,5589628.458624,5855106.070775389,random3_k9,9,0.0964268138346472
cleanStatic,train,44,44.00054776,2,3,1099763694,1100263694,5589628.458624,5855106.070775389,random4_k9,9,0.1831688019480472
cleanStatic,train,44,44.00054776,2,3,1099763694,1100263694,5589628.458624,5855106.070775389,random5_k9,9,0.20598332005492181
cleanStatic,train,44,44.00932856,3,20,1099983214,1100483214,5562587.801012001,2317431.7822605395,dense_two_source_glrt,187,0.2204850816332583
cleanStatic,train,44,44.00932856,3,20,1099983214,1100483214,5562587.801012001,2317431.7822605395,dense_one_source_residual,187,1.8739907297452072
cleanStatic,train,44,44.00932856,3,20,1099983214,1100483214,5562587.801012001,2317431.7822605395,raw_power_only,0,5562587.801012001
cleanStatic,train,44,44.00932856,3,20,1099983214,1100483214,5562587.801012001,2317431.7822605395,analytic_sparse_k3,3,1.2786512077196728
cleanStatic,train,44,44.00932856,3,20,1099983214,1100483214,5562587.801012001,2317431.7822605395,uniform_k3,3,0.6657289958236866
cleanStatic,train,44,44.00932856,3,20,1099983214,1100483214,5562587.801012001,2317431.7822605395,shuffled_k3,3,0.3828302224816067
cleanStatic,train,44,44.00932856,3,20,1099983214,1100483214,5562587.801012001,2317431.7822605395,analytic_sparse_k5,5,1.2576134845321
cleanStatic,train,44,44.00932856,3,20,1099983214,1100483214,5562587.801012001,2317431.7822605395,uniform_k5,5,0.5089799217254477
cleanStatic,train,44,44.00932856,3,20,1099983214,1100483214,5562587.801012001,2317431.7822605395,shuffled_k5,5,0.6636579064976308
cleanStatic,train,44,44.00932856,3,20,1099983214,1100483214,5562587.801012001,2317431.7822605395,analytic_sparse_k9,9,0.6210552301777821
cleanStatic,train,44,44.00932856,3,20,1099983214,1100483214,5562587.801012001,2317431.7822605395,uniform_k9,9,0.16006160811939918
cleanStatic,train,44,44.00932856,3,20,1099983214,1100483214,5562587.801012001,2317431.7822605395,shuffled_k9,9,1.485929912601808
cleanStatic,train,44,44.00932856,3,20,1099983214,1100483214,5562587.801012001,2317431.7822605395,ai_sparse_k3,3,0.6198844347751756
cleanStatic,train,44,44.00932856,3,20,1099983214,1100483214,5562587.801012001,2317431.7822605395,pg_scc_k3,3,2.608035687573068
cleanStatic,train,44,44.00932856,3,20,1099983214,1100483214,5562587.801012001,2317431.7822605395,ai_sparse_k5,5,1.6793330429571447
cleanStatic,train,44,44.00932856,3,20,1099983214,1100483214,5562587.801012001,2317431.7822605395,pg_scc_k5,5,0.4472171569421892
cleanStatic,train,44,44.00932856,3,20,1099983214,1100483214,5562587.801012001,2317431.7822605395,ai_sparse_k9,9,2.065669959875523
cleanStatic,train,44,44.00932856,3,20,1099983214,1100483214,5562587.801012001,2317431.7822605395,pg_scc_k9,9,0.3390062178475692
cleanStatic,train,44,44.00932856,3,20,1099983214,1100483214,5562587.801012001,2317431.7822605395,epl3,3,1.5806176546989448
cleanStatic,train,44,44.00932856,3,20,1099983214,1100483214,5562587.801012001,2317431.7822605395,fixed9,9,1.7971384553275398
cleanStatic,train,44,44.00932856,3,20,1099983214,1100483214,5562587.801012001,2317431.7822605395,random1_k3,3,0.6867721044175598
cleanStatic,train,44,44.00932856,3,20,1099983214,1100483214,5562587.801012001,2317431.7822605395,random2_k3,3,1.3001147018510864
cleanStatic,train,44,44.00932856,3,20,1099983214,1100483214,5562587.801012001,2317431.7822605395,random3_k3,3,1.2489752144114206
cleanStatic,train,44,44.00932856,3,20,1099983214,1100483214,5562587.801012001,2317431.7822605395,random4_k3,3,0.5824830294703733
cleanStatic,train,44,44.00932856,3,20,1099983214,1100483214,5562587.801012001,2317431.7822605395,random5_k3,3,1.2501441987978117
cleanStatic,train,44,44.00932856,3,20,1099983214,1100483214,5562587.801012001,2317431.7822605395,random1_k5,5,0.7470798486820192
cleanStatic,train,44,44.00932856,3,20,1099983214,1100483214,5562587.801012001,2317431.7822605395,random2_k5,5,0.35929465235008473
cleanStatic,train,44,44.00932856,3,20,1099983214,1100483214,5562587.801012001,2317431.7822605395,random3_k5,5,0.989404033426841
cleanStatic,train,44,44.00932856,3,20,1099983214,1100483214,5562587.801012001,2317431.7822605395,random4_k5,5,1.1868623248069416
cleanStatic,train,44,44.00932856,3,20,1099983214,1100483214,5562587.801012001,2317431.7822605395,random5_k5,5,0.6790984520201414
cleanStatic,train,44,44.00932856,3,20,1099983214,1100483214,5562587.801012001,2317431.7822605395,random1_k9,9,0.5835179395889036
cleanStatic,train,44,44.00932856,3,20,1099983214,1100483214,5562587.801012001,2317431.7822605395,random2_k9,9,0.29286356526198276
cleanStatic,train,44,44.00932856,3,20,1099983214,1100483214,5562587.801012001,2317431.7822605395,random3_k9,9,0.6866266398971966
cleanStatic,train,44,44.00932856,3,20,1099983214,1100483214,5562587.801012001,2317431.7822605395,random4_k9,9,0.1635439889496766
cleanStatic,train,44,44.00932856,3,20,1099983214,1100483214,5562587.801012001,2317431.7822605395,random5_k9,9,0.1022894661542776
cleanStatic,train,44,44.09563616,4,30,1102140904,1102640904,5576751.51697,2308889.3243521913,dense_two_source_glrt,187,0.6633486462874122
cleanStatic,train,44,44.09563616,4,30,1102140904,1102640904,5576751.51697,2308889.3243521913,dense_one_source_residual,187,3.6523967256866157
cleanStatic,train,44,44.09563616,4,30,1102140904,1102640904,5576751.51697,2308889.3243521913,raw_power_only,0,5576751.51697
cleanStatic,train,44,44.09563616,4,30,1102140904,1102640904,5576751.51697,2308889.3243521913,analytic_sparse_k3,3,0.8500767419129932
cleanStatic,train,44,44.09563616,4,30,1102140904,1102640904,5576751.51697,2308889.3243521913,uniform_k3,3,0.6707721595875364
cleanStatic,train,44,44.09563616,4,30,1102140904,1102640904,5576751.51697,2308889.3243521913,shuffled_k3,3,1.0318794656390256
cleanStatic,train,44,44.09563616,4,30,1102140904,1102640904,5576751.51697,2308889.3243521913,analytic_sparse_k5,5,1.3969052630133714
cleanStatic,train,44,44.09563616,4,30,1102140904,1102640904,5576751.51697,2308889.3243521913,uniform_k5,5,0.33689921493890784
cleanStatic,train,44,44.09563616,4,30,1102140904,1102640904,5576751.51697,2308889.3243521913,shuffled_k5,5,2.0895260367782496
cleanStatic,train,44,44.09563616,4,30,1102140904,1102640904,5576751.51697,2308889.3243521913,analytic_sparse_k9,9,1.9603957915043901
cleanStatic,train,44,44.09563616,4,30,1102140904,1102640904,5576751.51697,2308889.3243521913,uniform_k9,9,0.1896071721980148
cleanStatic,train,44,44.09563616,4,30,1102140904,1102640904,5576751.51697,2308889.3243521913,shuffled_k9,9,2.99515511896932
cleanStatic,train,44,44.09563616,4,30,1102140904,1102640904,5576751.51697,2308889.3243521913,ai_sparse_k3,3,1.7266874633335298
cleanStatic,train,44,44.09563616,4,30,1102140904,1102640904,5576751.51697,2308889.3243521913,pg_scc_k3,3,3.5003153945141476
cleanStatic,train,44,44.09563616,4,30,1102140904,1102640904,5576751.51697,2308889.3243521913,ai_sparse_k5,5,2.9548830104559323
cleanStatic,train,44,44.09563616,4,30,1102140904,1102640904,5576751.51697,2308889.3243521913,pg_scc_k5,5,0.802855469634937
cleanStatic,train,44,44.09563616,4,30,1102140904,1102640904,5576751.51697,2308889.3243521913,ai_sparse_k9,9,3.339180909240773
cleanStatic,train,44,44.09563616,4,30,1102140904,1102640904,5576751.51697,2308889.3243521913,pg_scc_k9,9,0.8178702505834595
cleanStatic,train,44,44.09563616,4,30,1102140904,1102640904,5576751.51697,2308889.3243521913,epl3,3,5.519525174521871
cleanStatic,train,44,44.09563616,4,30,1102140904,1102640904,5576751.51697,2308889.3243521913,fixed9,9,4.066565585086721
cleanStatic,train,44,44.09563616,4,30,1102140904,1102640904,5576751.51697,2308889.3243521913,random1_k3,3,2.301667495874659
cleanStatic,train,44,44.09563616,4,30,1102140904,1102640904,5576751.51697,2308889.3243521913,random2_k3,3,1.4171483590768625
cleanStatic,train,44,44.09563616,4,30,1102140904,1102640904,5576751.51697,2308889.3243521913,random3_k3,3,2.7862657712631704
cleanStatic,train,44,44.09563616,4,30,1102140904,1102640904,5576751.51697,2308889.3243521913,random4_k3,3,2.7925529907090687
cleanStatic,train,44,44.09563616,4,30,1102140904,1102640904,5576751.51697,2308889.3243521913,random5_k3,3,1.1905728417575596
cleanStatic,train,44,44.09563616,4,30,1102140904,1102640904,5576751.51697,2308889.3243521913,random1_k5,5,0.7846911997889116
cleanStatic,train,44,44.09563616,4,30,1102140904,1102640904,5576751.51697,2308889.3243521913,random2_k5,5,1.0571918076773859
cleanStatic,train,44,44.09563616,4,30,1102140904,1102640904,5576751.51697,2308889.3243521913,random3_k5,5,2.430766012640942
cleanStatic,train,44,44.09563616,4,30,1102140904,1102640904,5576751.51697,2308889.3243521913,random4_k5,5,1.6671036812601159
cleanStatic,train,44,44.09563616,4,30,1102140904,1102640904,5576751.51697,2308889.3243521913,random5_k5,5,1.2392882652757162
cleanStatic,train,44,44.09563616,4,30,1102140904,1102640904,5576751.51697,2308889.3243521913,random1_k9,9,1.2967037232319858
cleanStatic,train,44,44.09563616,4,30,1102140904,1102640904,5576751.51697,2308889.3243521913,random2_k9,9,0.6671142721389695
cleanStatic,train,44,44.09563616,4,30,1102140904,1102640904,5576751.51697,2308889.3243521913,random3_k9,9,1.1647520503932307
cleanStatic,train,44,44.09563616,4,30,1102140904,1102640904,5576751.51697,2308889.3243521913,random4_k9,9,0.8552818484553484
cleanStatic,train,44,44.09563616,4,30,1102140904,1102640904,5576751.51697,2308889.3243521913,random5_k9,9,0.6184523605093363
cleanStatic,train,44,43.99065624,5,6,1099516406,1100016406,5581822.863302,4814290.968125536,dense_two_source_glrt,187,0.042836178662327105
cleanStatic,train,44,43.99065624,5,6,1099516406,1100016406,5581822.863302,4814290.968125536,dense_one_source_residual,187,0.4820778142289466
cleanStatic,train,44,43.99065624,5,6,1099516406,1100016406,5581822.863302,4814290.968125536,raw_power_only,0,5581822.863302
cleanStatic,train,44,43.99065624,5,6,1099516406,1100016406,5581822.863302,4814290.968125536,analytic_sparse_k3,3,0.5632115161655045
cleanStatic,train,44,43.99065624,5,6,1099516406,1100016406,5581822.863302,4814290.968125536,uniform_k3,3,0.440069770089452
cleanStatic,train,44,43.99065624,5,6,1099516406,1100016406,5581822.863302,4814290.968125536,shuffled_k3,3,0.16458984545015967
cleanStatic,train,44,43.99065624,5,6,1099516406,1100016406,5581822.863302,4814290.968125536,analytic_sparse_k5,5,0.29644125593067955
cleanStatic,train,44,43.99065624,5,6,1099516406,1100016406,5581822.863302,4814290.968125536,uniform_k5,5,0.4188336891501919
cleanStatic,train,44,43.99065624,5,6,1099516406,1100016406,5581822.863302,4814290.968125536,shuffled_k5,5,0.2302157670796447
cleanStatic,train,44,43.99065624,5,6,1099516406,1100016406,5581822.863302,4814290.968125536,analytic_sparse_k9,9,0.22291511636597505
cleanStatic,train,44,43.99065624,5,6,1099516406,1100016406,5581822.863302,4814290.968125536,uniform_k9,9,0.08681842734536065
cleanStatic,train,44,43.99065624,5,6,1099516406,1100016406,5581822.863302,4814290.968125536,shuffled_k9,9,0.12323524868302489
cleanStatic,train,44,43.99065624,5,6,1099516406,1100016406,5581822.863302,4814290.968125536,ai_sparse_k3,3,0.11019558999106156
cleanStatic,train,44,43.99065624,5,6,1099516406,1100016406,5581822.863302,4814290.968125536,pg_scc_k3,3,0.03891643353663763
cleanStatic,train,44,43.99065624,5,6,1099516406,1100016406,5581822.863302,4814290.968125536,ai_sparse_k5,5,0.01133198508197517
cleanStatic,train,44,43.99065624,5,6,1099516406,1100016406,5581822.863302,4814290.968125536,pg_scc_k5,5,0.013500871449183993
cleanStatic,train,44,43.99065624,5,6,1099516406,1100016406,5581822.863302,4814290.968125536,ai_sparse_k9,9,0.02997542460401899
cleanStatic,train,44,43.99065624,5,6,1099516406,1100016406,5581822.863302,4814290.968125536,pg_scc_k9,9,0.004443160939540681
cleanStatic,train,44,43.99065624,5,6,1099516406,1100016406,5581822.863302,4814290.968125536,epl3,3,0.21219504096045746
cleanStatic,train,44,43.99065624,5,6,1099516406,1100016406,5581822.863302,4814290.968125536,fixed9,9,0.053417465199369886
cleanStatic,train,44,43.99065624,5,6,1099516406,1100016406,5581822.863302,4814290.968125536,random1_k3,3,0.12655800287176242
cleanStatic,train,44,43.99065624,5,6,1099516406,1100016406,5581822.863302,4814290.968125536,random2_k3,3,0.12218059822640027
cleanStatic,train,44,43.99065624,5,6,1099516406,1100016406,5581822.863302,4814290.968125536,random3_k3,3,0.1800915451685173
cleanStatic,train,44,43.99065624,5,6,1099516406,1100016406,5581822.863302,4814290.968125536,random4_k3,3,0.17128214263705743
cleanStatic,train,44,43.99065624,5,6,1099516406,1100016406,5581822.863302,4814290.968125536,random5_k3,3,0.06634826475481638
cleanStatic,train,44,43.99065624,5,6,1099516406,1100016406,5581822.863302,4814290.968125536,random1_k5,5,0.15149721351574472
cleanStatic,train,44,43.99065624,5,6,1099516406,1100016406,5581822.863302,4814290.968125536,random2_k5,5,0.1980273452465869
cleanStatic,train,44,43.99065624,5,6,1099516406,1100016406,5581822.863302,4814290.968125536,random3_k5,5,0.2285068477034084
cleanStatic,train,44,43.99065624,5,6,1099516406,1100016406,5581822.863302,4814290.968125536,random4_k5,5,0.11259303898521669
cleanStatic,train,44,43.99065624,5,6,1099516406,1100016406,5581822.863302,4814290.968125536,random5_k5,5,0.1751636714309134
cleanStatic,train,44,43.99065624,5,6,1099516406,1100016406,5581822.863302,4814290.968125536,random1_k9,9,0.19529599222666993
cleanStatic,train,44,43.99065624,5,6,1099516406,1100016406,5581822.863302,4814290.968125536,random2_k9,9,0.09139784071406609
cleanStatic,train,44,43.99065624,5,6,1099516406,1100016406,5581822.863302,4814290.968125536,random3_k9,9,0.14774195977110105
cleanStatic,train,44,43.99065624,5,6,1099516406,1100016406,5581822.863302,4814290.968125536,random4_k9,9,0.17081167992799584
cleanStatic,train,44,43.99065624,5,6,1099516406,1100016406,5581822.863302,4814290.968125536,random5_k9,9,0.12128349895026982
cleanStatic,train,44,44.00720576,6,7,1099930144,1100430144,5565349.260210001,4325920.966446983,dense_two_source_glrt,187,0.19228015645235233
cleanStatic,train,44,44.00720576,6,7,1099930144,1100430144,5565349.260210001,4325920.966446983,dense_one_source_residual,187,1.1241706620491216
cleanStatic,train,44,44.00720576,6,7,1099930144,1100430144,5565349.260210001,4325920.966446983,raw_power_only,0,5565349.260210001
cleanStatic,train,44,44.00720576,6,7,1099930144,1100430144,5565349.260210001,4325920.966446983,analytic_sparse_k3,3,0.15262760672308434
cleanStatic,train,44,44.00720576,6,7,1099930144,1100430144,5565349.260210001,4325920.966446983,uniform_k3,3,0.4390004796572433
cleanStatic,train,44,44.00720576,6,7,1099930144,1100430144,5565349.260210001,4325920.966446983,shuffled_k3,3,0.444008883444111
cleanStatic,train,44,44.00720576,6,7,1099930144,1100430144,5565349.260210001,4325920.966446983,analytic_sparse_k5,5,0.4308790488002847
cleanStatic,train,44,44.00720576,6,7,1099930144,1100430144,5565349.260210001,4325920.966446983,uniform_k5,5,0.45742268323535457
cleanStatic,train,44,44.00720576,6,7,1099930144,1100430144,5565349.260210001,4325920.966446983,shuffled_k5,5,0.3471339334112871
cleanStatic,train,44,44.00720576,6,7,1099930144,1100430144,5565349.260210001,4325920.966446983,analytic_sparse_k9,9,0.2263102193566112
cleanStatic,train,44,44.00720576,6,7,1099930144,1100430144,5565349.260210001,4325920.966446983,uniform_k9,9,0.1572542109158066
cleanStatic,train,44,44.00720576,6,7,1099930144,1100430144,5565349.260210001,4325920.966446983,shuffled_k9,9,0.3511743312288801
cleanStatic,train,44,44.00720576,6,7,1099930144,1100430144,5565349.260210001,4325920.966446983,ai_sparse_k3,3,0.7026910919321202
cleanStatic,train,44,44.00720576,6,7,1099930144,1100430144,5565349.260210001,4325920.966446983,pg_scc_k3,3,1.0884143286426287
cleanStatic,train,44,44.00720576,6,7,1099930144,1100430144,5565349.260210001,4325920.966446983,ai_sparse_k5,5,0.6886961471504554
cleanStatic,train,44,44.00720576,6,7,1099930144,1100430144,5565349.260210001,4325920.966446983,pg_scc_k5,5,0.23119753424743744
cleanStatic,train,44,44.00720576,6,7,1099930144,1100430144,5565349.260210001,4325920.966446983,ai_sparse_k9,9,0.6083911765889183
cleanStatic,train,44,44.00720576,6,7,1099930144,1100430144,5565349.260210001,4325920.966446983,pg_scc_k9,9,0.17201969587143986
cleanStatic,train,44,44.00720576,6,7,1099930144,1100430144,5565349.260210001,4325920.966446983,epl3,3,0.3367987328326912
cleanStatic,train,44,44.00720576,6,7,1099930144,1100430144,5565349.260210001,4325920.966446983,fixed9,9,0.7066523159123531
cleanStatic,train,44,44.00720576,6,7,1099930144,1100430144,5565349.260210001,4325920.966446983,random1_k3,3,1.3027605981206707
cleanStatic,train,44,44.00720576,6,7,1099930144,1100430144,5565349.260210001,4325920.966446983,random2_k3,3,0.21283290897244167
cleanStatic,train,44,44.00720576,6,7,1099930144,1100430144,5565349.260210001,4325920.966446983,random3_k3,3,1.3458223727650338
cleanStatic,train,44,44.00720576,6,7,1099930144,1100430144,5565349.260210001,4325920.966446983,random4_k3,3,0.5952405445852821
cleanStatic,train,44,44.00720576,6,7,1099930144,1100430144,5565349.260210001,4325920.966446983,random5_k3,3,0.0861608559827557
cleanStatic,train,44,44.00720576,6,7,1099930144,1100430144,5565349.260210001,4325920.966446983,random1_k5,5,0.37374321706999547
cleanStatic,train,44,44.00720576,6,7,1099930144,1100430144,5565349.260210001,4325920.966446983,random2_k5,5,0.4061273419270103
cleanStatic,train,44,44.00720576,6,7,1099930144,1100430144,5565349.260210001,4325920.966446983,random3_k5,5,0.35214595899053086
cleanStatic,train,44,44.00720576,6,7,1099930144,1100430144,5565349.260210001,4325920.966446983,random4_k5,5,0.6574964319599437
cleanStatic,train,44,44.00720576,6,7,1099930144,1100430144,5565349.260210001,4325920.966446983,random5_k5,5,0.28660040417816884
cleanStatic,train,44,44.00720576,6,7,1099930144,1100430144,5565349.260210001,4325920.966446983,random1_k9,9,0.39729628530354544
cleanStatic,train,44,44.00720576,6,7,1099930144,1100430144,5565349.260210001,4325920.966446983,random2_k9,9,0.4277110275390022
cleanStatic,train,44,44.00720576,6,7,1099930144,1100430144,5565349.260210001,4325920.966446983,random3_k9,9,0.6846178501755467
cleanStatic,train,44,44.00720576,6,7,1099930144,1100430144,5565349.260210001,4325920.966446983,random4_k9,9,0.7171612002624745
cleanStatic,train,44,44.00720576,6,7,1099930144,1100430144,5565349.260210001,4325920.966446983,random5_k9,9,0.8114143969054883
cleanStatic,train,44,43.99037796,7,10,1099509449,1100009449,5579951.630482,2355852.8910735957,dense_two_source_glrt,187,0.18130587480351018
cleanStatic,train,44,43.99037796,7,10,1099509449,1100009449,5579951.630482,2355852.8910735957,dense_one_source_residual,187,2.0650471811542492
cleanStatic,train,44,43.99037796,7,10,1099509449,1100009449,5579951.630482,2355852.8910735957,raw_power_only,0,5579951.630482
cleanStatic,train,44,43.99037796,7,10,1099509449,1100009449,5579951.630482,2355852.8910735957,analytic_sparse_k3,3,1.383909865735369
cleanStatic,train,44,43.99037796,7,10,1099509449,1100009449,5579951.630482,2355852.8910735957,uniform_k3,3,1.2870261923805775
cleanStatic,train,44,43.99037796,7,10,1099509449,1100009449,5579951.630482,2355852.8910735957,shuffled_k3,3,0.9233298904344882
cleanStatic,train,44,43.99037796,7,10,1099509449,1100009449,5579951.630482,2355852.8910735957,analytic_sparse_k5,5,1.4825947444109118
cleanStatic,train,44,43.99037796,7,10,1099509449,1100009449,5579951.630482,2355852.8910735957,uniform_k5,5,1.006702749909358
cleanStatic,train,44,43.99037796,7,10,1099509449,1100009449,5579951.630482,2355852.8910735957,shuffled_k5,5,1.0374017571536704
cleanStatic,train,44,43.99037796,7,10,1099509449,1100009449,5579951.630482,2355852.8910735957,analytic_sparse_k9,9,0.6975052608626606
cleanStatic,train,44,43.99037796,7,10,1099509449,1100009449,5579951.630482,2355852.8910735957,uniform_k9,9,0.13800792228619863
cleanStatic,train,44,43.99037796,7,10,1099509449,1100009449,5579951.630482,2355852.8910735957,shuffled_k9,9,0.39679714642284086
cleanStatic,train,44,43.99037796,7,10,1099509449,1100009449,5579951.630482,2355852.8910735957,ai_sparse_k3,3,0.9959988892552829
cleanStatic,train,44,43.99037796,7,10,1099509449,1100009449,5579951.630482,2355852.8910735957,pg_scc_k3,3,1.1771459112653377
cleanStatic,train,44,43.99037796,7,10,1099509449,1100009449,5579951.630482,2355852.8910735957,ai_sparse_k5,5,0.9159727134294562
cleanStatic,train,44,43.99037796,7,10,1099509449,1100009449,5579951.630482,2355852.8910735957,pg_scc_k5,5,0.766078972472037
cleanStatic,train,44,43.99037796,7,10,1099509449,1100009449,5579951.630482,2355852.8910735957,ai_sparse_k9,9,0.25685893296497814
cleanStatic,train,44,43.99037796,7,10,1099509449,1100009449,5579951.630482,2355852.8910735957,pg_scc_k9,9,0.36194958159384644
cleanStatic,train,44,43.99037796,7,10,1099509449,1100009449,5579951.630482,2355852.8910735957,epl3,3,1.9649864073346626
cleanStatic,train,44,43.99037796,7,10,1099509449,1100009449,5579951.630482,2355852.8910735957,fixed9,9,0.5407784598441143
cleanStatic,train,44,43.99037796,7,10,1099509449,1100009449,5579951.630482,2355852.8910735957,random1_k3,3,1.3347819435283708
cleanStatic,train,44,43.99037796,7,10,1099509449,1100009449,5579951.630482,2355852.8910735957,random2_k3,3,1.506456753399614
cleanStatic,train,44,43.99037796,7,10,1099509449,1100009449,5579951.630482,2355852.8910735957,random3_k3,3,2.3830644866641197
cleanStatic,train,44,43.99037796,7,10,1099509449,1100009449,5579951.630482,2355852.8910735957,random4_k3,3,2.2011500733992206
cleanStatic,train,44,43.99037796,7,10,1099509449,1100009449,5579951.630482,2355852.8910735957,random5_k3,3,0.15252485697192755
cleanStatic,train,44,43.99037796,7,10,1099509449,1100009449,5579951.630482,2355852.8910735957,random1_k5,5,0.9679605791453119
cleanStatic,train,44,43.99037796,7,10,1099509449,1100009449,5579951.630482,2355852.8910735957,random2_k5,5,1.5087223977909332
cleanStatic,train,44,43.99037796,7,10,1099509449,1100009449,5579951.630482,2355852.8910735957,random3_k5,5,0.5373619409613578
cleanStatic,train,44,43.99037796,7,10,1099509449,1100009449,5579951.630482,2355852.8910735957,random4_k5,5,2.4467928382399133
cleanStatic,train,44,43.99037796,7,10,1099509449,1100009449,5579951.630482,2355852.8910735957,random5_k5,5,1.5005981660399885
cleanStatic,train,44,43.99037796,7,10,1099509449,1100009449,5579951.630482,2355852.8910735957,random1_k9,9,1.2815172411342
cleanStatic,train,44,43.99037796,7,10,1099509449,1100009449,5579951.630482,2355852.8910735957,random2_k9,9,0.567998574454733
cleanStatic,train,44,43.99037796,7,10,1099509449,1100009449,5579951.630482,2355852.8910735957,random3_k9,9,0.4191639298422266
cleanStatic,train,44,43.99037796,7,10,1099509449,1100009449,5579951.630482,2355852.8910735957,random4_k9,9,0.9273239697305647
cleanStatic,train,44,43.99037796,7,10,1099509449,1100009449,5579951.630482,2355852.8910735957,random5_k9,9,0.21731814054694412
cleanStatic,train,44,43.99068232,8,13,1099517058,1100017058,5581419.001562,6316624.9066507,dense_two_source_glrt,187,0.03964904803908134
cleanStatic,train,44,43.99068232,8,13,1099517058,1100017058,5581419.001562,6316624.9066507,dense_one_source_residual,187,0.1699481442144473
cleanStatic,train,44,43.99068232,8,13,1099517058,1100017058,5581419.001562,6316624.9066507,raw_power_only,0,5581419.001562
cleanStatic,train,44,43.99068232,8,13,1099517058,1100017058,5581419.001562,6316624.9066507,analytic_sparse_k3,3,0.03351541393893742
cleanStatic,train,44,43.99068232,8,13,1099517058,1100017058,5581419.001562,6316624.9066507,uniform_k3,3,0.13577227313166385
cleanStatic,train,44,43.99068232,8,13,1099517058,1100017058,5581419.001562,6316624.9066507,shuffled_k3,3,0.15921535709789492
cleanStatic,train,44,43.99068232,8,13,1099517058,1100017058,5581419.001562,6316624.9066507,analytic_sparse_k5,5,0.0786280665920527
cleanStatic,train,44,43.99068232,8,13,1099517058,1100017058,5581419.001562,6316624.9066507,uniform_k5,5,0.05302374967228131
cleanStatic,train,44,43.99068232,8,13,1099517058,1100017058,5581419.001562,6316624.9066507,shuffled_k5,5,0.10586017567858245
cleanStatic,train,44,43.99068232,8,13,1099517058,1100017058,5581419.001562,6316624.9066507,analytic_sparse_k9,9,0.048566357034429936
cleanStatic,train,44,43.99068232,8,13,1099517058,1100017058,5581419.001562,6316624.9066507,uniform_k9,9,0.04199644258217981
cleanStatic,train,44,43.99068232,8,13,1099517058,1100017058,5581419.001562,6316624.9066507,shuffled_k9,9,0.045535664734092714
cleanStatic,train,44,43.99068232,8,13,1099517058,1100017058,5581419.001562,6316624.9066507,ai_sparse_k3,3,0.13817935319929686
cleanStatic,train,44,43.99068232,8,13,1099517058,1100017058,5581419.001562,6316624.9066507,pg_scc_k3,3,0.08832217759361403
cleanStatic,train,44,43.99068232,8,13,1099517058,1100017058,5581419.001562,6316624.9066507,ai_sparse_k5,5,0.10637261912954854
cleanStatic,train,44,43.99068232,8,13,1099517058,1100017058,5581419.001562,6316624.9066507,pg_scc_k5,5,0.07043075089540526
cleanStatic,train,44,43.99068232,8,13,1099517058,1100017058,5581419.001562,6316624.9066507,ai_sparse_k9,9,0.05076226309564772
cleanStatic,train,44,43.99068232,8,13,1099517058,1100017058,5581419.001562,6316624.9066507,pg_scc_k9,9,0.06869603558925094
cleanStatic,train,44,43.99068232,8,13,1099517058,1100017058,5581419.001562,6316624.9066507,epl3,3,0.1007775476703796
cleanStatic,train,44,43.99068232,8,13,1099517058,1100017058,5581419.001562,6316624.9066507,fixed9,9,0.03277437810223574
cleanStatic,train,44,43.99068232,8,13,1099517058,1100017058,5581419.001562,6316624.9066507,random1_k3,3,0.1083018502294492
cleanStatic,train,44,43.99068232,8,13,1099517058,1100017058,5581419.001562,6316624.9066507,random2_k3,3,0.06806784649203981
cleanStatic,train,44,43.99068232,8,13,1099517058,1100017058,5581419.001562,6316624.9066507,random3_k3,3,0.03296070327004447
cleanStatic,train,44,43.99068232,8,13,1099517058,1100017058,5581419.001562,6316624.9066507,random4_k3,3,0.04583471630154747
cleanStatic,train,44,43.99068232,8,13,1099517058,1100017058,5581419.001562,6316624.9066507,random5_k3,3,0.06256129653878749
cleanStatic,train,44,43.99068232,8,13,1099517058,1100017058,5581419.001562,6316624.9066507,random1_k5,5,0.038671323328491145
cleanStatic,train,44,43.99068232,8,13,1099517058,1100017058,5581419.001562,6316624.9066507,random2_k5,5,0.14264114130608618
cleanStatic,train,44,43.99068232,8,13,1099517058,1100017058,5581419.001562,6316624.9066507,random3_k5,5,0.14804285063279748
cleanStatic,train,44,43.99068232,8,13,1099517058,1100017058,5581419.001562,6316624.9066507,random4_k5,5,0.02346506429216637
cleanStatic,train,44,43.99068232,8,13,1099517058,1100017058,5581419.001562,6316624.9066507,random5_k5,5,0.10024467070678122
cleanStatic,train,44,43.99068232,8,13,1099517058,1100017058,5581419.001562,6316624.9066507,random1_k9,9,0.060788051659961005
cleanStatic,train,44,43.99068232,8,13,1099517058,1100017058,5581419.001562,6316624.9066507,random2_k9,9,0.04969730590207733
cleanStatic,train,44,43.99068232,8,13,1099517058,1100017058,5581419.001562,6316624.9066507,random3_k9,9,0.02025893809615829
cleanStatic,train,44,43.99068232,8,13,1099517058,1100017058,5581419.001562,6316624.9066507,random4_k9,9,0.06774208942316802
cleanStatic,train,44,43.99068232,8,13,1099517058,1100017058,5581419.001562,6316624.9066507,random5_k9,9,0.06866072648745786
cleanStatic,train,44,44.00352208,9,19,1099838052,1100338052,5578388.888979999,4434786.860016796,dense_two_source_glrt,187,0.15162725495807133
cleanStatic,train,44,44.00352208,9,19,1099838052,1100338052,5578388.888979999,4434786.860016796,dense_one_source_residual,187,1.049757725036826
cleanStatic,train,44,44.00352208,9,19,1099838052,1100338052,5578388.888979999,4434786.860016796,raw_power_only,0,5578388.888979999
cleanStatic,train,44,44.00352208,9,19,1099838052,1100338052,5578388.888979999,4434786.860016796,analytic_sparse_k3,3,0.1681573368615289
cleanStatic,train,44,44.00352208,9,19,1099838052,1100338052,5578388.888979999,4434786.860016796,uniform_k3,3,1.0536710949239467
cleanStatic,train,44,44.00352208,9,19,1099838052,1100338052,5578388.888979999,4434786.860016796,shuffled_k3,3,0.2333692110943383
cleanStatic,train,44,44.00352208,9,19,1099838052,1100338052,5578388.888979999,4434786.860016796,analytic_sparse_k5,5,0.2593981727982529
cleanStatic,train,44,44.00352208,9,19,1099838052,1100338052,5578388.888979999,4434786.860016796,uniform_k5,5,0.2887559952611188
cleanStatic,train,44,44.00352208,9,19,1099838052,1100338052,5578388.888979999,4434786.860016796,shuffled_k5,5,0.29270421917458167
cleanStatic,train,44,44.00352208,9,19,1099838052,1100338052,5578388.888979999,4434786.860016796,analytic_sparse_k9,9,0.3117608780991886
cleanStatic,train,44,44.00352208,9,19,1099838052,1100338052,5578388.888979999,4434786.860016796,uniform_k9,9,0.03583305438051335
cleanStatic,train,44,44.00352208,9,19,1099838052,1100338052,5578388.888979999,4434786.860016796,shuffled_k9,9,0.6483260363054398
cleanStatic,train,44,44.00352208,9,19,1099838052,1100338052,5578388.888979999,4434786.860016796,ai_sparse_k3,3,0.8362818865682904
cleanStatic,train,44,44.00352208,9,19,1099838052,1100338052,5578388.888979999,4434786.860016796,pg_scc_k3,3,0.7177851107012398
cleanStatic,train,44,44.00352208,9,19,1099838052,1100338052,5578388.888979999,4434786.860016796,ai_sparse_k5,5,0.44519458668237083
cleanStatic,train,44,44.00352208,9,19,1099838052,1100338052,5578388.888979999,4434786.860016796,pg_scc_k5,5,0.2791344087498143
cleanStatic,train,44,44.00352208,9,19,1099838052,1100338052,5578388.888979999,4434786.860016796,ai_sparse_k9,9,0.4265596980606154
cleanStatic,train,44,44.00352208,9,19,1099838052,1100338052,5578388.888979999,4434786.860016796,pg_scc_k9,9,0.2132792719705393
cleanStatic,train,44,44.00352208,9,19,1099838052,1100338052,5578388.888979999,4434786.860016796,epl3,3,0.9729872105307926
cleanStatic,train,44,44.00352208,9,19,1099838052,1100338052,5578388.888979999,4434786.860016796,fixed9,9,0.5829064387843382
cleanStatic,train,44,44.00352208,9,19,1099838052,1100338052,5578388.888979999,4434786.860016796,random1_k3,3,1.3254680494033813
cleanStatic,train,44,44.00352208,9,19,1099838052,1100338052,5578388.888979999,4434786.860016796,random2_k3,3,0.34721861857806796
cleanStatic,train,44,44.00352208,9,19,1099838052,1100338052,5578388.888979999,4434786.860016796,random3_k3,3,0.89283010307753
cleanStatic,train,44,44.00352208,9,19,1099838052,1100338052,5578388.888979999,4434786.860016796,random4_k3,3,0.4419308434855549
cleanStatic,train,44,44.00352208,9,19,1099838052,1100338052,5578388.888979999,4434786.860016796,random5_k3,3,0.23977933815917454
cleanStatic,train,44,44.00352208,9,19,1099838052,1100338052,5578388.888979999,4434786.860016796,random1_k5,5,0.3583596386362129
cleanStatic,train,44,44.00352208,9,19,1099838052,1100338052,5578388.888979999,4434786.860016796,random2_k5,5,0.545992573924949
cleanStatic,train,44,44.00352208,9,19,1099838052,1100338052,5578388.888979999,4434786.860016796,random3_k5,5,0.5035146630090784
cleanStatic,train,44,44.00352208,9,19,1099838052,1100338052,5578388.888979999,4434786.860016796,random4_k5,5,0.4486313411776551
cleanStatic,train,44,44.00352208,9,19,1099838052,1100338052,5578388.888979999,4434786.860016796,random5_k5,5,0.572262414587216
cleanStatic,train,44,44.00352208,9,19,1099838052,1100338052,5578388.888979999,4434786.860016796,random1_k9,9,0.5917823259384697
cleanStatic,train,44,44.00352208,9,19,1099838052,1100338052,5578388.888979999,4434786.860016796,random2_k9,9,0.20542915839576498
cleanStatic,train,44,44.00352208,9,19,1099838052,1100338052,5578388.888979999,4434786.860016796,random3_k9,9,0.46401191110575213
cleanStatic,train,44,44.00352208,9,19,1099838052,1100338052,5578388.888979999,4434786.860016796,random4_k9,9,0.6462522679319374
cleanStatic,train,44,44.00352208,9,19,1099838052,1100338052,5578388.888979999,4434786.860016796,random5_k9,9,0.6491714146700158
cleanStatic,train,44,43.99061344,10,23,1099515336,1100015336,5582177.466790001,6696540.585565749,dense_two_source_glrt,187,0.12608961641665437
cleanStatic,train,44,43.99061344,10,23,1099515336,1100015336,5582177.466790001,6696540.585565749,dense_one_source_residual,187,0.26784943089464536
cleanStatic,train,44,43.99061344,10,23,1099515336,1100015336,5582177.466790001,6696540.585565749,raw_power_only,0,5582177.466790001
cleanStatic,train,44,43.99061344,10,23,1099515336,1100015336,5582177.466790001,6696540.585565749,analytic_sparse_k3,3,0.0805324241284441
cleanStatic,train,44,43.99061344,10,23,1099515336,1100015336,5582177.466790001,6696540.585565749,uniform_k3,3,0.02898349940735182
cleanStatic,train,44,43.99061344,10,23,1099515336,1100015336,5582177.466790001,6696540.585565749,shuffled_k3,3,0.08146651463682138
cleanStatic,train,44,43.99061344,10,23,1099515336,1100015336,5582177.466790001,6696540.585565749,analytic_sparse_k5,5,0.10553588502263486
cleanStatic,train,44,43.99061344,10,23,1099515336,1100015336,5582177.466790001,6696540.585565749,uniform_k5,5,0.06790173733511366
cleanStatic,train,44,43.99061344,10,23,1099515336,1100015336,5582177.466790001,6696540.585565749,shuffled_k5,5,0.0434027526049763
cleanStatic,train,44,43.99061344,10,23,1099515336,1100015336,5582177.466790001,6696540.585565749,analytic_sparse_k9,9,0.09208033764547904
cleanStatic,train,44,43.99061344,10,23,1099515336,1100015336,5582177.466790001,6696540.585565749,uniform_k9,9,0.0869212838196159
cleanStatic,train,44,43.99061344,10,23,1099515336,1100015336,5582177.466790001,6696540.585565749,shuffled_k9,9,0.19151129949473975
cleanStatic,train,44,43.99061344,10,23,1099515336,1100015336,5582177.466790001,6696540.585565749,ai_sparse_k3,3,0.21082631483532518
cleanStatic,train,44,43.99061344,10,23,1099515336,1100015336,5582177.466790001,6696540.585565749,pg_scc_k3,3,0.099604558749336
cleanStatic,train,44,43.99061344,10,23,1099515336,1100015336,5582177.466790001,6696540.585565749,ai_sparse_k5,5,0.2032913332252686
cleanStatic,train,44,43.99061344,10,23,1099515336,1100015336,5582177.466790001,6696540.585565749,pg_scc_k5,5,0.12141831257096058
cleanStatic,train,44,43.99061344,10,23,1099515336,1100015336,5582177.466790001,6696540.585565749,ai_sparse_k9,9,0.11564378521420249
cleanStatic,train,44,43.99061344,10,23,1099515336,1100015336,5582177.466790001,6696540.585565749,pg_scc_k9,9,0.1517496294634819
cleanStatic,train,44,43.99061344,10,23,1099515336,1100015336,5582177.466790001,6696540.585565749,epl3,3,0.23753143963079418
cleanStatic,train,44,43.99061344,10,23,1099515336,1100015336,5582177.466790001,6696540.585565749,fixed9,9,0.1324753960939003
cleanStatic,train,44,43.99061344,10,23,1099515336,1100015336,5582177.466790001,6696540.585565749,random1_k3,3,0.26558190361345807
cleanStatic,train,44,43.99061344,10,23,1099515336,1100015336,5582177.466790001,6696540.585565749,random2_k3,3,0.2293072325972465
cleanStatic,train,44,43.99061344,10,23,1099515336,1100015336,5582177.466790001,6696540.585565749,random3_k3,3,0.3488317174137252
cleanStatic,train,44,43.99061344,10,23,1099515336,1100015336,5582177.466790001,6696540.585565749,random4_k3,3,0.11391657162976976
cleanStatic,train,44,43.99061344,10,23,1099515336,1100015336,5582177.466790001,6696540.585565749,random5_k3,3,0.19425230670699023
cleanStatic,train,44,43.99061344,10,23,1099515336,1100015336,5582177.466790001,6696540.585565749,random1_k5,5,0.06455907133482837
cleanStatic,train,44,43.99061344,10,23,1099515336,1100015336,5582177.466790001,6696540.585565749,random2_k5,5,0.12715132991297007
cleanStatic,train,44,43.99061344,10,23,1099515336,1100015336,5582177.466790001,6696540.585565749,random3_k5,5,0.06159039788654672
cleanStatic,train,44,43.99061344,10,23,1099515336,1100015336,5582177.466790001,6696540.585565749,random4_k5,5,0.12267478914252536
cleanStatic,train,44,43.99061344,10,23,1099515336,1100015336,5582177.466790001,6696540.585565749,random5_k5,5,0.12424257354883106
cleanStatic,train,44,43.99061344,10,23,1099515336,1100015336,5582177.466790001,6696540.585565749,random1_k9,9,0.1216521757086651
cleanStatic,train,44,43.99061344,10,23,1099515336,1100015336,5582177.466790001,6696540.585565749,random2_k9,9,0.2341027783837139
cleanStatic,train,44,43.99061344,10,23,1099515336,1100015336,5582177.466790001,6696540.585565749,random3_k9,9,0.20843846203131577
cleanStatic,train,44,43.99061344,10,23,1099515336,1100015336,5582177.466790001,6696540.585565749,random4_k9,9,0.29362289663752394
cleanStatic,train,44,43.99061344,10,23,1099515336,1100015336,5582177.466790001,6696540.585565749,random5_k9,9,0.2039345270492833
cleanStatic,selection,47,47.02628684,0,16,1175407171,1175907171,5496636.217672,5389920.351612547,dense_two_source_glrt,187,0.10762941947116603
cleanStatic,selection,47,47.02628684,0,16,1175407171,1175907171,5496636.217672,5389920.351612547,dense_one_source_residual,187,0.32035222832985333
cleanStatic,selection,47,47.02628684,0,16,1175407171,1175907171,5496636.217672,5389920.351612547,raw_power_only,0,5496636.217672
cleanStatic,selection,47,47.02628684,0,16,1175407171,1175907171,5496636.217672,5389920.351612547,analytic_sparse_k3,3,0.09005925592128566
cleanStatic,selection,47,47.02628684,0,16,1175407171,1175907171,5496636.217672,5389920.351612547,uniform_k3,3,0.2274762721103026
cleanStatic,selection,47,47.02628684,0,16,1175407171,1175907171,5496636.217672,5389920.351612547,shuffled_k3,3,0.20760721822592001
cleanStatic,selection,47,47.02628684,0,16,1175407171,1175907171,5496636.217672,5389920.351612547,analytic_sparse_k5,5,0.19269684821213312
cleanStatic,selection,47,47.02628684,0,16,1175407171,1175907171,5496636.217672,5389920.351612547,uniform_k5,5,0.07578858432021178
cleanStatic,selection,47,47.02628684,0,16,1175407171,1175907171,5496636.217672,5389920.351612547,shuffled_k5,5,0.19116716308793763
cleanStatic,selection,47,47.02628684,0,16,1175407171,1175907171,5496636.217672,5389920.351612547,analytic_sparse_k9,9,0.1357540078551954
cleanStatic,selection,47,47.02628684,0,16,1175407171,1175907171,5496636.217672,5389920.351612547,uniform_k9,9,0.09999979921200068
cleanStatic,selection,47,47.02628684,0,16,1175407171,1175907171,5496636.217672,5389920.351612547,shuffled_k9,9,0.05762227367743341
cleanStatic,selection,47,47.02628684,0,16,1175407171,1175907171,5496636.217672,5389920.351612547,ai_sparse_k3,3,0.2567473027153801
cleanStatic,selection,47,47.02628684,0,16,1175407171,1175907171,5496636.217672,5389920.351612547,pg_scc_k3,3,0.05485136982528066
cleanStatic,selection,47,47.02628684,0,16,1175407171,1175907171,5496636.217672,5389920.351612547,ai_sparse_k5,5,0.2176238860850245
cleanStatic,selection,47,47.02628684,0,16,1175407171,1175907171,5496636.217672,5389920.351612547,pg_scc_k5,5,0.0810724472181791
cleanStatic,selection,47,47.02628684,0,16,1175407171,1175907171,5496636.217672,5389920.351612547,ai_sparse_k9,9,0.112705037461523
cleanStatic,selection,47,47.02628684,0,16,1175407171,1175907171,5496636.217672,5389920.351612547,pg_scc_k9,9,0.12367023503613818
cleanStatic,selection,47,47.02628684,0,16,1175407171,1175907171,5496636.217672,5389920.351612547,epl3,3,0.07973873931573791
cleanStatic,selection,47,47.02628684,0,16,1175407171,1175907171,5496636.217672,5389920.351612547,fixed9,9,0.132086928748152
cleanStatic,selection,47,47.02628684,0,16,1175407171,1175907171,5496636.217672,5389920.351612547,random1_k3,3,0.2037716293529481
cleanStatic,selection,47,47.02628684,0,16,1175407171,1175907171,5496636.217672,5389920.351612547,random2_k3,3,0.22711232242477916
cleanStatic,selection,47,47.02628684,0,16,1175407171,1175907171,5496636.217672,5389920.351612547,random3_k3,3,0.10223001714512858
cleanStatic,selection,47,47.02628684,0,16,1175407171,1175907171,5496636.217672,5389920.351612547,random4_k3,3,0.11075644276312818
cleanStatic,selection,47,47.02628684,0,16,1175407171,1175907171,5496636.217672,5389920.351612547,random5_k3,3,0.2104966665740263
cleanStatic,selection,47,47.02628684,0,16,1175407171,1175907171,5496636.217672,5389920.351612547,random1_k5,5,0.11927946980796025
cleanStatic,selection,47,47.02628684,0,16,1175407171,1175907171,5496636.217672,5389920.351612547,random2_k5,5,0.17880504363465066
cleanStatic,selection,47,47.02628684,0,16,1175407171,1175907171,5496636.217672,5389920.351612547,random3_k5,5,0.10454135763316282
cleanStatic,selection,47,47.02628684,0,16,1175407171,1175907171,5496636.217672,5389920.351612547,random4_k5,5,0.3906095360616789
cleanStatic,selection,47,47.02628684,0,16,1175407171,1175907171,5496636.217672,5389920.351612547,random5_k5,5,0.2586087617895754
cleanStatic,selection,47,47.02628684,0,16,1175407171,1175907171,5496636.217672,5389920.351612547,random1_k9,9,0.15904181957497204
cleanStatic,selection,47,47.02628684,0,16,1175407171,1175907171,5496636.217672,5389920.351612547,random2_k9,9,0.13451765597943136
cleanStatic,selection,47,47.02628684,0,16,1175407171,1175907171,5496636.217672,5389920.351612547,random3_k9,9,0.09567986063244441
cleanStatic,selection,47,47.02628684,0,16,1175407171,1175907171,5496636.217672,5389920.351612547,random4_k9,9,0.19540467905924824
cleanStatic,selection,47,47.02628684,0,16,1175407171,1175907171,5496636.217672,5389920.351612547,random5_k9,9,0.059757439013551225
cleanStatic,selection,47,47.01054632,2,3,1175013658,1175513658,5502282.13205,5754072.752059883,dense_two_source_glrt,187,0.12044558529598252
cleanStatic,selection,47,47.01054632,2,3,1175013658,1175513658,5502282.13205,5754072.752059883,dense_one_source_residual,187,0.27739593387597455
cleanStatic,selection,47,47.01054632,2,3,1175013658,1175513658,5502282.13205,5754072.752059883,raw_power_only,0,5502282.13205
cleanStatic,selection,47,47.01054632,2,3,1175013658,1175513658,5502282.13205,5754072.752059883,analytic_sparse_k3,3,0.1769086425399364
cleanStatic,selection,47,47.01054632,2,3,1175013658,1175513658,5502282.13205,5754072.752059883,uniform_k3,3,0.10898014236464448
cleanStatic,selection,47,47.01054632,2,3,1175013658,1175513658,5502282.13205,5754072.752059883,shuffled_k3,3,0.31859526490522166
cleanStatic,selection,47,47.01054632,2,3,1175013658,1175513658,5502282.13205,5754072.752059883,analytic_sparse_k5,5,0.16711108002364453
cleanStatic,selection,47,47.01054632,2,3,1175013658,1175513658,5502282.13205,5754072.752059883,uniform_k5,5,0.09864962838618288
cleanStatic,selection,47,47.01054632,2,3,1175013658,1175513658,5502282.13205,5754072.752059883,shuffled_k5,5,0.2054050537244132
cleanStatic,selection,47,47.01054632,2,3,1175013658,1175513658,5502282.13205,5754072.752059883,analytic_sparse_k9,9,0.1344108097437234
cleanStatic,selection,47,47.01054632,2,3,1175013658,1175513658,5502282.13205,5754072.752059883,uniform_k9,9,0.06552491828739318
cleanStatic,selection,47,47.01054632,2,3,1175013658,1175513658,5502282.13205,5754072.752059883,shuffled_k9,9,0.1515939003179165
cleanStatic,selection,47,47.01054632,2,3,1175013658,1175513658,5502282.13205,5754072.752059883,ai_sparse_k3,3,0.2983971957338454
cleanStatic,selection,47,47.01054632,2,3,1175013658,1175513658,5502282.13205,5754072.752059883,pg_scc_k3,3,0.2215374420942736
cleanStatic,selection,47,47.01054632,2,3,1175013658,1175513658,5502282.13205,5754072.752059883,ai_sparse_k5,5,0.3161458156752138
cleanStatic,selection,47,47.01054632,2,3,1175013658,1175513658,5502282.13205,5754072.752059883,pg_scc_k5,5,0.23249707843699713
cleanStatic,selection,47,47.01054632,2,3,1175013658,1175513658,5502282.13205,5754072.752059883,ai_sparse_k9,9,0.21720991518771857
cleanStatic,selection,47,47.01054632,2,3,1175013658,1175513658,5502282.13205,5754072.752059883,pg_scc_k9,9,0.2075620837660262
cleanStatic,selection,47,47.01054632,2,3,1175013658,1175513658,5502282.13205,5754072.752059883,epl3,3,0.19527599365890835
cleanStatic,selection,47,47.01054632,2,3,1175013658,1175513658,5502282.13205,5754072.752059883,fixed9,9,0.1191119520110532
cleanStatic,selection,47,47.01054632,2,3,1175013658,1175513658,5502282.13205,5754072.752059883,random1_k3,3,0.18787744483486754
cleanStatic,selection,47,47.01054632,2,3,1175013658,1175513658,5502282.13205,5754072.752059883,random2_k3,3,0.2327886619362327
cleanStatic,selection,47,47.01054632,2,3,1175013658,1175513658,5502282.13205,5754072.752059883,random3_k3,3,0.021379055343948943
cleanStatic,selection,47,47.01054632,2,3,1175013658,1175513658,5502282.13205,5754072.752059883,random4_k3,3,0.02355780056106131
cleanStatic,selection,47,47.01054632,2,3,1175013658,1175513658,5502282.13205,5754072.752059883,random5_k3,3,0.07693850201177656
cleanStatic,selection,47,47.01054632,2,3,1175013658,1175513658,5502282.13205,5754072.752059883,random1_k5,5,0.10518876676120566
cleanStatic,selection,47,47.01054632,2,3,1175013658,1175513658,5502282.13205,5754072.752059883,random2_k5,5,0.14660412459233463
cleanStatic,selection,47,47.01054632,2,3,1175013658,1175513658,5502282.13205,5754072.752059883,random3_k5,5,0.15049712313072455
cleanStatic,selection,47,47.01054632,2,3,1175013658,1175513658,5502282.13205,5754072.752059883,random4_k5,5,0.12552877472125898
cleanStatic,selection,47,47.01054632,2,3,1175013658,1175513658,5502282.13205,5754072.752059883,random5_k5,5,0.05850002838436448
cleanStatic,selection,47,47.01054632,2,3,1175013658,1175513658,5502282.13205,5754072.752059883,random1_k9,9,0.09564814346464035
cleanStatic,selection,47,47.01054632,2,3,1175013658,1175513658,5502282.13205,5754072.752059883,random2_k9,9,0.16706473701589233
cleanStatic,selection,47,47.01054632,2,3,1175013658,1175513658,5502282.13205,5754072.752059883,random3_k9,9,0.07593304992917779
cleanStatic,selection,47,47.01054632,2,3,1175013658,1175513658,5502282.13205,5754072.752059883,random4_k9,9,0.06282086832052339
cleanStatic,selection,47,47.01054632,2,3,1175013658,1175513658,5502282.13205,5754072.752059883,random5_k9,9,0.11302478162231894
cleanStatic,selection,47,47.02533424,3,20,1175383356,1175883356,5501672.0549800005,2148864.479621015,dense_two_source_glrt,187,0.1928075388115544
cleanStatic,selection,47,47.02533424,3,20,1175383356,1175883356,5501672.0549800005,2148864.479621015,dense_one_source_residual,187,1.6021422351075505
cleanStatic,selection,47,47.02533424,3,20,1175383356,1175883356,5501672.0549800005,2148864.479621015,raw_power_only,0,5501672.0549800005
cleanStatic,selection,47,47.02533424,3,20,1175383356,1175883356,5501672.0549800005,2148864.479621015,analytic_sparse_k3,3,0.392755381755648
cleanStatic,selection,47,47.02533424,3,20,1175383356,1175883356,5501672.0549800005,2148864.479621015,uniform_k3,3,0.5566230558782942
cleanStatic,selection,47,47.02533424,3,20,1175383356,1175883356,5501672.0549800005,2148864.479621015,shuffled_k3,3,0.9103114741915919
cleanStatic,selection,47,47.02533424,3,20,1175383356,1175883356,5501672.0549800005,2148864.479621015,analytic_sparse_k5,5,0.554987587966298
cleanStatic,selection,47,47.02533424,3,20,1175383356,1175883356,5501672.0549800005,2148864.479621015,uniform_k5,5,0.36387988580593433
cleanStatic,selection,47,47.02533424,3,20,1175383356,1175883356,5501672.0549800005,2148864.479621015,shuffled_k5,5,0.28740755250659167
cleanStatic,selection,47,47.02533424,3,20,1175383356,1175883356,5501672.0549800005,2148864.479621015,analytic_sparse_k9,9,0.5711878409567377
cleanStatic,selection,47,47.02533424,3,20,1175383356,1175883356,5501672.0549800005,2148864.479621015,uniform_k9,9,0.2163104107639248
cleanStatic,selection,47,47.02533424,3,20,1175383356,1175883356,5501672.0549800005,2148864.479621015,shuffled_k9,9,0.8767089390037255
cleanStatic,selection,47,47.02533424,3,20,1175383356,1175883356,5501672.0549800005,2148864.479621015,ai_sparse_k3,3,0.7065399851759292
cleanStatic,selection,47,47.02533424,3,20,1175383356,1175883356,5501672.0549800005,2148864.479621015,pg_scc_k3,3,1.627814255838955
cleanStatic,selection,47,47.02533424,3,20,1175383356,1175883356,5501672.0549800005,2148864.479621015,ai_sparse_k5,5,0.4766493143952492
cleanStatic,selection,47,47.02533424,3,20,1175383356,1175883356,5501672.0549800005,2148864.479621015,pg_scc_k5,5,0.7183746562042546
cleanStatic,selection,47,47.02533424,3,20,1175383356,1175883356,5501672.0549800005,2148864.479621015,ai_sparse_k9,9,0.6789865459380534
cleanStatic,selection,47,47.02533424,3,20,1175383356,1175883356,5501672.0549800005,2148864.479621015,pg_scc_k9,9,0.7549694364315509
cleanStatic,selection,47,47.02533424,3,20,1175383356,1175883356,5501672.0549800005,2148864.479621015,epl3,3,1.5001985679438032
cleanStatic,selection,47,47.02533424,3,20,1175383356,1175883356,5501672.0549800005,2148864.479621015,fixed9,9,0.7028410439947087
cleanStatic,selection,47,47.02533424,3,20,1175383356,1175883356,5501672.0549800005,2148864.479621015,random1_k3,3,0.8218257967505614
cleanStatic,selection,47,47.02533424,3,20,1175383356,1175883356,5501672.0549800005,2148864.479621015,random2_k3,3,1.3336307360871371
cleanStatic,selection,47,47.02533424,3,20,1175383356,1175883356,5501672.0549800005,2148864.479621015,random3_k3,3,1.3596035151872845
cleanStatic,selection,47,47.02533424,3,20,1175383356,1175883356,5501672.0549800005,2148864.479621015,random4_k3,3,0.5003686695021133
cleanStatic,selection,47,47.02533424,3,20,1175383356,1175883356,5501672.0549800005,2148864.479621015,random5_k3,3,0.1668749150516681
cleanStatic,selection,47,47.02533424,3,20,1175383356,1175883356,5501672.0549800005,2148864.479621015,random1_k5,5,0.8831578286745391
cleanStatic,selection,47,47.02533424,3,20,1175383356,1175883356,5501672.0549800005,2148864.479621015,random2_k5,5,0.38817516392266127
cleanStatic,selection,47,47.02533424,3,20,1175383356,1175883356,5501672.0549800005,2148864.479621015,random3_k5,5,1.186843216222299
cleanStatic,selection,47,47.02533424,3,20,1175383356,1175883356,5501672.0549800005,2148864.479621015,random4_k5,5,0.8600941116040218
cleanStatic,selection,47,47.02533424,3,20,1175383356,1175883356,5501672.0549800005,2148864.479621015,random5_k5,5,0.931675771165537
cleanStatic,selection,47,47.02533424,3,20,1175383356,1175883356,5501672.0549800005,2148864.479621015,random1_k9,9,0.24127714186872712
cleanStatic,selection,47,47.02533424,3,20,1175383356,1175883356,5501672.0549800005,2148864.479621015,random2_k9,9,0.13146314150838043
cleanStatic,selection,47,47.02533424,3,20,1175383356,1175883356,5501672.0549800005,2148864.479621015,random3_k9,9,0.8193226178400567
cleanStatic,selection,47,47.02533424,3,20,1175383356,1175883356,5501672.0549800005,2148864.479621015,random4_k9,9,0.24666482803376175
cleanStatic,selection,47,47.02533424,3,20,1175383356,1175883356,5501672.0549800005,2148864.479621015,random5_k9,9,0.3643279160366657
cleanStatic,selection,47,47.26164284,4,30,1181291071,1181791071,5617535.397498,2164993.7333155177,dense_two_source_glrt,187,0.3128027222375459
cleanStatic,selection,47,47.26164284,4,30,1181291071,1181791071,5617535.397498,2164993.7333155177,dense_one_source_residual,187,1.3429521850217159
cleanStatic,selection,47,47.26164284,4,30,1181291071,1181791071,5617535.397498,2164993.7333155177,raw_power_only,0,5617535.397498
cleanStatic,selection,47,47.26164284,4,30,1181291071,1181791071,5617535.397498,2164993.7333155177,analytic_sparse_k3,3,0.3131970045980348
cleanStatic,selection,47,47.26164284,4,30,1181291071,1181791071,5617535.397498,2164993.7333155177,uniform_k3,3,0.37979451606593684
cleanStatic,selection,47,47.26164284,4,30,1181291071,1181791071,5617535.397498,2164993.7333155177,shuffled_k3,3,0.5330686920415649
cleanStatic,selection,47,47.26164284,4,30,1181291071,1181791071,5617535.397498,2164993.7333155177,analytic_sparse_k5,5,0.35673057641416134
cleanStatic,selection,47,47.26164284,4,30,1181291071,1181791071,5617535.397498,2164993.7333155177,uniform_k5,5,0.2220041271841767
cleanStatic,selection,47,47.26164284,4,30,1181291071,1181791071,5617535.397498,2164993.7333155177,shuffled_k5,5,0.22494263763088312
cleanStatic,selection,47,47.26164284,4,30,1181291071,1181791071,5617535.397498,2164993.7333155177,analytic_sparse_k9,9,0.7475602692648583
cleanStatic,selection,47,47.26164284,4,30,1181291071,1181791071,5617535.397498,2164993.7333155177,uniform_k9,9,0.3957500093950021
cleanStatic,selection,47,47.26164284,4,30,1181291071,1181791071,5617535.397498,2164993.7333155177,shuffled_k9,9,0.47190339019677574
cleanStatic,selection,47,47.26164284,4,30,1181291071,1181791071,5617535.397498,2164993.7333155177,ai_sparse_k3,3,1.2095637043834184
cleanStatic,selection,47,47.26164284,4,30,1181291071,1181791071,5617535.397498,2164993.7333155177,pg_scc_k3,3,0.40359781845656334
cleanStatic,selection,47,47.26164284,4,30,1181291071,1181791071,5617535.397498,2164993.7333155177,ai_sparse_k5,5,1.1530674231180877
cleanStatic,selection,47,47.26164284,4,30,1181291071,1181791071,5617535.397498,2164993.7333155177,pg_scc_k5,5,0.6893295327957359
cleanStatic,selection,47,47.26164284,4,30,1181291071,1181791071,5617535.397498,2164993.7333155177,ai_sparse_k9,9,0.47613458827448674
cleanStatic,selection,47,47.26164284,4,30,1181291071,1181791071,5617535.397498,2164993.7333155177,pg_scc_k9,9,0.7576185922330052
cleanStatic,selection,47,47.26164284,4,30,1181291071,1181791071,5617535.397498,2164993.7333155177,epl3,3,0.9049896473226235
cleanStatic,selection,47,47.26164284,4,30,1181291071,1181791071,5617535.397498,2164993.7333155177,fixed9,9,0.2041814636546236
cleanStatic,selection,47,47.26164284,4,30,1181291071,1181791071,5617535.397498,2164993.7333155177,random1_k3,3,0.39125939554471884
cleanStatic,selection,47,47.26164284,4,30,1181291071,1181791071,5617535.397498,2164993.7333155177,random2_k3,3,0.6215675121310912
cleanStatic,selection,47,47.26164284,4,30,1181291071,1181791071,5617535.397498,2164993.7333155177,random3_k3,3,1.2454923794571642
cleanStatic,selection,47,47.26164284,4,30,1181291071,1181791071,5617535.397498,2164993.7333155177,random4_k3,3,0.17784239939830818
cleanStatic,selection,47,47.26164284,4,30,1181291071,1181791071,5617535.397498,2164993.7333155177,random5_k3,3,0.2311017399639749
cleanStatic,selection,47,47.26164284,4,30,1181291071,1181791071,5617535.397498,2164993.7333155177,random1_k5,5,0.4985735107907372
cleanStatic,selection,47,47.26164284,4,30,1181291071,1181791071,5617535.397498,2164993.7333155177,random2_k5,5,0.8513760829749323
cleanStatic,selection,47,47.26164284,4,30,1181291071,1181791071,5617535.397498,2164993.7333155177,random3_k5,5,0.8447390911683176
cleanStatic,selection,47,47.26164284,4,30,1181291071,1181791071,5617535.397498,2164993.7333155177,random4_k5,5,0.798961326107046
cleanStatic,selection,47,47.26164284,4,30,1181291071,1181791071,5617535.397498,2164993.7333155177,random5_k5,5,0.6322548697435445
cleanStatic,selection,47,47.26164284,4,30,1181291071,1181791071,5617535.397498,2164993.7333155177,random1_k9,9,0.711336454489145
cleanStatic,selection,47,47.26164284,4,30,1181291071,1181791071,5617535.397498,2164993.7333155177,random2_k9,9,0.7518187673021592
cleanStatic,selection,47,47.26164284,4,30,1181291071,1181791071,5617535.397498,2164993.7333155177,random3_k9,9,0.23861291727033634
cleanStatic,selection,47,47.26164284,4,30,1181291071,1181791071,5617535.397498,2164993.7333155177,random4_k9,9,0.31281035315876404
cleanStatic,selection,47,47.26164284,4,30,1181291071,1181791071,5617535.397498,2164993.7333155177,random5_k9,9,0.47899958221639416
cleanStatic,selection,47,47.01065728,5,6,1175016432,1175516432,5501759.64287,4733618.107399828,dense_two_source_glrt,187,0.11783463661061404
cleanStatic,selection,47,47.01065728,5,6,1175016432,1175516432,5501759.64287,4733618.107399828,dense_one_source_residual,187,0.5080784968542936
cleanStatic,selection,47,47.01065728,5,6,1175016432,1175516432,5501759.64287,4733618.107399828,raw_power_only,0,5501759.64287
cleanStatic,selection,47,47.01065728,5,6,1175016432,1175516432,5501759.64287,4733618.107399828,analytic_sparse_k3,3,0.0189537086155183
cleanStatic,selection,47,47.01065728,5,6,1175016432,1175516432,5501759.64287,4733618.107399828,uniform_k3,3,0.21172609694275346
cleanStatic,selection,47,47.01065728,5,6,1175016432,1175516432,5501759.64287,4733618.107399828,shuffled_k3,3,0.26108583649909817
cleanStatic,selection,47,47.01065728,5,6,1175016432,1175516432,5501759.64287,4733618.107399828,analytic_sparse_k5,5,0.10853038778426674
cleanStatic,selection,47,47.01065728,5,6,1175016432,1175516432,5501759.64287,4733618.107399828,uniform_k5,5,0.1516286466285244
cleanStatic,selection,47,47.01065728,5,6,1175016432,1175516432,5501759.64287,4733618.107399828,shuffled_k5,5,0.2796461812241714
cleanStatic,selection,47,47.01065728,5,6,1175016432,1175516432,5501759.64287,4733618.107399828,analytic_sparse_k9,9,0.18189493914046506
cleanStatic,selection,47,47.01065728,5,6,1175016432,1175516432,5501759.64287,4733618.107399828,uniform_k9,9,0.05416366041727781
cleanStatic,selection,47,47.01065728,5,6,1175016432,1175516432,5501759.64287,4733618.107399828,shuffled_k9,9,0.3625845640611716
cleanStatic,selection,47,47.01065728,5,6,1175016432,1175516432,5501759.64287,4733618.107399828,ai_sparse_k3,3,0.4924992721856067
cleanStatic,selection,47,47.01065728,5,6,1175016432,1175516432,5501759.64287,4733618.107399828,pg_scc_k3,3,0.40883615591562883
cleanStatic,selection,47,47.01065728,5,6,1175016432,1175516432,5501759.64287,4733618.107399828,ai_sparse_k5,5,0.5423260520436038
cleanStatic,selection,47,47.01065728,5,6,1175016432,1175516432,5501759.64287,4733618.107399828,pg_scc_k5,5,0.14921564067219206
cleanStatic,selection,47,47.01065728,5,6,1175016432,1175516432,5501759.64287,4733618.107399828,ai_sparse_k9,9,0.4792946454313718
cleanStatic,selection,47,47.01065728,5,6,1175016432,1175516432,5501759.64287,4733618.107399828,pg_scc_k9,9,0.19863003779251218
cleanStatic,selection,47,47.01065728,5,6,1175016432,1175516432,5501759.64287,4733618.107399828,epl3,3,0.37518839039131296
cleanStatic,selection,47,47.01065728,5,6,1175016432,1175516432,5501759.64287,4733618.107399828,fixed9,9,0.3622626115085714
cleanStatic,selection,47,47.01065728,5,6,1175016432,1175516432,5501759.64287,4733618.107399828,random1_k3,3,0.05012145551512234
cleanStatic,selection,47,47.01065728,5,6,1175016432,1175516432,5501759.64287,4733618.107399828,random2_k3,3,0.5054876414578539
cleanStatic,selection,47,47.01065728,5,6,1175016432,1175516432,5501759.64287,4733618.107399828,random3_k3,3,0.43400406059581953
cleanStatic,selection,47,47.01065728,5,6,1175016432,1175516432,5501759.64287,4733618.107399828,random4_k3,3,0.08350802409227868
cleanStatic,selection,47,47.01065728,5,6,1175016432,1175516432,5501759.64287,4733618.107399828,random5_k3,3,0.38838640387140283
cleanStatic,selection,47,47.01065728,5,6,1175016432,1175516432,5501759.64287,4733618.107399828,random1_k5,5,0.18111725133964773
cleanStatic,selection,47,47.01065728,5,6,1175016432,1175516432,5501759.64287,4733618.107399828,random2_k5,5,0.32248760321054604
cleanStatic,selection,47,47.01065728,5,6,1175016432,1175516432,5501759.64287,4733618.107399828,random3_k5,5,0.4774306547638627
cleanStatic,selection,47,47.01065728,5,6,1175016432,1175516432,5501759.64287,4733618.107399828,random4_k5,5,0.20541380451628705
cleanStatic,selection,47,47.01065728,5,6,1175016432,1175516432,5501759.64287,4733618.107399828,random5_k5,5,0.13411272790229048
cleanStatic,selection,47,47.01065728,5,6,1175016432,1175516432,5501759.64287,4733618.107399828,random1_k9,9,0.3378870070191487
cleanStatic,selection,47,47.01065728,5,6,1175016432,1175516432,5501759.64287,4733618.107399828,random2_k9,9,0.16029698946585688
cleanStatic,selection,47,47.01065728,5,6,1175016432,1175516432,5501759.64287,4733618.107399828,random3_k9,9,0.07348400261148805
cleanStatic,selection,47,47.01065728,5,6,1175016432,1175516432,5501759.64287,4733618.107399828,random4_k9,9,0.15427784225251695
cleanStatic,selection,47,47.01065728,5,6,1175016432,1175516432,5501759.64287,4733618.107399828,random5_k9,9,0.19603988751095308
cleanStatic,selection,47,47.01020224,6,7,1175005056,1175505056,5502173.590922,4498425.018798036,dense_two_source_glrt,187,0.12780383602557624
cleanStatic,selection,47,47.01020224,6,7,1175005056,1175505056,5502173.590922,4498425.018798036,dense_one_source_residual,187,1.6551001667047032
cleanStatic,selection,47,47.01020224,6,7,1175005056,1175505056,5502173.590922,4498425.018798036,raw_power_only,0,5502173.590922
cleanStatic,selection,47,47.01020224,6,7,1175005056,1175505056,5502173.590922,4498425.018798036,analytic_sparse_k3,3,0.9667267740527653
cleanStatic,selection,47,47.01020224,6,7,1175005056,1175505056,5502173.590922,4498425.018798036,uniform_k3,3,0.9131396047876139
cleanStatic,selection,47,47.01020224,6,7,1175005056,1175505056,5502173.590922,4498425.018798036,shuffled_k3,3,0.5360361319652004
cleanStatic,selection,47,47.01020224,6,7,1175005056,1175505056,5502173.590922,4498425.018798036,analytic_sparse_k5,5,0.9674623019468254
cleanStatic,selection,47,47.01020224,6,7,1175005056,1175505056,5502173.590922,4498425.018798036,uniform_k5,5,1.246865329606076
cleanStatic,selection,47,47.01020224,6,7,1175005056,1175505056,5502173.590922,4498425.018798036,shuffled_k5,5,0.6069340081086212
cleanStatic,selection,47,47.01020224,6,7,1175005056,1175505056,5502173.590922,4498425.018798036,analytic_sparse_k9,9,0.4970375696900457
cleanStatic,selection,47,47.01020224,6,7,1175005056,1175505056,5502173.590922,4498425.018798036,uniform_k9,9,0.13107188599567404
cleanStatic,selection,47,47.01020224,6,7,1175005056,1175505056,5502173.590922,4498425.018798036,shuffled_k9,9,0.8105290757602395
cleanStatic,selection,47,47.01020224,6,7,1175005056,1175505056,5502173.590922,4498425.018798036,ai_sparse_k3,3,1.1762056877921532
cleanStatic,selection,47,47.01020224,6,7,1175005056,1175505056,5502173.590922,4498425.018798036,pg_scc_k3,3,1.9710161085418354
cleanStatic,selection,47,47.01020224,6,7,1175005056,1175505056,5502173.590922,4498425.018798036,ai_sparse_k5,5,0.7415768200625363
cleanStatic,selection,47,47.01020224,6,7,1175005056,1175505056,5502173.590922,4498425.018798036,pg_scc_k5,5,0.9446115586703978
cleanStatic,selection,47,47.01020224,6,7,1175005056,1175505056,5502173.590922,4498425.018798036,ai_sparse_k9,9,0.4685198138315998
cleanStatic,selection,47,47.01020224,6,7,1175005056,1175505056,5502173.590922,4498425.018798036,pg_scc_k9,9,0.4678886037824684
cleanStatic,selection,47,47.01020224,6,7,1175005056,1175505056,5502173.590922,4498425.018798036,epl3,3,1.1218552637165446
cleanStatic,selection,47,47.01020224,6,7,1175005056,1175505056,5502173.590922,4498425.018798036,fixed9,9,0.7809875344294301
cleanStatic,selection,47,47.01020224,6,7,1175005056,1175505056,5502173.590922,4498425.018798036,random1_k3,3,1.0877446724819568
cleanStatic,selection,47,47.01020224,6,7,1175005056,1175505056,5502173.590922,4498425.018798036,random2_k3,3,0.8198664753742474
cleanStatic,selection,47,47.01020224,6,7,1175005056,1175505056,5502173.590922,4498425.018798036,random3_k3,3,0.5870987927592074
cleanStatic,selection,47,47.01020224,6,7,1175005056,1175505056,5502173.590922,4498425.018798036,random4_k3,3,0.7609016033367281
cleanStatic,selection,47,47.01020224,6,7,1175005056,1175505056,5502173.590922,4498425.018798036,random5_k3,3,0.6011345313904064
cleanStatic,selection,47,47.01020224,6,7,1175005056,1175505056,5502173.590922,4498425.018798036,random1_k5,5,0.5211092121648454
cleanStatic,selection,47,47.01020224,6,7,1175005056,1175505056,5502173.590922,4498425.018798036,random2_k5,5,0.2293818132419867
cleanStatic,selection,47,47.01020224,6,7,1175005056,1175505056,5502173.590922,4498425.018798036,random3_k5,5,0.6337131867520238
cleanStatic,selection,47,47.01020224,6,7,1175005056,1175505056,5502173.590922,4498425.018798036,random4_k5,5,0.7138974576989665
cleanStatic,selection,47,47.01020224,6,7,1175005056,1175505056,5502173.590922,4498425.018798036,random5_k5,5,0.6479556586274423
cleanStatic,selection,47,47.01020224,6,7,1175005056,1175505056,5502173.590922,4498425.018798036,random1_k9,9,0.3824425063709571
cleanStatic,selection,47,47.01020224,6,7,1175005056,1175505056,5502173.590922,4498425.018798036,random2_k9,9,0.23628624556938466
cleanStatic,selection,47,47.01020224,6,7,1175005056,1175505056,5502173.590922,4498425.018798036,random3_k9,9,0.5981105338906363
cleanStatic,selection,47,47.01020224,6,7,1175005056,1175505056,5502173.590922,4498425.018798036,random4_k9,9,0.39399680398727516
cleanStatic,selection,47,47.01020224,6,7,1175005056,1175505056,5502173.590922,4498425.018798036,random5_k9,9,0.8844832923523044
cleanStatic,selection,47,47.02637676,7,10,1175409419,1175909419,5496524.067038001,2216008.395253904,dense_two_source_glrt,187,0.7017040708075849
cleanStatic,selection,47,47.02637676,7,10,1175409419,1175909419,5496524.067038001,2216008.395253904,dense_one_source_residual,187,4.674675829891561
cleanStatic,selection,47,47.02637676,7,10,1175409419,1175909419,5496524.067038001,2216008.395253904,raw_power_only,0,5496524.067038001
cleanStatic,selection,47,47.02637676,7,10,1175409419,1175909419,5496524.067038001,2216008.395253904,analytic_sparse_k3,3,1.1947393871154606
cleanStatic,selection,47,47.02637676,7,10,1175409419,1175909419,5496524.067038001,2216008.395253904,uniform_k3,3,2.1844699547114215
cleanStatic,selection,47,47.02637676,7,10,1175409419,1175909419,5496524.067038001,2216008.395253904,shuffled_k3,3,0.9745538753357784
cleanStatic,selection,47,47.02637676,7,10,1175409419,1175909419,5496524.067038001,2216008.395253904,analytic_sparse_k5,5,1.8736890784124909
cleanStatic,selection,47,47.02637676,7,10,1175409419,1175909419,5496524.067038001,2216008.395253904,uniform_k5,5,1.9066218532525234
cleanStatic,selection,47,47.02637676,7,10,1175409419,1175909419,5496524.067038001,2216008.395253904,shuffled_k5,5,1.5056021809879307
cleanStatic,selection,47,47.02637676,7,10,1175409419,1175909419,5496524.067038001,2216008.395253904,analytic_sparse_k9,9,1.4137118722210726
cleanStatic,selection,47,47.02637676,7,10,1175409419,1175909419,5496524.067038001,2216008.395253904,uniform_k9,9,0.46640879007319846
cleanStatic,selection,47,47.02637676,7,10,1175409419,1175909419,5496524.067038001,2216008.395253904,shuffled_k9,9,3.3535668818159703
cleanStatic,selection,47,47.02637676,7,10,1175409419,1175909419,5496524.067038001,2216008.395253904,ai_sparse_k3,3,3.782063717160028
cleanStatic,selection,47,47.02637676,7,10,1175409419,1175909419,5496524.067038001,2216008.395253904,pg_scc_k3,3,1.5812792897364913
cleanStatic,selection,47,47.02637676,7,10,1175409419,1175909419,5496524.067038001,2216008.395253904,ai_sparse_k5,5,3.7684255193137717
cleanStatic,selection,47,47.02637676,7,10,1175409419,1175909419,5496524.067038001,2216008.395253904,pg_scc_k5,5,0.25557429254780645
cleanStatic,selection,47,47.02637676,7,10,1175409419,1175909419,5496524.067038001,2216008.395253904,ai_sparse_k9,9,3.2969230305292836
cleanStatic,selection,47,47.02637676,7,10,1175409419,1175909419,5496524.067038001,2216008.395253904,pg_scc_k9,9,0.4514761556992697
cleanStatic,selection,47,47.02637676,7,10,1175409419,1175909419,5496524.067038001,2216008.395253904,epl3,3,4.092003457098373
cleanStatic,selection,47,47.02637676,7,10,1175409419,1175909419,5496524.067038001,2216008.395253904,fixed9,9,3.6844365050906784
cleanStatic,selection,47,47.02637676,7,10,1175409419,1175909419,5496524.067038001,2216008.395253904,random1_k3,3,3.460718338091146
cleanStatic,selection,47,47.02637676,7,10,1175409419,1175909419,5496524.067038001,2216008.395253904,random2_k3,3,3.1953790346250432
cleanStatic,selection,47,47.02637676,7,10,1175409419,1175909419,5496524.067038001,2216008.395253904,random3_k3,3,2.6589907139947626
cleanStatic,selection,47,47.02637676,7,10,1175409419,1175909419,5496524.067038001,2216008.395253904,random4_k3,3,1.0449171396598171
cleanStatic,selection,47,47.02637676,7,10,1175409419,1175909419,5496524.067038001,2216008.395253904,random5_k3,3,2.521102588287133
cleanStatic,selection,47,47.02637676,7,10,1175409419,1175909419,5496524.067038001,2216008.395253904,random1_k5,5,1.712476725975198
cleanStatic,selection,47,47.02637676,7,10,1175409419,1175909419,5496524.067038001,2216008.395253904,random2_k5,5,0.9467916848278077
cleanStatic,selection,47,47.02637676,7,10,1175409419,1175909419,5496524.067038001,2216008.395253904,random3_k5,5,1.7708024119721955
cleanStatic,selection,47,47.02637676,7,10,1175409419,1175909419,5496524.067038001,2216008.395253904,random4_k5,5,1.0115517231270617
cleanStatic,selection,47,47.02637676,7,10,1175409419,1175909419,5496524.067038001,2216008.395253904,random5_k5,5,2.332234672185573
cleanStatic,selection,47,47.02637676,7,10,1175409419,1175909419,5496524.067038001,2216008.395253904,random1_k9,9,3.575770016939577
cleanStatic,selection,47,47.02637676,7,10,1175409419,1175909419,5496524.067038001,2216008.395253904,random2_k9,9,1.3484477910203045
cleanStatic,selection,47,47.02637676,7,10,1175409419,1175909419,5496524.067038001,2216008.395253904,random3_k9,9,1.9713622619586846
cleanStatic,selection,47,47.02637676,7,10,1175409419,1175909419,5496524.067038001,2216008.395253904,random4_k9,9,1.1147137205642115
cleanStatic,selection,47,47.02637676,7,10,1175409419,1175909419,5496524.067038001,2216008.395253904,random5_k9,9,1.0850814593167384
cleanStatic,selection,47,47.0256788,8,13,1175391970,1175891970,5499361.768184001,6231862.117975324,dense_two_source_glrt,187,0.37887375421694375
cleanStatic,selection,47,47.0256788,8,13,1175391970,1175891970,5499361.768184001,6231862.117975324,dense_one_source_residual,187,1.1960549274480015
cleanStatic,selection,47,47.0256788,8,13,1175391970,1175891970,5499361.768184001,6231862.117975324,raw_power_only,0,5499361.768184001
cleanStatic,selection,47,47.0256788,8,13,1175391970,1175891970,5499361.768184001,6231862.117975324,analytic_sparse_k3,3,0.013760435578373162
cleanStatic,selection,47,47.0256788,8,13,1175391970,1175891970,5499361.768184001,6231862.117975324,uniform_k3,3,0.16275829708623937
cleanStatic,selection,47,47.0256788,8,13,1175391970,1175891970,5499361.768184001,6231862.117975324,shuffled_k3,3,0.06107255224102633
cleanStatic,selection,47,47.0256788,8,13,1175391970,1175891970,5499361.768184001,6231862.117975324,analytic_sparse_k5,5,0.37658739307412575
cleanStatic,selection,47,47.0256788,8,13,1175391970,1175891970,5499361.768184001,6231862.117975324,uniform_k5,5,0.05042667090482093
cleanStatic,selection,47,47.0256788,8,13,1175391970,1175891970,5499361.768184001,6231862.117975324,shuffled_k5,5,0.5997847565214246
cleanStatic,selection,47,47.0256788,8,13,1175391970,1175891970,5499361.768184001,6231862.117975324,analytic_sparse_k9,9,0.2867258656768462
cleanStatic,selection,47,47.0256788,8,13,1175391970,1175891970,5499361.768184001,6231862.117975324,uniform_k9,9,0.025604502072076613
cleanStatic,selection,47,47.0256788,8,13,1175391970,1175891970,5499361.768184001,6231862.117975324,shuffled_k9,9,1.3287768923265677
cleanStatic,selection,47,47.0256788,8,13,1175391970,1175891970,5499361.768184001,6231862.117975324,ai_sparse_k3,3,0.7651681532880402
cleanStatic,selection,47,47.0256788,8,13,1175391970,1175891970,5499361.768184001,6231862.117975324,pg_scc_k3,3,0.8165871804493848
cleanStatic,selection,47,47.0256788,8,13,1175391970,1175891970,5499361.768184001,6231862.117975324,ai_sparse_k5,5,0.8865965437133745
cleanStatic,selection,47,47.0256788,8,13,1175391970,1175891970,5499361.768184001,6231862.117975324,pg_scc_k5,5,0.21682544566287093
cleanStatic,selection,47,47.0256788,8,13,1175391970,1175891970,5499361.768184001,6231862.117975324,ai_sparse_k9,9,0.7796572413768676
cleanStatic,selection,47,47.0256788,8,13,1175391970,1175891970,5499361.768184001,6231862.117975324,pg_scc_k9,9,0.2805673372685927
cleanStatic,selection,47,47.0256788,8,13,1175391970,1175891970,5499361.768184001,6231862.117975324,epl3,3,1.8219964971265863
cleanStatic,selection,47,47.0256788,8,13,1175391970,1175891970,5499361.768184001,6231862.117975324,fixed9,9,1.3636553553873274
cleanStatic,selection,47,47.0256788,8,13,1175391970,1175891970,5499361.768184001,6231862.117975324,random1_k3,3,0.9308755961570966
cleanStatic,selection,47,47.0256788,8,13,1175391970,1175891970,5499361.768184001,6231862.117975324,random2_k3,3,0.3671471700329674
cleanStatic,selection,47,47.0256788,8,13,1175391970,1175891970,5499361.768184001,6231862.117975324,random3_k3,3,1.2137940512493393
cleanStatic,selection,47,47.0256788,8,13,1175391970,1175891970,5499361.768184001,6231862.117975324,random4_k3,3,0.4855548248913441
cleanStatic,selection,47,47.0256788,8,13,1175391970,1175891970,5499361.768184001,6231862.117975324,random5_k3,3,0.15579757538361141
cleanStatic,selection,47,47.0256788,8,13,1175391970,1175891970,5499361.768184001,6231862.117975324,random1_k5,5,0.5346886684983048
cleanStatic,selection,47,47.0256788,8,13,1175391970,1175891970,5499361.768184001,6231862.117975324,random2_k5,5,0.22601418299682044
cleanStatic,selection,47,47.0256788,8,13,1175391970,1175891970,5499361.768184001,6231862.117975324,random3_k5,5,1.0997602498520975
cleanStatic,selection,47,47.0256788,8,13,1175391970,1175891970,5499361.768184001,6231862.117975324,random4_k5,5,0.6056283120439778
cleanStatic,selection,47,47.0256788,8,13,1175391970,1175891970,5499361.768184001,6231862.117975324,random5_k5,5,0.844598835142846
cleanStatic,selection,47,47.0256788,8,13,1175391970,1175891970,5499361.768184001,6231862.117975324,random1_k9,9,0.7396216464114007
cleanStatic,selection,47,47.0256788,8,13,1175391970,1175891970,5499361.768184001,6231862.117975324,random2_k9,9,0.36919733227222096
cleanStatic,selection,47,47.0256788,8,13,1175391970,1175891970,5499361.768184001,6231862.117975324,random3_k9,9,0.9187538162050191
cleanStatic,selection,47,47.0256788,8,13,1175391970,1175891970,5499361.768184001,6231862.117975324,random4_k9,9,0.5566366660932557
cleanStatic,selection,47,47.0256788,8,13,1175391970,1175891970,5499361.768184001,6231862.117975324,random5_k9,9,0.33122077632729624
cleanStatic,selection,47,47.02351708,9,19,1175337927,1175837927,5504355.962254001,4645391.463724055,dense_two_source_glrt,187,0.04837760325489277
cleanStatic,selection,47,47.02351708,9,19,1175337927,1175837927,5504355.962254001,4645391.463724055,dense_one_source_residual,187,0.5198793586493988
cleanStatic,selection,47,47.02351708,9,19,1175337927,1175837927,5504355.962254001,4645391.463724055,raw_power_only,0,5504355.962254001
cleanStatic,selection,47,47.02351708,9,19,1175337927,1175837927,5504355.962254001,4645391.463724055,analytic_sparse_k3,3,0.05854082319232697
cleanStatic,selection,47,47.02351708,9,19,1175337927,1175837927,5504355.962254001,4645391.463724055,uniform_k3,3,0.09935458692519335
cleanStatic,selection,47,47.02351708,9,19,1175337927,1175837927,5504355.962254001,4645391.463724055,shuffled_k3,3,0.20323470956807754
cleanStatic,selection,47,47.02351708,9,19,1175337927,1175837927,5504355.962254001,4645391.463724055,analytic_sparse_k5,5,0.09234856069638557
cleanStatic,selection,47,47.02351708,9,19,1175337927,1175837927,5504355.962254001,4645391.463724055,uniform_k5,5,0.15256633450602403
cleanStatic,selection,47,47.02351708,9,19,1175337927,1175837927,5504355.962254001,4645391.463724055,shuffled_k5,5,0.16900285412953847
cleanStatic,selection,47,47.02351708,9,19,1175337927,1175837927,5504355.962254001,4645391.463724055,analytic_sparse_k9,9,0.1774083357780988
cleanStatic,selection,47,47.02351708,9,19,1175337927,1175837927,5504355.962254001,4645391.463724055,uniform_k9,9,0.027209637362011554
cleanStatic,selection,47,47.02351708,9,19,1175337927,1175837927,5504355.962254001,4645391.463724055,shuffled_k9,9,0.19438669350552937
cleanStatic,selection,47,47.02351708,9,19,1175337927,1175837927,5504355.962254001,4645391.463724055,ai_sparse_k3,3,0.5181887228765877
cleanStatic,selection,47,47.02351708,9,19,1175337927,1175837927,5504355.962254001,4645391.463724055,pg_scc_k3,3,0.5738157813935184
cleanStatic,selection,47,47.02351708,9,19,1175337927,1175837927,5504355.962254001,4645391.463724055,ai_sparse_k5,5,0.5395791895316686
cleanStatic,selection,47,47.02351708,9,19,1175337927,1175837927,5504355.962254001,4645391.463724055,pg_scc_k5,5,0.1426381377014505
cleanStatic,selection,47,47.02351708,9,19,1175337927,1175837927,5504355.962254001,4645391.463724055,ai_sparse_k9,9,0.4138565694409434
cleanStatic,selection,47,47.02351708,9,19,1175337927,1175837927,5504355.962254001,4645391.463724055,pg_scc_k9,9,0.06733557203636921
cleanStatic,selection,47,47.02351708,9,19,1175337927,1175837927,5504355.962254001,4645391.463724055,epl3,3,0.4153583971527361
cleanStatic,selection,47,47.02351708,9,19,1175337927,1175837927,5504355.962254001,4645391.463724055,fixed9,9,0.6036808400883703
cleanStatic,selection,47,47.02351708,9,19,1175337927,1175837927,5504355.962254001,4645391.463724055,random1_k3,3,0.009353662979472132
cleanStatic,selection,47,47.02351708,9,19,1175337927,1175837927,5504355.962254001,4645391.463724055,random2_k3,3,0.10205219654721696
cleanStatic,selection,47,47.02351708,9,19,1175337927,1175837927,5504355.962254001,4645391.463724055,random3_k3,3,0.7327273639781601
cleanStatic,selection,47,47.02351708,9,19,1175337927,1175837927,5504355.962254001,4645391.463724055,random4_k3,3,0.1599955192975264
cleanStatic,selection,47,47.02351708,9,19,1175337927,1175837927,5504355.962254001,4645391.463724055,random5_k3,3,0.40349342307066055
cleanStatic,selection,47,47.02351708,9,19,1175337927,1175837927,5504355.962254001,4645391.463724055,random1_k5,5,0.3561481383550885
cleanStatic,selection,47,47.02351708,9,19,1175337927,1175837927,5504355.962254001,4645391.463724055,random2_k5,5,0.23244432689284844
cleanStatic,selection,47,47.02351708,9,19,1175337927,1175837927,5504355.962254001,4645391.463724055,random3_k5,5,0.08280460213949503
cleanStatic,selection,47,47.02351708,9,19,1175337927,1175837927,5504355.962254001,4645391.463724055,random4_k5,5,0.5139684983867419
cleanStatic,selection,47,47.02351708,9,19,1175337927,1175837927,5504355.962254001,4645391.463724055,random5_k5,5,0.09717078359184494
cleanStatic,selection,47,47.02351708,9,19,1175337927,1175837927,5504355.962254001,4645391.463724055,random1_k9,9,0.4178080172590692
cleanStatic,selection,47,47.02351708,9,19,1175337927,1175837927,5504355.962254001,4645391.463724055,random2_k9,9,0.05376193634766207
cleanStatic,selection,47,47.02351708,9,19,1175337927,1175837927,5504355.962254001,4645391.463724055,random3_k9,9,0.12961594973249127
cleanStatic,selection,47,47.02351708,9,19,1175337927,1175837927,5504355.962254001,4645391.463724055,random4_k9,9,0.0378516067416183
cleanStatic,selection,47,47.02351708,9,19,1175337927,1175837927,5504355.962254001,4645391.463724055,random5_k9,9,0.03683589935711451
cleanStatic,selection,47,47.01061428,10,23,1175015357,1175515357,5501455.833869999,6663673.164255882,dense_two_source_glrt,187,0.01312838117623385
cleanStatic,selection,47,47.01061428,10,23,1175015357,1175515357,5501455.833869999,6663673.164255882,dense_one_source_residual,187,0.13099948903623906
cleanStatic,selection,47,47.01061428,10,23,1175015357,1175515357,5501455.833869999,6663673.164255882,raw_power_only,0,5501455.833869999
cleanStatic,selection,47,47.01061428,10,23,1175015357,1175515357,5501455.833869999,6663673.164255882,analytic_sparse_k3,3,0.0406476980614616
cleanStatic,selection,47,47.01061428,10,23,1175015357,1175515357,5501455.833869999,6663673.164255882,uniform_k3,3,0.04285485898204796
cleanStatic,selection,47,47.01061428,10,23,1175015357,1175515357,5501455.833869999,6663673.164255882,shuffled_k3,3,0.03275350631884956
cleanStatic,selection,47,47.01061428,10,23,1175015357,1175515357,5501455.833869999,6663673.164255882,analytic_sparse_k5,5,0.03505395428342741
cleanStatic,selection,47,47.01061428,10,23,1175015357,1175515357,5501455.833869999,6663673.164255882,uniform_k5,5,0.06491576394654253
cleanStatic,selection,47,47.01061428,10,23,1175015357,1175515357,5501455.833869999,6663673.164255882,shuffled_k5,5,0.05461605569445801
cleanStatic,selection,47,47.01061428,10,23,1175015357,1175515357,5501455.833869999,6663673.164255882,analytic_sparse_k9,9,0.03958584135842929
cleanStatic,selection,47,47.01061428,10,23,1175015357,1175515357,5501455.833869999,6663673.164255882,uniform_k9,9,0.08271256780740445
cleanStatic,selection,47,47.01061428,10,23,1175015357,1175515357,5501455.833869999,6663673.164255882,shuffled_k9,9,0.02936179758929637
cleanStatic,selection,47,47.01061428,10,23,1175015357,1175515357,5501455.833869999,6663673.164255882,ai_sparse_k3,3,0.14263852532807184
cleanStatic,selection,47,47.01061428,10,23,1175015357,1175515357,5501455.833869999,6663673.164255882,pg_scc_k3,3,0.12433950159406233
cleanStatic,selection,47,47.01061428,10,23,1175015357,1175515357,5501455.833869999,6663673.164255882,ai_sparse_k5,5,0.1320825070055506
cleanStatic,selection,47,47.01061428,10,23,1175015357,1175515357,5501455.833869999,6663673.164255882,pg_scc_k5,5,0.05988474349726036
cleanStatic,selection,47,47.01061428,10,23,1175015357,1175515357,5501455.833869999,6663673.164255882,ai_sparse_k9,9,0.14315535449537134
cleanStatic,selection,47,47.01061428,10,23,1175015357,1175515357,5501455.833869999,6663673.164255882,pg_scc_k9,9,0.079464456227169
cleanStatic,selection,47,47.01061428,10,23,1175015357,1175515357,5501455.833869999,6663673.164255882,epl3,3,0.014806092549428204
cleanStatic,selection,47,47.01061428,10,23,1175015357,1175515357,5501455.833869999,6663673.164255882,fixed9,9,0.0474119873603447
cleanStatic,selection,47,47.01061428,10,23,1175015357,1175515357,5501455.833869999,6663673.164255882,random1_k3,3,0.12802487464758305
cleanStatic,selection,47,47.01061428,10,23,1175015357,1175515357,5501455.833869999,6663673.164255882,random2_k3,3,0.27848478131364857
cleanStatic,selection,47,47.01061428,10,23,1175015357,1175515357,5501455.833869999,6663673.164255882,random3_k3,3,0.08491555553673562
cleanStatic,selection,47,47.01061428,10,23,1175015357,1175515357,5501455.833869999,6663673.164255882,random4_k3,3,0.10915387531898453
cleanStatic,selection,47,47.01061428,10,23,1175015357,1175515357,5501455.833869999,6663673.164255882,random5_k3,3,0.040807957286696984
cleanStatic,selection,47,47.01061428,10,23,1175015357,1175515357,5501455.833869999,6663673.164255882,random1_k5,5,0.0282810953838883
cleanStatic,selection,47,47.01061428,10,23,1175015357,1175515357,5501455.833869999,6663673.164255882,random2_k5,5,0.019463101839388448
cleanStatic,selection,47,47.01061428,10,23,1175015357,1175515357,5501455.833869999,6663673.164255882,random3_k5,5,0.058256458985597205
cleanStatic,selection,47,47.01061428,10,23,1175015357,1175515357,5501455.833869999,6663673.164255882,random4_k5,5,0.031122319048254198
cleanStatic,selection,47,47.01061428,10,23,1175015357,1175515357,5501455.833869999,6663673.164255882,random5_k5,5,0.04404736945569805
cleanStatic,selection,47,47.01061428,10,23,1175015357,1175515357,5501455.833869999,6663673.164255882,random1_k9,9,0.027693861737271057
cleanStatic,selection,47,47.01061428,10,23,1175015357,1175515357,5501455.833869999,6663673.164255882,random2_k9,9,0.04794784142902933
cleanStatic,selection,47,47.01061428,10,23,1175015357,1175515357,5501455.833869999,6663673.164255882,random3_k9,9,0.012586463689510762
cleanStatic,selection,47,47.01061428,10,23,1175015357,1175515357,5501455.833869999,6663673.164255882,random4_k9,9,0.03923287872786236
cleanStatic,selection,47,47.01061428,10,23,1175015357,1175515357,5501455.833869999,6663673.164255882,random5_k9,9,0.0881564761054195
cleanStatic,selection,48,47.99028856,0,16,1199507214,1200007214,5508877.858330001,5463768.515639851,dense_two_source_glrt,187,0.10798184412013306
cleanStatic,selection,48,47.99028856,0,16,1199507214,1200007214,5508877.858330001,5463768.515639851,dense_one_source_residual,187,0.30115548028068206
cleanStatic,selection,48,47.99028856,0,16,1199507214,1200007214,5508877.858330001,5463768.515639851,raw_power_only,0,5508877.858330001
cleanStatic,selection,48,47.99028856,0,16,1199507214,1200007214,5508877.858330001,5463768.515639851,analytic_sparse_k3,3,0.041308642483332596
cleanStatic,selection,48,47.99028856,0,16,1199507214,1200007214,5508877.858330001,5463768.515639851,uniform_k3,3,0.2857556385821833
cleanStatic,selection,48,47.99028856,0,16,1199507214,1200007214,5508877.858330001,5463768.515639851,shuffled_k3,3,0.2079619302860154
cleanStatic,selection,48,47.99028856,0,16,1199507214,1200007214,5508877.858330001,5463768.515639851,analytic_sparse_k5,5,0.07012034408905252
cleanStatic,selection,48,47.99028856,0,16,1199507214,1200007214,5508877.858330001,5463768.515639851,uniform_k5,5,0.19367417575054852
cleanStatic,selection,48,47.99028856,0,16,1199507214,1200007214,5508877.858330001,5463768.515639851,shuffled_k5,5,0.1898330731530507
cleanStatic,selection,48,47.99028856,0,16,1199507214,1200007214,5508877.858330001,5463768.515639851,analytic_sparse_k9,9,0.13041046082577845
cleanStatic,selection,48,47.99028856,0,16,1199507214,1200007214,5508877.858330001,5463768.515639851,uniform_k9,9,0.18771403523441407
cleanStatic,selection,48,47.99028856,0,16,1199507214,1200007214,5508877.858330001,5463768.515639851,shuffled_k9,9,0.15203182601697593
cleanStatic,selection,48,47.99028856,0,16,1199507214,1200007214,5508877.858330001,5463768.515639851,ai_sparse_k3,3,0.12825219050355108
cleanStatic,selection,48,47.99028856,0,16,1199507214,1200007214,5508877.858330001,5463768.515639851,pg_scc_k3,3,0.23315391557178436
cleanStatic,selection,48,47.99028856,0,16,1199507214,1200007214,5508877.858330001,5463768.515639851,ai_sparse_k5,5,0.08555003296530486
cleanStatic,selection,48,47.99028856,0,16,1199507214,1200007214,5508877.858330001,5463768.515639851,pg_scc_k5,5,0.12099447701592006
cleanStatic,selection,48,47.99028856,0,16,1199507214,1200007214,5508877.858330001,5463768.515639851,ai_sparse_k9,9,0.08164224928803138
cleanStatic,selection,48,47.99028856,0,16,1199507214,1200007214,5508877.858330001,5463768.515639851,pg_scc_k9,9,0.0813076350924857
cleanStatic,selection,48,47.99028856,0,16,1199507214,1200007214,5508877.858330001,5463768.515639851,epl3,3,0.386319842048215
cleanStatic,selection,48,47.99028856,0,16,1199507214,1200007214,5508877.858330001,5463768.515639851,fixed9,9,0.26735988980582515
cleanStatic,selection,48,47.99028856,0,16,1199507214,1200007214,5508877.858330001,5463768.515639851,random1_k3,3,0.0893042601687183
cleanStatic,selection,48,47.99028856,0,16,1199507214,1200007214,5508877.858330001,5463768.515639851,random2_k3,3,0.14747302984787455
cleanStatic,selection,48,47.99028856,0,16,1199507214,1200007214,5508877.858330001,5463768.515639851,random3_k3,3,0.18378577183650743
cleanStatic,selection,48,47.99028856,0,16,1199507214,1200007214,5508877.858330001,5463768.515639851,random4_k3,3,0.11872920852992735
cleanStatic,selection,48,47.99028856,0,16,1199507214,1200007214,5508877.858330001,5463768.515639851,random5_k3,3,0.07260557265914333
cleanStatic,selection,48,47.99028856,0,16,1199507214,1200007214,5508877.858330001,5463768.515639851,random1_k5,5,0.021958218882119664
cleanStatic,selection,48,47.99028856,0,16,1199507214,1200007214,5508877.858330001,5463768.515639851,random2_k5,5,0.16425042138181492
cleanStatic,selection,48,47.99028856,0,16,1199507214,1200007214,5508877.858330001,5463768.515639851,random3_k5,5,0.23245461966979772
cleanStatic,selection,48,47.99028856,0,16,1199507214,1200007214,5508877.858330001,5463768.515639851,random4_k5,5,0.25135939367896803
cleanStatic,selection,48,47.99028856,0,16,1199507214,1200007214,5508877.858330001,5463768.515639851,random5_k5,5,0.1707347521155303
cleanStatic,selection,48,47.99028856,0,16,1199507214,1200007214,5508877.858330001,5463768.515639851,random1_k9,9,0.0970300837288894
cleanStatic,selection,48,47.99028856,0,16,1199507214,1200007214,5508877.858330001,5463768.515639851,random2_k9,9,0.12285018557629963
cleanStatic,selection,48,47.99028856,0,16,1199507214,1200007214,5508877.858330001,5463768.515639851,random3_k9,9,0.1562643640005332
cleanStatic,selection,48,47.99028856,0,16,1199507214,1200007214,5508877.858330001,5463768.515639851,random4_k9,9,0.07758294776412954
cleanStatic,selection,48,47.99028856,0,16,1199507214,1200007214,5508877.858330001,5463768.515639851,random5_k9,9,0.03549547862807048
cleanStatic,selection,48,48.00554584,2,3,1199888646,1200388646,5499679.885239999,5700270.733202788,dense_two_source_glrt,187,0.04465280147588687
cleanStatic,selection,48,48.00554584,2,3,1199888646,1200388646,5499679.885239999,5700270.733202788,dense_one_source_residual,187,0.361953041152621
cleanStatic,selection,48,48.00554584,2,3,1199888646,1200388646,5499679.885239999,5700270.733202788,raw_power_only,0,5499679.885239999
cleanStatic,selection,48,48.00554584,2,3,1199888646,1200388646,5499679.885239999,5700270.733202788,analytic_sparse_k3,3,0.03166512543956923
cleanStatic,selection,48,48.00554584,2,3,1199888646,1200388646,5499679.885239999,5700270.733202788,uniform_k3,3,0.20986470182037278
cleanStatic,selection,48,48.00554584,2,3,1199888646,1200388646,5499679.885239999,5700270.733202788,shuffled_k3,3,0.205660722580535
cleanStatic,selection,48,48.00554584,2,3,1199888646,1200388646,5499679.885239999,5700270.733202788,analytic_sparse_k5,5,0.07626454314383073
cleanStatic,selection,48,48.00554584,2,3,1199888646,1200388646,5499679.885239999,5700270.733202788,uniform_k5,5,0.0863093638056478
cleanStatic,selection,48,48.00554584,2,3,1199888646,1200388646,5499679.885239999,5700270.733202788,shuffled_k5,5,0.3052127711744251
cleanStatic,selection,48,48.00554584,2,3,1199888646,1200388646,5499679.885239999,5700270.733202788,analytic_sparse_k9,9,0.082117377384524
cleanStatic,selection,48,48.00554584,2,3,1199888646,1200388646,5499679.885239999,5700270.733202788,uniform_k9,9,0.020491350702199443
cleanStatic,selection,48,48.00554584,2,3,1199888646,1200388646,5499679.885239999,5700270.733202788,shuffled_k9,9,0.21340997617430257
cleanStatic,selection,48,48.00554584,2,3,1199888646,1200388646,5499679.885239999,5700270.733202788,ai_sparse_k3,3,0.19975772213569679
cleanStatic,selection,48,48.00554584,2,3,1199888646,1200388646,5499679.885239999,5700270.733202788,pg_scc_k3,3,0.23973996343136983
cleanStatic,selection,48,48.00554584,2,3,1199888646,1200388646,5499679.885239999,5700270.733202788,ai_sparse_k5,5,0.1492517383421338
cleanStatic,selection,48,48.00554584,2,3,1199888646,1200388646,5499679.885239999,5700270.733202788,pg_scc_k5,5,0.08578255681252264
cleanStatic,selection,48,48.00554584,2,3,1199888646,1200388646,5499679.885239999,5700270.733202788,ai_sparse_k9,9,0.11287719082571417
cleanStatic,selection,48,48.00554584,2,3,1199888646,1200388646,5499679.885239999,5700270.733202788,pg_scc_k9,9,0.09605768507163887
cleanStatic,selection,48,48.00554584,2,3,1199888646,1200388646,5499679.885239999,5700270.733202788,epl3,3,0.20545402539188906
cleanStatic,selection,48,48.00554584,2,3,1199888646,1200388646,5499679.885239999,5700270.733202788,fixed9,9,0.23487061510539448
cleanStatic,selection,48,48.00554584,2,3,1199888646,1200388646,5499679.885239999,5700270.733202788,random1_k3,3,0.2912341286984041
cleanStatic,selection,48,48.00554584,2,3,1199888646,1200388646,5499679.885239999,5700270.733202788,random2_k3,3,0.1044639347975755
cleanStatic,selection,48,48.00554584,2,3,1199888646,1200388646,5499679.885239999,5700270.733202788,random3_k3,3,0.23247875899852063
cleanStatic,selection,48,48.00554584,2,3,1199888646,1200388646,5499679.885239999,5700270.733202788,random4_k3,3,0.13107369571025726
cleanStatic,selection,48,48.00554584,2,3,1199888646,1200388646,5499679.885239999,5700270.733202788,random5_k3,3,0.10589393722789153
cleanStatic,selection,48,48.00554584,2,3,1199888646,1200388646,5499679.885239999,5700270.733202788,random1_k5,5,0.08540374447492952
cleanStatic,selection,48,48.00554584,2,3,1199888646,1200388646,5499679.885239999,5700270.733202788,random2_k5,5,0.15623105240654328
cleanStatic,selection,48,48.00554584,2,3,1199888646,1200388646,5499679.885239999,5700270.733202788,random3_k5,5,0.19571252010542203
cleanStatic,selection,48,48.00554584,2,3,1199888646,1200388646,5499679.885239999,5700270.733202788,random4_k5,5,0.16047337102273768
cleanStatic,selection,48,48.00554584,2,3,1199888646,1200388646,5499679.885239999,5700270.733202788,random5_k5,5,0.09223889571925073
cleanStatic,selection,48,48.00554584,2,3,1199888646,1200388646,5499679.885239999,5700270.733202788,random1_k9,9,0.216428240421613
cleanStatic,selection,48,48.00554584,2,3,1199888646,1200388646,5499679.885239999,5700270.733202788,random2_k9,9,0.03847541016988096
cleanStatic,selection,48,48.00554584,2,3,1199888646,1200388646,5499679.885239999,5700270.733202788,random3_k9,9,0.12113127414039099
cleanStatic,selection,48,48.00554584,2,3,1199888646,1200388646,5499679.885239999,5700270.733202788,random4_k9,9,0.14634100162263783
cleanStatic,selection,48,48.00554584,2,3,1199888646,1200388646,5499679.885239999,5700270.733202788,random5_k9,9,0.23406784785911075
cleanStatic,selection,48,48.00333608,3,20,1199833402,1200333402,5510487.886864001,2076783.5563642015,dense_two_source_glrt,187,0.4156616081795813
cleanStatic,selection,48,48.00333608,3,20,1199833402,1200333402,5510487.886864001,2076783.5563642015,dense_one_source_residual,187,2.1647628259740523
cleanStatic,selection,48,48.00333608,3,20,1199833402,1200333402,5510487.886864001,2076783.5563642015,raw_power_only,0,5510487.886864001
cleanStatic,selection,48,48.00333608,3,20,1199833402,1200333402,5510487.886864001,2076783.5563642015,analytic_sparse_k3,3,0.14051166404811677
cleanStatic,selection,48,48.00333608,3,20,1199833402,1200333402,5510487.886864001,2076783.5563642015,uniform_k3,3,3.9795345703591036
cleanStatic,selection,48,48.00333608,3,20,1199833402,1200333402,5510487.886864001,2076783.5563642015,shuffled_k3,3,1.7497324276488058
cleanStatic,selection,48,48.00333608,3,20,1199833402,1200333402,5510487.886864001,2076783.5563642015,analytic_sparse_k5,5,0.6765090089438969
cleanStatic,selection,48,48.00333608,3,20,1199833402,1200333402,5510487.886864001,2076783.5563642015,uniform_k5,5,1.7931904038208644
cleanStatic,selection,48,48.00333608,3,20,1199833402,1200333402,5510487.886864001,2076783.5563642015,shuffled_k5,5,1.2047391934964313
cleanStatic,selection,48,48.00333608,3,20,1199833402,1200333402,5510487.886864001,2076783.5563642015,analytic_sparse_k9,9,0.6350959875194024
cleanStatic,selection,48,48.00333608,3,20,1199833402,1200333402,5510487.886864001,2076783.5563642015,uniform_k9,9,0.43375695343631215
cleanStatic,selection,48,48.00333608,3,20,1199833402,1200333402,5510487.886864001,2076783.5563642015,shuffled_k9,9,1.3360241860221578
cleanStatic,selection,48,48.00333608,3,20,1199833402,1200333402,5510487.886864001,2076783.5563642015,ai_sparse_k3,3,2.2941163033377405
cleanStatic,selection,48,48.00333608,3,20,1199833402,1200333402,5510487.886864001,2076783.5563642015,pg_scc_k3,3,0.07500464284441959
cleanStatic,selection,48,48.00333608,3,20,1199833402,1200333402,5510487.886864001,2076783.5563642015,ai_sparse_k5,5,2.5451979923564343
cleanStatic,selection,48,48.00333608,3,20,1199833402,1200333402,5510487.886864001,2076783.5563642015,pg_scc_k5,5,1.2223156374426543
cleanStatic,selection,48,48.00333608,3,20,1199833402,1200333402,5510487.886864001,2076783.5563642015,ai_sparse_k9,9,0.9672720425665042
cleanStatic,selection,48,48.00333608,3,20,1199833402,1200333402,5510487.886864001,2076783.5563642015,pg_scc_k9,9,0.887536424179573
cleanStatic,selection,48,48.00333608,3,20,1199833402,1200333402,5510487.886864001,2076783.5563642015,epl3,3,1.227628137963901
cleanStatic,selection,48,48.00333608,3,20,1199833402,1200333402,5510487.886864001,2076783.5563642015,fixed9,9,1.0952619964174404
cleanStatic,selection,48,48.00333608,3,20,1199833402,1200333402,5510487.886864001,2076783.5563642015,random1_k3,3,1.5178555660665307
cleanStatic,selection,48,48.00333608,3,20,1199833402,1200333402,5510487.886864001,2076783.5563642015,random2_k3,3,1.2824184330354846
cleanStatic,selection,48,48.00333608,3,20,1199833402,1200333402,5510487.886864001,2076783.5563642015,random3_k3,3,0.5169101636438542
cleanStatic,selection,48,48.00333608,3,20,1199833402,1200333402,5510487.886864001,2076783.5563642015,random4_k3,3,1.1337955212209077
cleanStatic,selection,48,48.00333608,3,20,1199833402,1200333402,5510487.886864001,2076783.5563642015,random5_k3,3,0.7189625401187024
cleanStatic,selection,48,48.00333608,3,20,1199833402,1200333402,5510487.886864001,2076783.5563642015,random1_k5,5,0.3598163592471021
cleanStatic,selection,48,48.00333608,3,20,1199833402,1200333402,5510487.886864001,2076783.5563642015,random2_k5,5,1.0058808095202603
cleanStatic,selection,48,48.00333608,3,20,1199833402,1200333402,5510487.886864001,2076783.5563642015,random3_k5,5,0.8148536673041209
cleanStatic,selection,48,48.00333608,3,20,1199833402,1200333402,5510487.886864001,2076783.5563642015,random4_k5,5,0.5926879903642355
cleanStatic,selection,48,48.00333608,3,20,1199833402,1200333402,5510487.886864001,2076783.5563642015,random5_k5,5,1.470279652119558
cleanStatic,selection,48,48.00333608,3,20,1199833402,1200333402,5510487.886864001,2076783.5563642015,random1_k9,9,1.8104599441485456
cleanStatic,selection,48,48.00333608,3,20,1199833402,1200333402,5510487.886864001,2076783.5563642015,random2_k9,9,0.739617088744495
cleanStatic,selection,48,48.00333608,3,20,1199833402,1200333402,5510487.886864001,2076783.5563642015,random3_k9,9,1.1477422618670279
cleanStatic,selection,48,48.00333608,3,20,1199833402,1200333402,5510487.886864001,2076783.5563642015,random4_k9,9,0.3040287206212967
cleanStatic,selection,48,48.00333608,3,20,1199833402,1200333402,5510487.886864001,2076783.5563642015,random5_k9,9,1.045005409431702
cleanStatic,selection,48,48.43764532,4,30,1210691133,1211191133,5510110.471262,2219533.806105409,dense_two_source_glrt,187,0.39495808167773494
cleanStatic,selection,48,48.43764532,4,30,1210691133,1211191133,5510110.471262,2219533.806105409,dense_one_source_residual,187,2.708914379263794
cleanStatic,selection,48,48.43764532,4,30,1210691133,1211191133,5510110.471262,2219533.806105409,raw_power_only,0,5510110.471262
cleanStatic,selection,48,48.43764532,4,30,1210691133,1211191133,5510110.471262,2219533.806105409,analytic_sparse_k3,3,0.1767963947406689
cleanStatic,selection,48,48.43764532,4,30,1210691133,1211191133,5510110.471262,2219533.806105409,uniform_k3,3,1.7105512769228353
cleanStatic,selection,48,48.43764532,4,30,1210691133,1211191133,5510110.471262,2219533.806105409,shuffled_k3,3,0.4034624782739431
cleanStatic,selection,48,48.43764532,4,30,1210691133,1211191133,5510110.471262,2219533.806105409,analytic_sparse_k5,5,0.6047177044860312
cleanStatic,selection,48,48.43764532,4,30,1210691133,1211191133,5510110.471262,2219533.806105409,uniform_k5,5,1.2683583547038384
cleanStatic,selection,48,48.43764532,4,30,1210691133,1211191133,5510110.471262,2219533.806105409,shuffled_k5,5,1.0408632253222092
cleanStatic,selection,48,48.43764532,4,30,1210691133,1211191133,5510110.471262,2219533.806105409,analytic_sparse_k9,9,0.5058844336553714
cleanStatic,selection,48,48.43764532,4,30,1210691133,1211191133,5510110.471262,2219533.806105409,uniform_k9,9,0.16474248646897552
cleanStatic,selection,48,48.43764532,4,30,1210691133,1211191133,5510110.471262,2219533.806105409,shuffled_k9,9,1.5780544793826787
cleanStatic,selection,48,48.43764532,4,30,1210691133,1211191133,5510110.471262,2219533.806105409,ai_sparse_k3,3,1.768104307712612
cleanStatic,selection,48,48.43764532,4,30,1210691133,1211191133,5510110.471262,2219533.806105409,pg_scc_k3,3,2.444790023217104
cleanStatic,selection,48,48.43764532,4,30,1210691133,1211191133,5510110.471262,2219533.806105409,ai_sparse_k5,5,1.3999535429502499
cleanStatic,selection,48,48.43764532,4,30,1210691133,1211191133,5510110.471262,2219533.806105409,pg_scc_k5,5,1.0594347887073168
cleanStatic,selection,48,48.43764532,4,30,1210691133,1211191133,5510110.471262,2219533.806105409,ai_sparse_k9,9,1.0269508287641835
cleanStatic,selection,48,48.43764532,4,30,1210691133,1211191133,5510110.471262,2219533.806105409,pg_scc_k9,9,1.2284468482267523
cleanStatic,selection,48,48.43764532,4,30,1210691133,1211191133,5510110.471262,2219533.806105409,epl3,3,1.4370974157865126
cleanStatic,selection,48,48.43764532,4,30,1210691133,1211191133,5510110.471262,2219533.806105409,fixed9,9,1.2995402673500893
cleanStatic,selection,48,48.43764532,4,30,1210691133,1211191133,5510110.471262,2219533.806105409,random1_k3,3,1.716816418626695
cleanStatic,selection,48,48.43764532,4,30,1210691133,1211191133,5510110.471262,2219533.806105409,random2_k3,3,0.8586211458411158
cleanStatic,selection,48,48.43764532,4,30,1210691133,1211191133,5510110.471262,2219533.806105409,random3_k3,3,1.927682712847834
cleanStatic,selection,48,48.43764532,4,30,1210691133,1211191133,5510110.471262,2219533.806105409,random4_k3,3,1.5281875912984375
cleanStatic,selection,48,48.43764532,4,30,1210691133,1211191133,5510110.471262,2219533.806105409,random5_k3,3,0.4789705889491798
cleanStatic,selection,48,48.43764532,4,30,1210691133,1211191133,5510110.471262,2219533.806105409,random1_k5,5,1.3279356515530538
cleanStatic,selection,48,48.43764532,4,30,1210691133,1211191133,5510110.471262,2219533.806105409,random2_k5,5,0.5418731289476991
cleanStatic,selection,48,48.43764532,4,30,1210691133,1211191133,5510110.471262,2219533.806105409,random3_k5,5,1.7588208684511628
cleanStatic,selection,48,48.43764532,4,30,1210691133,1211191133,5510110.471262,2219533.806105409,random4_k5,5,1.0022253315392917
cleanStatic,selection,48,48.43764532,4,30,1210691133,1211191133,5510110.471262,2219533.806105409,random5_k5,5,0.7493019347444083
cleanStatic,selection,48,48.43764532,4,30,1210691133,1211191133,5510110.471262,2219533.806105409,random1_k9,9,1.0713886467489087
cleanStatic,selection,48,48.43764532,4,30,1210691133,1211191133,5510110.471262,2219533.806105409,random2_k9,9,0.4395300349726274
cleanStatic,selection,48,48.43764532,4,30,1210691133,1211191133,5510110.471262,2219533.806105409,random3_k9,9,0.8288306472739468
cleanStatic,selection,48,48.43764532,4,30,1210691133,1211191133,5510110.471262,2219533.806105409,random4_k9,9,1.2114491002096035
cleanStatic,selection,48,48.43764532,4,30,1210691133,1211191133,5510110.471262,2219533.806105409,random5_k9,9,0.8776467812152595
cleanStatic,selection,48,47.9906576,5,6,1199516440,1200016440,5508989.449506,4753182.458740067,dense_two_source_glrt,187,0.07463106527928626
cleanStatic,selection,48,47.9906576,5,6,1199516440,1200016440,5508989.449506,4753182.458740067,dense_one_source_residual,187,0.32494209396082097
cleanStatic,selection,48,47.9906576,5,6,1199516440,1200016440,5508989.449506,4753182.458740067,raw_power_only,0,5508989.449506
cleanStatic,selection,48,47.9906576,5,6,1199516440,1200016440,5508989.449506,4753182.458740067,analytic_sparse_k3,3,0.37587920764030747
cleanStatic,selection,48,47.9906576,5,6,1199516440,1200016440,5508989.449506,4753182.458740067,uniform_k3,3,0.6062084946726964
cleanStatic,selection,48,47.9906576,5,6,1199516440,1200016440,5508989.449506,4753182.458740067,shuffled_k3,3,0.06086047624694935
cleanStatic,selection,48,47.9906576,5,6,1199516440,1200016440,5508989.449506,4753182.458740067,analytic_sparse_k5,5,0.15843175461519893
cleanStatic,selection,48,47.9906576,5,6,1199516440,1200016440,5508989.449506,4753182.458740067,uniform_k5,5,0.25414182861766227
cleanStatic,selection,48,47.9906576,5,6,1199516440,1200016440,5508989.449506,4753182.458740067,shuffled_k5,5,0.05260141364241648
cleanStatic,selection,48,47.9906576,5,6,1199516440,1200016440,5508989.449506,4753182.458740067,analytic_sparse_k9,9,0.12523689137695965
cleanStatic,selection,48,47.9906576,5,6,1199516440,1200016440,5508989.449506,4753182.458740067,uniform_k9,9,0.09917377864952215
cleanStatic,selection,48,47.9906576,5,6,1199516440,1200016440,5508989.449506,4753182.458740067,shuffled_k9,9,0.03794566906020296
cleanStatic,selection,48,47.9906576,5,6,1199516440,1200016440,5508989.449506,4753182.458740067,ai_sparse_k3,3,0.16780715011346958
cleanStatic,selection,48,47.9906576,5,6,1199516440,1200016440,5508989.449506,4753182.458740067,pg_scc_k3,3,0.09872298609519085
cleanStatic,selection,48,47.9906576,5,6,1199516440,1200016440,5508989.449506,4753182.458740067,ai_sparse_k5,5,0.2029072310072003
cleanStatic,selection,48,47.9906576,5,6,1199516440,1200016440,5508989.449506,4753182.458740067,pg_scc_k5,5,0.16474226863915223
cleanStatic,selection,48,47.9906576,5,6,1199516440,1200016440,5508989.449506,4753182.458740067,ai_sparse_k9,9,0.11905240691687549
cleanStatic,selection,48,47.9906576,5,6,1199516440,1200016440,5508989.449506,4753182.458740067,pg_scc_k9,9,0.16758883545290398
cleanStatic,selection,48,47.9906576,5,6,1199516440,1200016440,5508989.449506,4753182.458740067,epl3,3,0.02293005256764649
cleanStatic,selection,48,47.9906576,5,6,1199516440,1200016440,5508989.449506,4753182.458740067,fixed9,9,0.17376329485539083
cleanStatic,selection,48,47.9906576,5,6,1199516440,1200016440,5508989.449506,4753182.458740067,random1_k3,3,0.11195936102080904
cleanStatic,selection,48,47.9906576,5,6,1199516440,1200016440,5508989.449506,4753182.458740067,random2_k3,3,0.3594085077711917
cleanStatic,selection,48,47.9906576,5,6,1199516440,1200016440,5508989.449506,4753182.458740067,random3_k3,3,0.2930824533010918
cleanStatic,selection,48,47.9906576,5,6,1199516440,1200016440,5508989.449506,4753182.458740067,random4_k3,3,0.035487557588607756
cleanStatic,selection,48,47.9906576,5,6,1199516440,1200016440,5508989.449506,4753182.458740067,random5_k3,3,0.37116265541004956
cleanStatic,selection,48,47.9906576,5,6,1199516440,1200016440,5508989.449506,4753182.458740067,random1_k5,5,0.10017200071213103
cleanStatic,selection,48,47.9906576,5,6,1199516440,1200016440,5508989.449506,4753182.458740067,random2_k5,5,0.06296333806117846
cleanStatic,selection,48,47.9906576,5,6,1199516440,1200016440,5508989.449506,4753182.458740067,random3_k5,5,0.16085106443193226
cleanStatic,selection,48,47.9906576,5,6,1199516440,1200016440,5508989.449506,4753182.458740067,random4_k5,5,0.10822346499268538
cleanStatic,selection,48,47.9906576,5,6,1199516440,1200016440,5508989.449506,4753182.458740067,random5_k5,5,0.024459004459254762
cleanStatic,selection,48,47.9906576,5,6,1199516440,1200016440,5508989.449506,4753182.458740067,random1_k9,9,0.08182073879229027
cleanStatic,selection,48,47.9906576,5,6,1199516440,1200016440,5508989.449506,4753182.458740067,random2_k9,9,0.19162257001515579
cleanStatic,selection,48,47.9906576,5,6,1199516440,1200016440,5508989.449506,4753182.458740067,random3_k9,9,0.02460772185203232
cleanStatic,selection,48,47.9906576,5,6,1199516440,1200016440,5508989.449506,4753182.458740067,random4_k9,9,0.018859545233829798
cleanStatic,selection,48,47.9906576,5,6,1199516440,1200016440,5508989.449506,4753182.458740067,random5_k9,9,0.1198072667369753
cleanStatic,selection,48,47.99020108,6,7,1199505027,1200005027,5507231.020378,4529949.879795044,dense_two_source_glrt,187,0.060547024860943356
cleanStatic,selection,48,47.99020108,6,7,1199505027,1200005027,5507231.020378,4529949.879795044,dense_one_source_residual,187,1.2868024395253967
cleanStatic,selection,48,47.99020108,6,7,1199505027,1200005027,5507231.020378,4529949.879795044,raw_power_only,0,5507231.020378
cleanStatic,selection,48,47.99020108,6,7,1199505027,1200005027,5507231.020378,4529949.879795044,analytic_sparse_k3,3,0.597461310513045
cleanStatic,selection,48,47.99020108,6,7,1199505027,1200005027,5507231.020378,4529949.879795044,uniform_k3,3,1.7688247285776217
cleanStatic,selection,48,47.99020108,6,7,1199505027,1200005027,5507231.020378,4529949.879795044,shuffled_k3,3,0.7762737074521159
cleanStatic,selection,48,47.99020108,6,7,1199505027,1200005027,5507231.020378,4529949.879795044,analytic_sparse_k5,5,0.826674099681733
cleanStatic,selection,48,47.99020108,6,7,1199505027,1200005027,5507231.020378,4529949.879795044,uniform_k5,5,1.1663009566253844
cleanStatic,selection,48,47.99020108,6,7,1199505027,1200005027,5507231.020378,4529949.879795044,shuffled_k5,5,0.6461268427477898
cleanStatic,selection,48,47.99020108,6,7,1199505027,1200005027,5507231.020378,4529949.879795044,analytic_sparse_k9,9,0.6456168586983213
cleanStatic,selection,48,47.99020108,6,7,1199505027,1200005027,5507231.020378,4529949.879795044,uniform_k9,9,0.05870055037839212
cleanStatic,selection,48,47.99020108,6,7,1199505027,1200005027,5507231.020378,4529949.879795044,shuffled_k9,9,0.2214191942125717
cleanStatic,selection,48,47.99020108,6,7,1199505027,1200005027,5507231.020378,4529949.879795044,ai_sparse_k3,3,0.4619448324678086
cleanStatic,selection,48,47.99020108,6,7,1199505027,1200005027,5507231.020378,4529949.879795044,pg_scc_k3,3,0.17322006412114468
cleanStatic,selection,48,47.99020108,6,7,1199505027,1200005027,5507231.020378,4529949.879795044,ai_sparse_k5,5,0.3008330310422266
cleanStatic,selection,48,47.99020108,6,7,1199505027,1200005027,5507231.020378,4529949.879795044,pg_scc_k5,5,0.12039816747338472
cleanStatic,selection,48,47.99020108,6,7,1199505027,1200005027,5507231.020378,4529949.879795044,ai_sparse_k9,9,0.21800606037085432
cleanStatic,selection,48,47.99020108,6,7,1199505027,1200005027,5507231.020378,4529949.879795044,pg_scc_k9,9,0.10758196053777495
cleanStatic,selection,48,47.99020108,6,7,1199505027,1200005027,5507231.020378,4529949.879795044,epl3,3,1.3212704796980683
cleanStatic,selection,48,47.99020108,6,7,1199505027,1200005027,5507231.020378,4529949.879795044,fixed9,9,0.7923320830223637
cleanStatic,selection,48,47.99020108,6,7,1199505027,1200005027,5507231.020378,4529949.879795044,random1_k3,3,1.0139893814434304
cleanStatic,selection,48,47.99020108,6,7,1199505027,1200005027,5507231.020378,4529949.879795044,random2_k3,3,1.0462533089783452
cleanStatic,selection,48,47.99020108,6,7,1199505027,1200005027,5507231.020378,4529949.879795044,random3_k3,3,0.23275062511846692
cleanStatic,selection,48,47.99020108,6,7,1199505027,1200005027,5507231.020378,4529949.879795044,random4_k3,3,1.084002638888369
cleanStatic,selection,48,47.99020108,6,7,1199505027,1200005027,5507231.020378,4529949.879795044,random5_k3,3,0.725075454197309
cleanStatic,selection,48,47.99020108,6,7,1199505027,1200005027,5507231.020378,4529949.879795044,random1_k5,5,0.49075482701856066
cleanStatic,selection,48,47.99020108,6,7,1199505027,1200005027,5507231.020378,4529949.879795044,random2_k5,5,0.46013283515792835
cleanStatic,selection,48,47.99020108,6,7,1199505027,1200005027,5507231.020378,4529949.879795044,random3_k5,5,0.6510105266943129
cleanStatic,selection,48,47.99020108,6,7,1199505027,1200005027,5507231.020378,4529949.879795044,random4_k5,5,0.4615932349521186
cleanStatic,selection,48,47.99020108,6,7,1199505027,1200005027,5507231.020378,4529949.879795044,random5_k5,5,0.3500133951970824
cleanStatic,selection,48,47.99020108,6,7,1199505027,1200005027,5507231.020378,4529949.879795044,random1_k9,9,0.4814643869366019
cleanStatic,selection,48,47.99020108,6,7,1199505027,1200005027,5507231.020378,4529949.879795044,random2_k9,9,0.31042990184143704
cleanStatic,selection,48,47.99020108,6,7,1199505027,1200005027,5507231.020378,4529949.879795044,random3_k9,9,0.36395725880195035
cleanStatic,selection,48,47.99020108,6,7,1199505027,1200005027,5507231.020378,4529949.879795044,random4_k9,9,0.33112985074269413
cleanStatic,selection,48,47.99020108,6,7,1199505027,1200005027,5507231.020378,4529949.879795044,random5_k9,9,0.29964665955232206
cleanStatic,selection,48,47.9903764,7,10,1199509410,1200009410,5508511.384928,2206698.8652217845,dense_two_source_glrt,187,0.3008806392307418
cleanStatic,selection,48,47.9903764,7,10,1199509410,1200009410,5508511.384928,2206698.8652217845,dense_one_source_residual,187,1.820814535282679
cleanStatic,selection,48,47.9903764,7,10,1199509410,1200009410,5508511.384928,2206698.8652217845,raw_power_only,0,5508511.384928
cleanStatic,selection,48,47.9903764,7,10,1199509410,1200009410,5508511.384928,2206698.8652217845,analytic_sparse_k3,3,0.4306146865865334
cleanStatic,selection,48,47.9903764,7,10,1199509410,1200009410,5508511.384928,2206698.8652217845,uniform_k3,3,0.7680457675067397
cleanStatic,selection,48,47.9903764,7,10,1199509410,1200009410,5508511.384928,2206698.8652217845,shuffled_k3,3,0.2412370492927749
cleanStatic,selection,48,47.9903764,7,10,1199509410,1200009410,5508511.384928,2206698.8652217845,analytic_sparse_k5,5,0.21253257576317147
cleanStatic,selection,48,47.9903764,7,10,1199509410,1200009410,5508511.384928,2206698.8652217845,uniform_k5,5,0.2332140447751307
cleanStatic,selection,48,47.9903764,7,10,1199509410,1200009410,5508511.384928,2206698.8652217845,shuffled_k5,5,0.39607090930892597
cleanStatic,selection,48,47.9903764,7,10,1199509410,1200009410,5508511.384928,2206698.8652217845,analytic_sparse_k9,9,0.10183315842593386
cleanStatic,selection,48,47.9903764,7,10,1199509410,1200009410,5508511.384928,2206698.8652217845,uniform_k9,9,0.2750227829101088
cleanStatic,selection,48,47.9903764,7,10,1199509410,1200009410,5508511.384928,2206698.8652217845,shuffled_k9,9,1.0196615774194402
cleanStatic,selection,48,47.9903764,7,10,1199509410,1200009410,5508511.384928,2206698.8652217845,ai_sparse_k3,3,0.117645572887408
cleanStatic,selection,48,47.9903764,7,10,1199509410,1200009410,5508511.384928,2206698.8652217845,pg_scc_k3,3,1.6017936800563863
cleanStatic,selection,48,47.9903764,7,10,1199509410,1200009410,5508511.384928,2206698.8652217845,ai_sparse_k5,5,0.41512629275524915
cleanStatic,selection,48,47.9903764,7,10,1199509410,1200009410,5508511.384928,2206698.8652217845,pg_scc_k5,5,0.6467753667407131
cleanStatic,selection,48,47.9903764,7,10,1199509410,1200009410,5508511.384928,2206698.8652217845,ai_sparse_k9,9,0.3775740954841672
cleanStatic,selection,48,47.9903764,7,10,1199509410,1200009410,5508511.384928,2206698.8652217845,pg_scc_k9,9,0.7330135268100993
cleanStatic,selection,48,47.9903764,7,10,1199509410,1200009410,5508511.384928,2206698.8652217845,epl3,3,1.7077275501128948
cleanStatic,selection,48,47.9903764,7,10,1199509410,1200009410,5508511.384928,2206698.8652217845,fixed9,9,1.3859400109191764
cleanStatic,selection,48,47.9903764,7,10,1199509410,1200009410,5508511.384928,2206698.8652217845,random1_k3,3,1.071099875649823
cleanStatic,selection,48,47.9903764,7,10,1199509410,1200009410,5508511.384928,2206698.8652217845,random2_k3,3,0.7403222454036692
cleanStatic,selection,48,47.9903764,7,10,1199509410,1200009410,5508511.384928,2206698.8652217845,random3_k3,3,1.7889399864454252
cleanStatic,selection,48,47.9903764,7,10,1199509410,1200009410,5508511.384928,2206698.8652217845,random4_k3,3,1.270040077244096
cleanStatic,selection,48,47.9903764,7,10,1199509410,1200009410,5508511.384928,2206698.8652217845,random5_k3,3,0.6724895217900505
cleanStatic,selection,48,47.9903764,7,10,1199509410,1200009410,5508511.384928,2206698.8652217845,random1_k5,5,0.6643194981403665
cleanStatic,selection,48,47.9903764,7,10,1199509410,1200009410,5508511.384928,2206698.8652217845,random2_k5,5,1.094333410471972
cleanStatic,selection,48,47.9903764,7,10,1199509410,1200009410,5508511.384928,2206698.8652217845,random3_k5,5,1.088261204631023
cleanStatic,selection,48,47.9903764,7,10,1199509410,1200009410,5508511.384928,2206698.8652217845,random4_k5,5,1.7160551165783566
cleanStatic,selection,48,47.9903764,7,10,1199509410,1200009410,5508511.384928,2206698.8652217845,random5_k5,5,1.459168969364829
cleanStatic,selection,48,47.9903764,7,10,1199509410,1200009410,5508511.384928,2206698.8652217845,random1_k9,9,0.2822036269643447
cleanStatic,selection,48,47.9903764,7,10,1199509410,1200009410,5508511.384928,2206698.8652217845,random2_k9,9,0.5024793127741977
cleanStatic,selection,48,47.9903764,7,10,1199509410,1200009410,5508511.384928,2206698.8652217845,random3_k9,9,1.5609638238318833
cleanStatic,selection,48,47.9903764,7,10,1199509410,1200009410,5508511.384928,2206698.8652217845,random4_k9,9,0.5500276849736275
cleanStatic,selection,48,47.9903764,7,10,1199509410,1200009410,5508511.384928,2206698.8652217845,random5_k9,9,0.6338476337752559
cleanStatic,selection,48,47.99267768,8,13,1199566942,1200066942,5510508.749617999,6522047.771089384,dense_two_source_glrt,187,0.11413705145686744
cleanStatic,selection,48,47.99267768,8,13,1199566942,1200066942,5510508.749617999,6522047.771089384,dense_one_source_residual,187,0.3346416711702308
cleanStatic,selection,48,47.99267768,8,13,1199566942,1200066942,5510508.749617999,6522047.771089384,raw_power_only,0,5510508.749617999
cleanStatic,selection,48,47.99267768,8,13,1199566942,1200066942,5510508.749617999,6522047.771089384,analytic_sparse_k3,3,0.31422041784482263
cleanStatic,selection,48,47.99267768,8,13,1199566942,1200066942,5510508.749617999,6522047.771089384,uniform_k3,3,0.08146900301008327
cleanStatic,selection,48,47.99267768,8,13,1199566942,1200066942,5510508.749617999,6522047.771089384,shuffled_k3,3,0.3219428064184001
cleanStatic,selection,48,47.99267768,8,13,1199566942,1200066942,5510508.749617999,6522047.771089384,analytic_sparse_k5,5,0.27138055358798574
cleanStatic,selection,48,47.99267768,8,13,1199566942,1200066942,5510508.749617999,6522047.771089384,uniform_k5,5,0.05649454792958516
cleanStatic,selection,48,47.99267768,8,13,1199566942,1200066942,5510508.749617999,6522047.771089384,shuffled_k5,5,0.12120220970816498
cleanStatic,selection,48,47.99267768,8,13,1199566942,1200066942,5510508.749617999,6522047.771089384,analytic_sparse_k9,9,0.21431271090621637
cleanStatic,selection,48,47.99267768,8,13,1199566942,1200066942,5510508.749617999,6522047.771089384,uniform_k9,9,0.055743541575785746
cleanStatic,selection,48,47.99267768,8,13,1199566942,1200066942,5510508.749617999,6522047.771089384,shuffled_k9,9,0.12307558875756469
cleanStatic,selection,48,47.99267768,8,13,1199566942,1200066942,5510508.749617999,6522047.771089384,ai_sparse_k3,3,0.17638849809606127
cleanStatic,selection,48,47.99267768,8,13,1199566942,1200066942,5510508.749617999,6522047.771089384,pg_scc_k3,3,0.24010824190203162
cleanStatic,selection,48,47.99267768,8,13,1199566942,1200066942,5510508.749617999,6522047.771089384,ai_sparse_k5,5,0.26652923131114004
cleanStatic,selection,48,47.99267768,8,13,1199566942,1200066942,5510508.749617999,6522047.771089384,pg_scc_k5,5,0.17256524328093487
cleanStatic,selection,48,47.99267768,8,13,1199566942,1200066942,5510508.749617999,6522047.771089384,ai_sparse_k9,9,0.2216855269233945
cleanStatic,selection,48,47.99267768,8,13,1199566942,1200066942,5510508.749617999,6522047.771089384,pg_scc_k9,9,0.13406956625564037
cleanStatic,selection,48,47.99267768,8,13,1199566942,1200066942,5510508.749617999,6522047.771089384,epl3,3,0.2905636969602065
cleanStatic,selection,48,47.99267768,8,13,1199566942,1200066942,5510508.749617999,6522047.771089384,fixed9,9,0.24602561093433004
cleanStatic,selection,48,47.99267768,8,13,1199566942,1200066942,5510508.749617999,6522047.771089384,random1_k3,3,0.2798844811462036
cleanStatic,selection,48,47.99267768,8,13,1199566942,1200066942,5510508.749617999,6522047.771089384,random2_k3,3,0.2111343392507493
cleanStatic,selection,48,47.99267768,8,13,1199566942,1200066942,5510508.749617999,6522047.771089384,random3_k3,3,0.21540992730522246
cleanStatic,selection,48,47.99267768,8,13,1199566942,1200066942,5510508.749617999,6522047.771089384,random4_k3,3,0.028592200633026435
cleanStatic,selection,48,47.99267768,8,13,1199566942,1200066942,5510508.749617999,6522047.771089384,random5_k3,3,0.35538653830358746
cleanStatic,selection,48,47.99267768,8,13,1199566942,1200066942,5510508.749617999,6522047.771089384,random1_k5,5,0.14027440697532598
cleanStatic,selection,48,47.99267768,8,13,1199566942,1200066942,5510508.749617999,6522047.771089384,random2_k5,5,0.06892472355392061
cleanStatic,selection,48,47.99267768,8,13,1199566942,1200066942,5510508.749617999,6522047.771089384,random3_k5,5,0.18548365485211463
cleanStatic,selection,48,47.99267768,8,13,1199566942,1200066942,5510508.749617999,6522047.771089384,random4_k5,5,0.15114486049680081
cleanStatic,selection,48,47.99267768,8,13,1199566942,1200066942,5510508.749617999,6522047.771089384,random5_k5,5,0.19844346697237017
cleanStatic,selection,48,47.99267768,8,13,1199566942,1200066942,5510508.749617999,6522047.771089384,random1_k9,9,0.2554327744193915
cleanStatic,selection,48,47.99267768,8,13,1199566942,1200066942,5510508.749617999,6522047.771089384,random2_k9,9,0.25012889182731385
cleanStatic,selection,48,47.99267768,8,13,1199566942,1200066942,5510508.749617999,6522047.771089384,random3_k9,9,0.06175875291999332
cleanStatic,selection,48,47.99267768,8,13,1199566942,1200066942,5510508.749617999,6522047.771089384,random4_k9,9,0.13427045277530647
cleanStatic,selection,48,47.99267768,8,13,1199566942,1200066942,5510508.749617999,6522047.771089384,random5_k9,9,0.09272387306198057
cleanStatic,selection,48,47.99151548,9,19,1199537887,1200037887,5507546.808912,4739031.966014439,dense_two_source_glrt,187,0.10490768081396945
cleanStatic,selection,48,47.99151548,9,19,1199537887,1200037887,5507546.808912,4739031.966014439,dense_one_source_residual,187,0.7432356764493229
cleanStatic,selection,48,47.99151548,9,19,1199537887,1200037887,5507546.808912,4739031.966014439,raw_power_only,0,5507546.808912
cleanStatic,selection,48,47.99151548,9,19,1199537887,1200037887,5507546.808912,4739031.966014439,analytic_sparse_k3,3,0.20476498498489937
cleanStatic,selection,48,47.99151548,9,19,1199537887,1200037887,5507546.808912,4739031.966014439,uniform_k3,3,0.26538012523745397
cleanStatic,selection,48,47.99151548,9,19,1199537887,1200037887,5507546.808912,4739031.966014439,shuffled_k3,3,0.05954182253596729
cleanStatic,selection,48,47.99151548,9,19,1199537887,1200037887,5507546.808912,4739031.966014439,analytic_sparse_k5,5,0.2946197493733614
cleanStatic,selection,48,47.99151548,9,19,1199537887,1200037887,5507546.808912,4739031.966014439,uniform_k5,5,0.21276328211668782
cleanStatic,selection,48,47.99151548,9,19,1199537887,1200037887,5507546.808912,4739031.966014439,shuffled_k5,5,0.17910040159276827
cleanStatic,selection,48,47.99151548,9,19,1199537887,1200037887,5507546.808912,4739031.966014439,analytic_sparse_k9,9,0.2866138849022881
cleanStatic,selection,48,47.99151548,9,19,1199537887,1200037887,5507546.808912,4739031.966014439,uniform_k9,9,0.021908453567700895
cleanStatic,selection,48,47.99151548,9,19,1199537887,1200037887,5507546.808912,4739031.966014439,shuffled_k9,9,0.39088915913544287
cleanStatic,selection,48,47.99151548,9,19,1199537887,1200037887,5507546.808912,4739031.966014439,ai_sparse_k3,3,1.154806225550646
cleanStatic,selection,48,47.99151548,9,19,1199537887,1200037887,5507546.808912,4739031.966014439,pg_scc_k3,3,0.7166732351142006
cleanStatic,selection,48,47.99151548,9,19,1199537887,1200037887,5507546.808912,4739031.966014439,ai_sparse_k5,5,0.668928539816611
cleanStatic,selection,48,47.99151548,9,19,1199537887,1200037887,5507546.808912,4739031.966014439,pg_scc_k5,5,0.22963116126611008
cleanStatic,selection,48,47.99151548,9,19,1199537887,1200037887,5507546.808912,4739031.966014439,ai_sparse_k9,9,0.4476727678866283
cleanStatic,selection,48,47.99151548,9,19,1199537887,1200037887,5507546.808912,4739031.966014439,pg_scc_k9,9,0.20994689085149215
cleanStatic,selection,48,47.99151548,9,19,1199537887,1200037887,5507546.808912,4739031.966014439,epl3,3,0.40279060787133664
cleanStatic,selection,48,47.99151548,9,19,1199537887,1200037887,5507546.808912,4739031.966014439,fixed9,9,0.4925191879971693
cleanStatic,selection,48,47.99151548,9,19,1199537887,1200037887,5507546.808912,4739031.966014439,random1_k3,3,0.5195913644119368
cleanStatic,selection,48,47.99151548,9,19,1199537887,1200037887,5507546.808912,4739031.966014439,random2_k3,3,0.4684288875620191
cleanStatic,selection,48,47.99151548,9,19,1199537887,1200037887,5507546.808912,4739031.966014439,random3_k3,3,0.8024884048309192
cleanStatic,selection,48,47.99151548,9,19,1199537887,1200037887,5507546.808912,4739031.966014439,random4_k3,3,0.17222391030607617
cleanStatic,selection,48,47.99151548,9,19,1199537887,1200037887,5507546.808912,4739031.966014439,random5_k3,3,0.33087945495975374
cleanStatic,selection,48,47.99151548,9,19,1199537887,1200037887,5507546.808912,4739031.966014439,random1_k5,5,0.3661601185431606
cleanStatic,selection,48,47.99151548,9,19,1199537887,1200037887,5507546.808912,4739031.966014439,random2_k5,5,0.11603039784144335
cleanStatic,selection,48,47.99151548,9,19,1199537887,1200037887,5507546.808912,4739031.966014439,random3_k5,5,0.1966732779393015
cleanStatic,selection,48,47.99151548,9,19,1199537887,1200037887,5507546.808912,4739031.966014439,random4_k5,5,0.10080602109252598
cleanStatic,selection,48,47.99151548,9,19,1199537887,1200037887,5507546.808912,4739031.966014439,random5_k5,5,0.5486893497499532
cleanStatic,selection,48,47.99151548,9,19,1199537887,1200037887,5507546.808912,4739031.966014439,random1_k9,9,0.6131120755852026
cleanStatic,selection,48,47.99151548,9,19,1199537887,1200037887,5507546.808912,4739031.966014439,random2_k9,9,0.24722690133936423
cleanStatic,selection,48,47.99151548,9,19,1199537887,1200037887,5507546.808912,4739031.966014439,random3_k9,9,0.22532632027559568
cleanStatic,selection,48,47.99151548,9,19,1199537887,1200037887,5507546.808912,4739031.966014439,random4_k9,9,0.4513057632230233
cleanStatic,selection,48,47.99151548,9,19,1199537887,1200037887,5507546.808912,4739031.966014439,random5_k9,9,0.16001087553695056
cleanStatic,selection,48,47.99061456,10,23,1199515364,1200015364,5508821.645052,6824805.318690212,dense_two_source_glrt,187,0.05874459787911801
cleanStatic,selection,48,47.99061456,10,23,1199515364,1200015364,5508821.645052,6824805.318690212,dense_one_source_residual,187,0.2716748583211442
cleanStatic,selection,48,47.99061456,10,23,1199515364,1200015364,5508821.645052,6824805.318690212,raw_power_only,0,5508821.645052
cleanStatic,selection,48,47.99061456,10,23,1199515364,1200015364,5508821.645052,6824805.318690212,analytic_sparse_k3,3,0.04602597890124133
cleanStatic,selection,48,47.99061456,10,23,1199515364,1200015364,5508821.645052,6824805.318690212,uniform_k3,3,0.3018404466179033
cleanStatic,selection,48,47.99061456,10,23,1199515364,1200015364,5508821.645052,6824805.318690212,shuffled_k3,3,0.06659804822886206
cleanStatic,selection,48,47.99061456,10,23,1199515364,1200015364,5508821.645052,6824805.318690212,analytic_sparse_k5,5,0.05681497757345808
cleanStatic,selection,48,47.99061456,10,23,1199515364,1200015364,5508821.645052,6824805.318690212,uniform_k5,5,0.12999242968726865
cleanStatic,selection,48,47.99061456,10,23,1199515364,1200015364,5508821.645052,6824805.318690212,shuffled_k5,5,0.10217588924195628
cleanStatic,selection,48,47.99061456,10,23,1199515364,1200015364,5508821.645052,6824805.318690212,analytic_sparse_k9,9,0.04675418143850515
cleanStatic,selection,48,47.99061456,10,23,1199515364,1200015364,5508821.645052,6824805.318690212,uniform_k9,9,0.04543756878193691
cleanStatic,selection,48,47.99061456,10,23,1199515364,1200015364,5508821.645052,6824805.318690212,shuffled_k9,9,0.22401159340406865
cleanStatic,selection,48,47.99061456,10,23,1199515364,1200015364,5508821.645052,6824805.318690212,ai_sparse_k3,3,0.014755298589481021
cleanStatic,selection,48,47.99061456,10,23,1199515364,1200015364,5508821.645052,6824805.318690212,pg_scc_k3,3,0.3282535048911693
cleanStatic,selection,48,47.99061456,10,23,1199515364,1200015364,5508821.645052,6824805.318690212,ai_sparse_k5,5,0.1919049888026389
cleanStatic,selection,48,47.99061456,10,23,1199515364,1200015364,5508821.645052,6824805.318690212,pg_scc_k5,5,0.10436457129900586
cleanStatic,selection,48,47.99061456,10,23,1199515364,1200015364,5508821.645052,6824805.318690212,ai_sparse_k9,9,0.13718311678823067
cleanStatic,selection,48,47.99061456,10,23,1199515364,1200015364,5508821.645052,6824805.318690212,pg_scc_k9,9,0.07983569697523765
cleanStatic,selection,48,47.99061456,10,23,1199515364,1200015364,5508821.645052,6824805.318690212,epl3,3,0.2979397986828172
cleanStatic,selection,48,47.99061456,10,23,1199515364,1200015364,5508821.645052,6824805.318690212,fixed9,9,0.1929954114297513
cleanStatic,selection,48,47.99061456,10,23,1199515364,1200015364,5508821.645052,6824805.318690212,random1_k3,3,0.06507968172204728
cleanStatic,selection,48,47.99061456,10,23,1199515364,1200015364,5508821.645052,6824805.318690212,random2_k3,3,0.027023758125952004
cleanStatic,selection,48,47.99061456,10,23,1199515364,1200015364,5508821.645052,6824805.318690212,random3_k3,3,0.4118661610877248
cleanStatic,selection,48,47.99061456,10,23,1199515364,1200015364,5508821.645052,6824805.318690212,random4_k3,3,0.08689830054714069
cleanStatic,selection,48,47.99061456,10,23,1199515364,1200015364,5508821.645052,6824805.318690212,random5_k3,3,0.06478238691442849
cleanStatic,selection,48,47.99061456,10,23,1199515364,1200015364,5508821.645052,6824805.318690212,random1_k5,5,0.11646371453225113
cleanStatic,selection,48,47.99061456,10,23,1199515364,1200015364,5508821.645052,6824805.318690212,random2_k5,5,0.24553648242948284
cleanStatic,selection,48,47.99061456,10,23,1199515364,1200015364,5508821.645052,6824805.318690212,random3_k5,5,0.1964128458988624
cleanStatic,selection,48,47.99061456,10,23,1199515364,1200015364,5508821.645052,6824805.318690212,random4_k5,5,0.2737830564430671
cleanStatic,selection,48,47.99061456,10,23,1199515364,1200015364,5508821.645052,6824805.318690212,random5_k5,5,0.07488884430782086
cleanStatic,selection,48,47.99061456,10,23,1199515364,1200015364,5508821.645052,6824805.318690212,random1_k9,9,0.16915902763023732
cleanStatic,selection,48,47.99061456,10,23,1199515364,1200015364,5508821.645052,6824805.318690212,random2_k9,9,0.11306321042607165
cleanStatic,selection,48,47.99061456,10,23,1199515364,1200015364,5508821.645052,6824805.318690212,random3_k9,9,0.10590576148580962
cleanStatic,selection,48,47.99061456,10,23,1199515364,1200015364,5508821.645052,6824805.318690212,random4_k9,9,0.044797701724114715
cleanStatic,selection,48,47.99061456,10,23,1199515364,1200015364,5508821.645052,6824805.318690212,random5_k9,9,0.0703357543168422
cleanStatic,selection,49,49.00129036,0,16,1224782259,1225282259,5512832.652978,5400412.176333654,dense_two_source_glrt,187,0.05763000091522843
cleanStatic,selection,49,49.00129036,0,16,1224782259,1225282259,5512832.652978,5400412.176333654,dense_one_source_residual,187,0.4166909658494407
cleanStatic,selection,49,49.00129036,0,16,1224782259,1225282259,5512832.652978,5400412.176333654,raw_power_only,0,5512832.652978
cleanStatic,selection,49,49.00129036,0,16,1224782259,1225282259,5512832.652978,5400412.176333654,analytic_sparse_k3,3,0.020385273699920676
cleanStatic,selection,49,49.00129036,0,16,1224782259,1225282259,5512832.652978,5400412.176333654,uniform_k3,3,0.24545105753078467
cleanStatic,selection,49,49.00129036,0,16,1224782259,1225282259,5512832.652978,5400412.176333654,shuffled_k3,3,0.35977083488692435
cleanStatic,selection,49,49.00129036,0,16,1224782259,1225282259,5512832.652978,5400412.176333654,analytic_sparse_k5,5,0.27977801135998953
cleanStatic,selection,49,49.00129036,0,16,1224782259,1225282259,5512832.652978,5400412.176333654,uniform_k5,5,0.1838300719961971
cleanStatic,selection,49,49.00129036,0,16,1224782259,1225282259,5512832.652978,5400412.176333654,shuffled_k5,5,0.4599785459419894
cleanStatic,selection,49,49.00129036,0,16,1224782259,1225282259,5512832.652978,5400412.176333654,analytic_sparse_k9,9,0.1228974847777445
cleanStatic,selection,49,49.00129036,0,16,1224782259,1225282259,5512832.652978,5400412.176333654,uniform_k9,9,0.06232667843844977
cleanStatic,selection,49,49.00129036,0,16,1224782259,1225282259,5512832.652978,5400412.176333654,shuffled_k9,9,0.20730073514914008
cleanStatic,selection,49,49.00129036,0,16,1224782259,1225282259,5512832.652978,5400412.176333654,ai_sparse_k3,3,0.12246906013998517
cleanStatic,selection,49,49.00129036,0,16,1224782259,1225282259,5512832.652978,5400412.176333654,pg_scc_k3,3,0.056378259367159324
cleanStatic,selection,49,49.00129036,0,16,1224782259,1225282259,5512832.652978,5400412.176333654,ai_sparse_k5,5,0.2646179122246052
cleanStatic,selection,49,49.00129036,0,16,1224782259,1225282259,5512832.652978,5400412.176333654,pg_scc_k5,5,0.07070603343081243
cleanStatic,selection,49,49.00129036,0,16,1224782259,1225282259,5512832.652978,5400412.176333654,ai_sparse_k9,9,0.40614300006977616
cleanStatic,selection,49,49.00129036,0,16,1224782259,1225282259,5512832.652978,5400412.176333654,pg_scc_k9,9,0.11219958247754915
cleanStatic,selection,49,49.00129036,0,16,1224782259,1225282259,5512832.652978,5400412.176333654,epl3,3,0.39182998259068286
cleanStatic,selection,49,49.00129036,0,16,1224782259,1225282259,5512832.652978,5400412.176333654,fixed9,9,0.31358940279821845
cleanStatic,selection,49,49.00129036,0,16,1224782259,1225282259,5512832.652978,5400412.176333654,random1_k3,3,0.2574766455513488
cleanStatic,selection,49,49.00129036,0,16,1224782259,1225282259,5512832.652978,5400412.176333654,random2_k3,3,0.36749465364250017
cleanStatic,selection,49,49.00129036,0,16,1224782259,1225282259,5512832.652978,5400412.176333654,random3_k3,3,0.05084141308305134
cleanStatic,selection,49,49.00129036,0,16,1224782259,1225282259,5512832.652978,5400412.176333654,random4_k3,3,0.13986737148737144
cleanStatic,selection,49,49.00129036,0,16,1224782259,1225282259,5512832.652978,5400412.176333654,random5_k3,3,0.07807543840748586
cleanStatic,selection,49,49.00129036,0,16,1224782259,1225282259,5512832.652978,5400412.176333654,random1_k5,5,0.07101943929410122
cleanStatic,selection,49,49.00129036,0,16,1224782259,1225282259,5512832.652978,5400412.176333654,random2_k5,5,0.10839462995580147
cleanStatic,selection,49,49.00129036,0,16,1224782259,1225282259,5512832.652978,5400412.176333654,random3_k5,5,0.4350973944720963
cleanStatic,selection,49,49.00129036,0,16,1224782259,1225282259,5512832.652978,5400412.176333654,random4_k5,5,0.1726578875897924
cleanStatic,selection,49,49.00129036,0,16,1224782259,1225282259,5512832.652978,5400412.176333654,random5_k5,5,0.12020207871435155
cleanStatic,selection,49,49.00129036,0,16,1224782259,1225282259,5512832.652978,5400412.176333654,random1_k9,9,0.05957523150405132
cleanStatic,selection,49,49.00129036,0,16,1224782259,1225282259,5512832.652978,5400412.176333654,random2_k9,9,0.039813408634294944
cleanStatic,selection,49,49.00129036,0,16,1224782259,1225282259,5512832.652978,5400412.176333654,random3_k9,9,0.1500843123292314
cleanStatic,selection,49,49.00129036,0,16,1224782259,1225282259,5512832.652978,5400412.176333654,random4_k9,9,0.07881446272179388
cleanStatic,selection,49,49.00129036,0,16,1224782259,1225282259,5512832.652978,5400412.176333654,random5_k9,9,0.10234249090965553
cleanStatic,selection,49,49.00954536,2,3,1224988634,1225488634,5508863.284832,5773002.975045474,dense_two_source_glrt,187,0.03602513111989609
cleanStatic,selection,49,49.00954536,2,3,1224988634,1225488634,5508863.284832,5773002.975045474,dense_one_source_residual,187,0.27845251405937727
cleanStatic,selection,49,49.00954536,2,3,1224988634,1225488634,5508863.284832,5773002.975045474,raw_power_only,0,5508863.284832
cleanStatic,selection,49,49.00954536,2,3,1224988634,1225488634,5508863.284832,5773002.975045474,analytic_sparse_k3,3,0.316614503551094
cleanStatic,selection,49,49.00954536,2,3,1224988634,1225488634,5508863.284832,5773002.975045474,uniform_k3,3,0.11777795833825803
cleanStatic,selection,49,49.00954536,2,3,1224988634,1225488634,5508863.284832,5773002.975045474,shuffled_k3,3,0.11863162728796396
cleanStatic,selection,49,49.00954536,2,3,1224988634,1225488634,5508863.284832,5773002.975045474,analytic_sparse_k5,5,0.21385019354751927
cleanStatic,selection,49,49.00954536,2,3,1224988634,1225488634,5508863.284832,5773002.975045474,uniform_k5,5,0.19684790294515034
cleanStatic,selection,49,49.00954536,2,3,1224988634,1225488634,5508863.284832,5773002.975045474,shuffled_k5,5,0.04870716849616765
cleanStatic,selection,49,49.00954536,2,3,1224988634,1225488634,5508863.284832,5773002.975045474,analytic_sparse_k9,9,0.07768792551289765
cleanStatic,selection,49,49.00954536,2,3,1224988634,1225488634,5508863.284832,5773002.975045474,uniform_k9,9,0.11322850160960171
cleanStatic,selection,49,49.00954536,2,3,1224988634,1225488634,5508863.284832,5773002.975045474,shuffled_k9,9,0.08179186759071605
cleanStatic,selection,49,49.00954536,2,3,1224988634,1225488634,5508863.284832,5773002.975045474,ai_sparse_k3,3,0.09859090916719017
cleanStatic,selection,49,49.00954536,2,3,1224988634,1225488634,5508863.284832,5773002.975045474,pg_scc_k3,3,0.052328470218458954
cleanStatic,selection,49,49.00954536,2,3,1224988634,1225488634,5508863.284832,5773002.975045474,ai_sparse_k5,5,0.03022765949049544
cleanStatic,selection,49,49.00954536,2,3,1224988634,1225488634,5508863.284832,5773002.975045474,pg_scc_k5,5,0.019746672876683236
cleanStatic,selection,49,49.00954536,2,3,1224988634,1225488634,5508863.284832,5773002.975045474,ai_sparse_k9,9,0.036206565487360995
cleanStatic,selection,49,49.00954536,2,3,1224988634,1225488634,5508863.284832,5773002.975045474,pg_scc_k9,9,0.013387214079435847
cleanStatic,selection,49,49.00954536,2,3,1224988634,1225488634,5508863.284832,5773002.975045474,epl3,3,0.09194156070798228
cleanStatic,selection,49,49.00954536,2,3,1224988634,1225488634,5508863.284832,5773002.975045474,fixed9,9,0.034704185197102194
cleanStatic,selection,49,49.00954536,2,3,1224988634,1225488634,5508863.284832,5773002.975045474,random1_k3,3,0.3169204505209448
cleanStatic,selection,49,49.00954536,2,3,1224988634,1225488634,5508863.284832,5773002.975045474,random2_k3,3,0.14062744025703824
cleanStatic,selection,49,49.00954536,2,3,1224988634,1225488634,5508863.284832,5773002.975045474,random3_k3,3,0.13210857909848903
cleanStatic,selection,49,49.00954536,2,3,1224988634,1225488634,5508863.284832,5773002.975045474,random4_k3,3,0.08084695095120871
cleanStatic,selection,49,49.00954536,2,3,1224988634,1225488634,5508863.284832,5773002.975045474,random5_k3,3,0.4014454900059057
cleanStatic,selection,49,49.00954536,2,3,1224988634,1225488634,5508863.284832,5773002.975045474,random1_k5,5,0.050890987989718764
cleanStatic,selection,49,49.00954536,2,3,1224988634,1225488634,5508863.284832,5773002.975045474,random2_k5,5,0.017755724987218786
cleanStatic,selection,49,49.00954536,2,3,1224988634,1225488634,5508863.284832,5773002.975045474,random3_k5,5,0.08651797148337219
cleanStatic,selection,49,49.00954536,2,3,1224988634,1225488634,5508863.284832,5773002.975045474,random4_k5,5,0.08440356439116163
cleanStatic,selection,49,49.00954536,2,3,1224988634,1225488634,5508863.284832,5773002.975045474,random5_k5,5,0.13008355397694055
cleanStatic,selection,49,49.00954536,2,3,1224988634,1225488634,5508863.284832,5773002.975045474,random1_k9,9,0.05582206874828402
cleanStatic,selection,49,49.00954536,2,3,1224988634,1225488634,5508863.284832,5773002.975045474,random2_k9,9,0.09327382096117647
cleanStatic,selection,49,49.00954536,2,3,1224988634,1225488634,5508863.284832,5773002.975045474,random3_k9,9,0.09181060760021802
cleanStatic,selection,49,49.00954536,2,3,1224988634,1225488634,5508863.284832,5773002.975045474,random4_k9,9,0.09756485215490403
cleanStatic,selection,49,49.00954536,2,3,1224988634,1225488634,5508863.284832,5773002.975045474,random5_k9,9,0.1556186820614762
cleanStatic,selection,49,49.00233796,3,20,1224808449,1225308449,5514356.274058,2189956.0554296197,dense_two_source_glrt,187,0.05163546109914574
cleanStatic,selection,49,49.00233796,3,20,1224808449,1225308449,5514356.274058,2189956.0554296197,dense_one_source_residual,187,0.766258973941627
cleanStatic,selection,49,49.00233796,3,20,1224808449,1225308449,5514356.274058,2189956.0554296197,raw_power_only,0,5514356.274058
cleanStatic,selection,49,49.00233796,3,20,1224808449,1225308449,5514356.274058,2189956.0554296197,analytic_sparse_k3,3,0.04815046490794767
cleanStatic,selection,49,49.00233796,3,20,1224808449,1225308449,5514356.274058,2189956.0554296197,uniform_k3,3,0.34077438702265933
cleanStatic,selection,49,49.00233796,3,20,1224808449,1225308449,5514356.274058,2189956.0554296197,shuffled_k3,3,0.3861590529859666
cleanStatic,selection,49,49.00233796,3,20,1224808449,1225308449,5514356.274058,2189956.0554296197,analytic_sparse_k5,5,0.17242497493116948
cleanStatic,selection,49,49.00233796,3,20,1224808449,1225308449,5514356.274058,2189956.0554296197,uniform_k5,5,0.18065597450113113
cleanStatic,selection,49,49.00233796,3,20,1224808449,1225308449,5514356.274058,2189956.0554296197,shuffled_k5,5,0.4744267920384882
cleanStatic,selection,49,49.00233796,3,20,1224808449,1225308449,5514356.274058,2189956.0554296197,analytic_sparse_k9,9,0.12388906653729521
cleanStatic,selection,49,49.00233796,3,20,1224808449,1225308449,5514356.274058,2189956.0554296197,uniform_k9,9,0.04983624799468912
cleanStatic,selection,49,49.00233796,3,20,1224808449,1225308449,5514356.274058,2189956.0554296197,shuffled_k9,9,0.16659576680749488
cleanStatic,selection,49,49.00233796,3,20,1224808449,1225308449,5514356.274058,2189956.0554296197,ai_sparse_k3,3,0.33250250193450265
cleanStatic,selection,49,49.00233796,3,20,1224808449,1225308449,5514356.274058,2189956.0554296197,pg_scc_k3,3,0.099991539119431
cleanStatic,selection,49,49.00233796,3,20,1224808449,1225308449,5514356.274058,2189956.0554296197,ai_sparse_k5,5,0.10376622170634933
cleanStatic,selection,49,49.00233796,3,20,1224808449,1225308449,5514356.274058,2189956.0554296197,pg_scc_k5,5,0.2363504449951533
cleanStatic,selection,49,49.00233796,3,20,1224808449,1225308449,5514356.274058,2189956.0554296197,ai_sparse_k9,9,0.10731682217074617
cleanStatic,selection,49,49.00233796,3,20,1224808449,1225308449,5514356.274058,2189956.0554296197,pg_scc_k9,9,0.10867416746643199
cleanStatic,selection,49,49.00233796,3,20,1224808449,1225308449,5514356.274058,2189956.0554296197,epl3,3,0.7861986735081018
cleanStatic,selection,49,49.00233796,3,20,1224808449,1225308449,5514356.274058,2189956.0554296197,fixed9,9,0.17453749022148576
cleanStatic,selection,49,49.00233796,3,20,1224808449,1225308449,5514356.274058,2189956.0554296197,random1_k3,3,0.1285366186718999
cleanStatic,selection,49,49.00233796,3,20,1224808449,1225308449,5514356.274058,2189956.0554296197,random2_k3,3,0.7759953682751348
cleanStatic,selection,49,49.00233796,3,20,1224808449,1225308449,5514356.274058,2189956.0554296197,random3_k3,3,0.44455884621975833
cleanStatic,selection,49,49.00233796,3,20,1224808449,1225308449,5514356.274058,2189956.0554296197,random4_k3,3,0.2188056998226463
cleanStatic,selection,49,49.00233796,3,20,1224808449,1225308449,5514356.274058,2189956.0554296197,random5_k3,3,0.015557879236536837
cleanStatic,selection,49,49.00233796,3,20,1224808449,1225308449,5514356.274058,2189956.0554296197,random1_k5,5,0.30717642819242846
cleanStatic,selection,49,49.00233796,3,20,1224808449,1225308449,5514356.274058,2189956.0554296197,random2_k5,5,0.505168994800046
cleanStatic,selection,49,49.00233796,3,20,1224808449,1225308449,5514356.274058,2189956.0554296197,random3_k5,5,0.2901875422930972
cleanStatic,selection,49,49.00233796,3,20,1224808449,1225308449,5514356.274058,2189956.0554296197,random4_k5,5,0.23088773921140157
cleanStatic,selection,49,49.00233796,3,20,1224808449,1225308449,5514356.274058,2189956.0554296197,random5_k5,5,0.28255703771646584
cleanStatic,selection,49,49.00233796,3,20,1224808449,1225308449,5514356.274058,2189956.0554296197,random1_k9,9,0.2610849857040869
cleanStatic,selection,49,49.00233796,3,20,1224808449,1225308449,5514356.274058,2189956.0554296197,random2_k9,9,0.2524847496991502
cleanStatic,selection,49,49.00233796,3,20,1224808449,1225308449,5514356.274058,2189956.0554296197,random3_k9,9,0.1635341475237566
cleanStatic,selection,49,49.00233796,3,20,1224808449,1225308449,5514356.274058,2189956.0554296197,random4_k9,9,0.22996262439565907
cleanStatic,selection,49,49.00233796,3,20,1224808449,1225308449,5514356.274058,2189956.0554296197,random5_k9,9,0.26346692831365626
cleanStatic,selection,49,49.02664656,4,30,1225416164,1225916164,5515591.38164,2250832.937695573,dense_two_source_glrt,187,0.2615984617042152
cleanStatic,selection,49,49.02664656,4,30,1225416164,1225916164,5515591.38164,2250832.937695573,dense_one_source_residual,187,1.913795567053635
cleanStatic,selection,49,49.02664656,4,30,1225416164,1225916164,5515591.38164,2250832.937695573,raw_power_only,0,5515591.38164
cleanStatic,selection,49,49.02664656,4,30,1225416164,1225916164,5515591.38164,2250832.937695573,analytic_sparse_k3,3,0.5799307470291878
cleanStatic,selection,49,49.02664656,4,30,1225416164,1225916164,5515591.38164,2250832.937695573,uniform_k3,3,1.5459745099660438
cleanStatic,selection,49,49.02664656,4,30,1225416164,1225916164,5515591.38164,2250832.937695573,shuffled_k3,3,0.25907906101021816
cleanStatic,selection,49,49.02664656,4,30,1225416164,1225916164,5515591.38164,2250832.937695573,analytic_sparse_k5,5,0.4785549495577993
cleanStatic,selection,49,49.02664656,4,30,1225416164,1225916164,5515591.38164,2250832.937695573,uniform_k5,5,1.699653244814137
cleanStatic,selection,49,49.02664656,4,30,1225416164,1225916164,5515591.38164,2250832.937695573,shuffled_k5,5,0.30370930441408533
cleanStatic,selection,49,49.02664656,4,30,1225416164,1225916164,5515591.38164,2250832.937695573,analytic_sparse_k9,9,0.26876753213397897
cleanStatic,selection,49,49.02664656,4,30,1225416164,1225916164,5515591.38164,2250832.937695573,uniform_k9,9,0.11387263299991801
cleanStatic,selection,49,49.02664656,4,30,1225416164,1225916164,5515591.38164,2250832.937695573,shuffled_k9,9,0.6491711854404518
cleanStatic,selection,49,49.02664656,4,30,1225416164,1225916164,5515591.38164,2250832.937695573,ai_sparse_k3,3,1.3680398269296148
cleanStatic,selection,49,49.02664656,4,30,1225416164,1225916164,5515591.38164,2250832.937695573,pg_scc_k3,3,3.22054276152013
cleanStatic,selection,49,49.02664656,4,30,1225416164,1225916164,5515591.38164,2250832.937695573,ai_sparse_k5,5,0.9360405371337508
cleanStatic,selection,49,49.02664656,4,30,1225416164,1225916164,5515591.38164,2250832.937695573,pg_scc_k5,5,1.9166678573816782
cleanStatic,selection,49,49.02664656,4,30,1225416164,1225916164,5515591.38164,2250832.937695573,ai_sparse_k9,9,0.6946033170587846
cleanStatic,selection,49,49.02664656,4,30,1225416164,1225916164,5515591.38164,2250832.937695573,pg_scc_k9,9,1.4400256873738364
cleanStatic,selection,49,49.02664656,4,30,1225416164,1225916164,5515591.38164,2250832.937695573,epl3,3,1.7619035871525288
cleanStatic,selection,49,49.02664656,4,30,1225416164,1225916164,5515591.38164,2250832.937695573,fixed9,9,0.19666055009186933
cleanStatic,selection,49,49.02664656,4,30,1225416164,1225916164,5515591.38164,2250832.937695573,random1_k3,3,2.1216376605461655
cleanStatic,selection,49,49.02664656,4,30,1225416164,1225916164,5515591.38164,2250832.937695573,random2_k3,3,0.6137872677752988
cleanStatic,selection,49,49.02664656,4,30,1225416164,1225916164,5515591.38164,2250832.937695573,random3_k3,3,0.36182533806882167
cleanStatic,selection,49,49.02664656,4,30,1225416164,1225916164,5515591.38164,2250832.937695573,random4_k3,3,1.3135291518229697
cleanStatic,selection,49,49.02664656,4,30,1225416164,1225916164,5515591.38164,2250832.937695573,random5_k3,3,1.1602070928695212
cleanStatic,selection,49,49.02664656,4,30,1225416164,1225916164,5515591.38164,2250832.937695573,random1_k5,5,0.2958980093043918
cleanStatic,selection,49,49.02664656,4,30,1225416164,1225916164,5515591.38164,2250832.937695573,random2_k5,5,0.48669902495534617
cleanStatic,selection,49,49.02664656,4,30,1225416164,1225916164,5515591.38164,2250832.937695573,random3_k5,5,1.4185862122759207
cleanStatic,selection,49,49.02664656,4,30,1225416164,1225916164,5515591.38164,2250832.937695573,random4_k5,5,0.6840848347154191
cleanStatic,selection,49,49.02664656,4,30,1225416164,1225916164,5515591.38164,2250832.937695573,random5_k5,5,0.2729653325035198
cleanStatic,selection,49,49.02664656,4,30,1225416164,1225916164,5515591.38164,2250832.937695573,random1_k9,9,0.32292030877740086
cleanStatic,selection,49,49.02664656,4,30,1225416164,1225916164,5515591.38164,2250832.937695573,random2_k9,9,0.29736702858951525
cleanStatic,selection,49,49.02664656,4,30,1225416164,1225916164,5515591.38164,2250832.937695573,random3_k9,9,0.468550595251087
cleanStatic,selection,49,49.02664656,4,30,1225416164,1225916164,5515591.38164,2250832.937695573,random4_k9,9,0.6275368602132885
cleanStatic,selection,49,49.02664656,4,30,1225416164,1225916164,5515591.38164,2250832.937695573,random5_k9,9,1.7754793104974413
cleanStatic,selection,49,48.99065796,5,6,1224516449,1225016449,5513836.034788,4683493.935260416,dense_two_source_glrt,187,0.1329368428618363
cleanStatic,selection,49,48.99065796,5,6,1224516449,1225016449,5513836.034788,4683493.935260416,dense_one_source_residual,187,0.517123354789327
cleanStatic,selection,49,48.99065796,5,6,1224516449,1225016449,5513836.034788,4683493.935260416,raw_power_only,0,5513836.034788
cleanStatic,selection,49,48.99065796,5,6,1224516449,1225016449,5513836.034788,4683493.935260416,analytic_sparse_k3,3,0.06488486286452523
cleanStatic,selection,49,48.99065796,5,6,1224516449,1225016449,5513836.034788,4683493.935260416,uniform_k3,3,0.24724927002649466
cleanStatic,selection,49,48.99065796,5,6,1224516449,1225016449,5513836.034788,4683493.935260416,shuffled_k3,3,0.05268598360097602
cleanStatic,selection,49,48.99065796,5,6,1224516449,1225016449,5513836.034788,4683493.935260416,analytic_sparse_k5,5,0.08757866527423278
cleanStatic,selection,49,48.99065796,5,6,1224516449,1225016449,5513836.034788,4683493.935260416,uniform_k5,5,0.19128895546981223
cleanStatic,selection,49,48.99065796,5,6,1224516449,1225016449,5513836.034788,4683493.935260416,shuffled_k5,5,0.07721602197854067
cleanStatic,selection,49,48.99065796,5,6,1224516449,1225016449,5513836.034788,4683493.935260416,analytic_sparse_k9,9,0.05584221228413918
cleanStatic,selection,49,48.99065796,5,6,1224516449,1225016449,5513836.034788,4683493.935260416,uniform_k9,9,0.04746285890657363
cleanStatic,selection,49,48.99065796,5,6,1224516449,1225016449,5513836.034788,4683493.935260416,shuffled_k9,9,0.443866218155718
cleanStatic,selection,49,48.99065796,5,6,1224516449,1225016449,5513836.034788,4683493.935260416,ai_sparse_k3,3,0.42265030680450827
cleanStatic,selection,49,48.99065796,5,6,1224516449,1225016449,5513836.034788,4683493.935260416,pg_scc_k3,3,0.22454658932285054
cleanStatic,selection,49,48.99065796,5,6,1224516449,1225016449,5513836.034788,4683493.935260416,ai_sparse_k5,5,0.41511226017991854
cleanStatic,selection,49,48.99065796,5,6,1224516449,1225016449,5513836.034788,4683493.935260416,pg_scc_k5,5,0.24011830337969342
cleanStatic,selection,49,48.99065796,5,6,1224516449,1225016449,5513836.034788,4683493.935260416,ai_sparse_k9,9,0.13513530145244154
cleanStatic,selection,49,48.99065796,5,6,1224516449,1225016449,5513836.034788,4683493.935260416,pg_scc_k9,9,0.2534238168828218
cleanStatic,selection,49,48.99065796,5,6,1224516449,1225016449,5513836.034788,4683493.935260416,epl3,3,0.6243102786764304
cleanStatic,selection,49,48.99065796,5,6,1224516449,1225016449,5513836.034788,4683493.935260416,fixed9,9,0.3651468395859521
cleanStatic,selection,49,48.99065796,5,6,1224516449,1225016449,5513836.034788,4683493.935260416,random1_k3,3,0.18012139660656115
cleanStatic,selection,49,48.99065796,5,6,1224516449,1225016449,5513836.034788,4683493.935260416,random2_k3,3,0.036503892898923175
cleanStatic,selection,49,48.99065796,5,6,1224516449,1225016449,5513836.034788,4683493.935260416,random3_k3,3,0.7419588620993417
cleanStatic,selection,49,48.99065796,5,6,1224516449,1225016449,5513836.034788,4683493.935260416,random4_k3,3,0.30724168629046694
cleanStatic,selection,49,48.99065796,5,6,1224516449,1225016449,5513836.034788,4683493.935260416,random5_k3,3,0.1595464976398601
cleanStatic,selection,49,48.99065796,5,6,1224516449,1225016449,5513836.034788,4683493.935260416,random1_k5,5,0.38759748857706566
cleanStatic,selection,49,48.99065796,5,6,1224516449,1225016449,5513836.034788,4683493.935260416,random2_k5,5,0.27596149642628764
cleanStatic,selection,49,48.99065796,5,6,1224516449,1225016449,5513836.034788,4683493.935260416,random3_k5,5,0.23440895946292462
cleanStatic,selection,49,48.99065796,5,6,1224516449,1225016449,5513836.034788,4683493.935260416,random4_k5,5,0.14804043376794668
cleanStatic,selection,49,48.99065796,5,6,1224516449,1225016449,5513836.034788,4683493.935260416,random5_k5,5,0.49938320362613603
cleanStatic,selection,49,48.99065796,5,6,1224516449,1225016449,5513836.034788,4683493.935260416,random1_k9,9,0.4060099732798277
cleanStatic,selection,49,48.99065796,5,6,1224516449,1225016449,5513836.034788,4683493.935260416,random2_k9,9,0.1600515553696762
cleanStatic,selection,49,48.99065796,5,6,1224516449,1225016449,5513836.034788,4683493.935260416,random3_k9,9,0.2894237346743026
cleanStatic,selection,49,48.99065796,5,6,1224516449,1225016449,5513836.034788,4683493.935260416,random4_k9,9,0.023781614407908727
cleanStatic,selection,49,48.99065796,5,6,1224516449,1225016449,5513836.034788,4683493.935260416,random5_k9,9,0.1751594617507623
cleanStatic,selection,49,49.00319988,6,7,1224829997,1225329997,5512767.727654,4447275.035414817,dense_two_source_glrt,187,0.10136776788409971
cleanStatic,selection,49,49.00319988,6,7,1224829997,1225329997,5512767.727654,4447275.035414817,dense_one_source_residual,187,0.8732304286921887
cleanStatic,selection,49,49.00319988,6,7,1224829997,1225329997,5512767.727654,4447275.035414817,raw_power_only,0,5512767.727654
cleanStatic,selection,49,49.00319988,6,7,1224829997,1225329997,5512767.727654,4447275.035414817,analytic_sparse_k3,3,0.3752508299306589
cleanStatic,selection,49,49.00319988,6,7,1224829997,1225329997,5512767.727654,4447275.035414817,uniform_k3,3,0.8906305411864369
cleanStatic,selection,49,49.00319988,6,7,1224829997,1225329997,5512767.727654,4447275.035414817,shuffled_k3,3,0.7181060524868474
cleanStatic,selection,49,49.00319988,6,7,1224829997,1225329997,5512767.727654,4447275.035414817,analytic_sparse_k5,5,0.41347705469179985
cleanStatic,selection,49,49.00319988,6,7,1224829997,1225329997,5512767.727654,4447275.035414817,uniform_k5,5,0.3241224358521019
cleanStatic,selection,49,49.00319988,6,7,1224829997,1225329997,5512767.727654,4447275.035414817,shuffled_k5,5,0.6117604148171651
cleanStatic,selection,49,49.00319988,6,7,1224829997,1225329997,5512767.727654,4447275.035414817,analytic_sparse_k9,9,0.4461452653656768
cleanStatic,selection,49,49.00319988,6,7,1224829997,1225329997,5512767.727654,4447275.035414817,uniform_k9,9,0.18188907189953912
cleanStatic,selection,49,49.00319988,6,7,1224829997,1225329997,5512767.727654,4447275.035414817,shuffled_k9,9,0.20577080734807598
cleanStatic,selection,49,49.00319988,6,7,1224829997,1225329997,5512767.727654,4447275.035414817,ai_sparse_k3,3,0.014113371333946481
cleanStatic,selection,49,49.00319988,6,7,1224829997,1225329997,5512767.727654,4447275.035414817,pg_scc_k3,3,0.1785826576012458
cleanStatic,selection,49,49.00319988,6,7,1224829997,1225329997,5512767.727654,4447275.035414817,ai_sparse_k5,5,0.09477416307716935
cleanStatic,selection,49,49.00319988,6,7,1224829997,1225329997,5512767.727654,4447275.035414817,pg_scc_k5,5,0.4551853558190908
cleanStatic,selection,49,49.00319988,6,7,1224829997,1225329997,5512767.727654,4447275.035414817,ai_sparse_k9,9,0.14094252585512357
cleanStatic,selection,49,49.00319988,6,7,1224829997,1225329997,5512767.727654,4447275.035414817,pg_scc_k9,9,0.46053923101575367
cleanStatic,selection,49,49.00319988,6,7,1224829997,1225329997,5512767.727654,4447275.035414817,epl3,3,0.6776321582819301
cleanStatic,selection,49,49.00319988,6,7,1224829997,1225329997,5512767.727654,4447275.035414817,fixed9,9,0.40709734561293554
cleanStatic,selection,49,49.00319988,6,7,1224829997,1225329997,5512767.727654,4447275.035414817,random1_k3,3,0.40087668268232934
cleanStatic,selection,49,49.00319988,6,7,1224829997,1225329997,5512767.727654,4447275.035414817,random2_k3,3,0.6548770398995564
cleanStatic,selection,49,49.00319988,6,7,1224829997,1225329997,5512767.727654,4447275.035414817,random3_k3,3,0.29916005743461166
cleanStatic,selection,49,49.00319988,6,7,1224829997,1225329997,5512767.727654,4447275.035414817,random4_k3,3,0.23508430525694532
cleanStatic,selection,49,49.00319988,6,7,1224829997,1225329997,5512767.727654,4447275.035414817,random5_k3,3,0.69124506228289
cleanStatic,selection,49,49.00319988,6,7,1224829997,1225329997,5512767.727654,4447275.035414817,random1_k5,5,0.07108943104655281
cleanStatic,selection,49,49.00319988,6,7,1224829997,1225329997,5512767.727654,4447275.035414817,random2_k5,5,0.305755728150522
cleanStatic,selection,49,49.00319988,6,7,1224829997,1225329997,5512767.727654,4447275.035414817,random3_k5,5,0.3648969605250666
cleanStatic,selection,49,49.00319988,6,7,1224829997,1225329997,5512767.727654,4447275.035414817,random4_k5,5,0.3272107022120244
cleanStatic,selection,49,49.00319988,6,7,1224829997,1225329997,5512767.727654,4447275.035414817,random5_k5,5,0.22983466260819663
cleanStatic,selection,49,49.00319988,6,7,1224829997,1225329997,5512767.727654,4447275.035414817,random1_k9,9,0.09568189797751743
cleanStatic,selection,49,49.00319988,6,7,1224829997,1225329997,5512767.727654,4447275.035414817,random2_k9,9,0.33240870140103274
cleanStatic,selection,49,49.00319988,6,7,1224829997,1225329997,5512767.727654,4447275.035414817,random3_k9,9,0.4193432728663808
cleanStatic,selection,49,49.00319988,6,7,1224829997,1225329997,5512767.727654,4447275.035414817,random4_k9,9,0.2309118714387076
cleanStatic,selection,49,49.00319988,6,7,1224829997,1225329997,5512767.727654,4447275.035414817,random5_k9,9,0.18322374021471147
cleanStatic,selection,49,48.990376,7,10,1224509400,1225009400,5511349.251412,2259850.067013551,dense_two_source_glrt,187,0.3541193472173957
cleanStatic,selection,49,48.990376,7,10,1224509400,1225009400,5511349.251412,2259850.067013551,dense_one_source_residual,187,2.8956028289567746
cleanStatic,selection,49,48.990376,7,10,1224509400,1225009400,5511349.251412,2259850.067013551,raw_power_only,0,5511349.251412
cleanStatic,selection,49,48.990376,7,10,1224509400,1225009400,5511349.251412,2259850.067013551,analytic_sparse_k3,3,0.9411289394941004
cleanStatic,selection,49,48.990376,7,10,1224509400,1225009400,5511349.251412,2259850.067013551,uniform_k3,3,0.30160464647385293
cleanStatic,selection,49,48.990376,7,10,1224509400,1225009400,5511349.251412,2259850.067013551,shuffled_k3,3,0.6907248960978721
cleanStatic,selection,49,48.990376,7,10,1224509400,1225009400,5511349.251412,2259850.067013551,analytic_sparse_k5,5,1.8494537317383135
cleanStatic,selection,49,48.990376,7,10,1224509400,1225009400,5511349.251412,2259850.067013551,uniform_k5,5,0.47226248424968115
cleanStatic,selection,49,48.990376,7,10,1224509400,1225009400,5511349.251412,2259850.067013551,shuffled_k5,5,1.2564347255574977
cleanStatic,selection,49,48.990376,7,10,1224509400,1225009400,5511349.251412,2259850.067013551,analytic_sparse_k9,9,1.7881680186789046
cleanStatic,selection,49,48.990376,7,10,1224509400,1225009400,5511349.251412,2259850.067013551,uniform_k9,9,0.16922740109558396
cleanStatic,selection,49,48.990376,7,10,1224509400,1225009400,5511349.251412,2259850.067013551,shuffled_k9,9,1.1768451868509489
cleanStatic,selection,49,48.990376,7,10,1224509400,1225009400,5511349.251412,2259850.067013551,ai_sparse_k3,3,1.8747686136322308
cleanStatic,selection,49,48.990376,7,10,1224509400,1225009400,5511349.251412,2259850.067013551,pg_scc_k3,3,1.4766864728922382
cleanStatic,selection,49,48.990376,7,10,1224509400,1225009400,5511349.251412,2259850.067013551,ai_sparse_k5,5,2.7962283091983657
cleanStatic,selection,49,48.990376,7,10,1224509400,1225009400,5511349.251412,2259850.067013551,pg_scc_k5,5,0.7873007582834155
cleanStatic,selection,49,48.990376,7,10,1224509400,1225009400,5511349.251412,2259850.067013551,ai_sparse_k9,9,3.262420503776924
cleanStatic,selection,49,48.990376,7,10,1224509400,1225009400,5511349.251412,2259850.067013551,pg_scc_k9,9,0.49397458977137
cleanStatic,selection,49,48.990376,7,10,1224509400,1225009400,5511349.251412,2259850.067013551,epl3,3,1.850679694283036
cleanStatic,selection,49,48.990376,7,10,1224509400,1225009400,5511349.251412,2259850.067013551,fixed9,9,3.1773364583583836
cleanStatic,selection,49,48.990376,7,10,1224509400,1225009400,5511349.251412,2259850.067013551,random1_k3,3,3.5118585141153957
cleanStatic,selection,49,48.990376,7,10,1224509400,1225009400,5511349.251412,2259850.067013551,random2_k3,3,1.6746656846823178
cleanStatic,selection,49,48.990376,7,10,1224509400,1225009400,5511349.251412,2259850.067013551,random3_k3,3,1.1228729155136852
cleanStatic,selection,49,48.990376,7,10,1224509400,1225009400,5511349.251412,2259850.067013551,random4_k3,3,0.36942835260678164
cleanStatic,selection,49,48.990376,7,10,1224509400,1225009400,5511349.251412,2259850.067013551,random5_k3,3,3.5369864491187797
cleanStatic,selection,49,48.990376,7,10,1224509400,1225009400,5511349.251412,2259850.067013551,random1_k5,5,1.6606745012863389
cleanStatic,selection,49,48.990376,7,10,1224509400,1225009400,5511349.251412,2259850.067013551,random2_k5,5,0.8579602103916362
cleanStatic,selection,49,48.990376,7,10,1224509400,1225009400,5511349.251412,2259850.067013551,random3_k5,5,0.5469466920682733
cleanStatic,selection,49,48.990376,7,10,1224509400,1225009400,5511349.251412,2259850.067013551,random4_k5,5,0.2147247062216043
cleanStatic,selection,49,48.990376,7,10,1224509400,1225009400,5511349.251412,2259850.067013551,random5_k5,5,1.4001222570280365
cleanStatic,selection,49,48.990376,7,10,1224509400,1225009400,5511349.251412,2259850.067013551,random1_k9,9,1.8686463576073404
cleanStatic,selection,49,48.990376,7,10,1224509400,1225009400,5511349.251412,2259850.067013551,random2_k9,9,0.719446368536987
cleanStatic,selection,49,48.990376,7,10,1224509400,1225009400,5511349.251412,2259850.067013551,random3_k9,9,1.2542397991321026
cleanStatic,selection,49,48.990376,7,10,1224509400,1225009400,5511349.251412,2259850.067013551,random4_k9,9,0.8119390222687843
cleanStatic,selection,49,48.990376,7,10,1224509400,1225009400,5511349.251412,2259850.067013551,random5_k9,9,0.6187512923076165
cleanStatic,selection,49,48.99467652,8,13,1224616913,1225116913,5514345.894482,6364471.966414551,dense_two_source_glrt,187,0.04918927357757774
cleanStatic,selection,49,48.99467652,8,13,1224616913,1225116913,5514345.894482,6364471.966414551,dense_one_source_residual,187,0.2212549892519085
cleanStatic,selection,49,48.99467652,8,13,1224616913,1225116913,5514345.894482,6364471.966414551,raw_power_only,0,5514345.894482
cleanStatic,selection,49,48.99467652,8,13,1224616913,1225116913,5514345.894482,6364471.966414551,analytic_sparse_k3,3,0.051318700268544105
cleanStatic,selection,49,48.99467652,8,13,1224616913,1225116913,5514345.894482,6364471.966414551,uniform_k3,3,0.36755480059602497
cleanStatic,selection,49,48.99467652,8,13,1224616913,1225116913,5514345.894482,6364471.966414551,shuffled_k3,3,0.034421414388862585
cleanStatic,selection,49,48.99467652,8,13,1224616913,1225116913,5514345.894482,6364471.966414551,analytic_sparse_k5,5,0.031540526881090644
cleanStatic,selection,49,48.99467652,8,13,1224616913,1225116913,5514345.894482,6364471.966414551,uniform_k5,5,0.13301433410560076
cleanStatic,selection,49,48.99467652,8,13,1224616913,1225116913,5514345.894482,6364471.966414551,shuffled_k5,5,0.07079496165649526
cleanStatic,selection,49,48.99467652,8,13,1224616913,1225116913,5514345.894482,6364471.966414551,analytic_sparse_k9,9,0.03962965645356204
cleanStatic,selection,49,48.99467652,8,13,1224616913,1225116913,5514345.894482,6364471.966414551,uniform_k9,9,0.0992221430262089
cleanStatic,selection,49,48.99467652,8,13,1224616913,1225116913,5514345.894482,6364471.966414551,shuffled_k9,9,0.0468817690400096
cleanStatic,selection,49,48.99467652,8,13,1224616913,1225116913,5514345.894482,6364471.966414551,ai_sparse_k3,3,0.07497937528378966
cleanStatic,selection,49,48.99467652,8,13,1224616913,1225116913,5514345.894482,6364471.966414551,pg_scc_k3,3,0.05538686539712307
cleanStatic,selection,49,48.99467652,8,13,1224616913,1225116913,5514345.894482,6364471.966414551,ai_sparse_k5,5,0.12553831691179723
cleanStatic,selection,49,48.99467652,8,13,1224616913,1225116913,5514345.894482,6364471.966414551,pg_scc_k5,5,0.028175993849512172
cleanStatic,selection,49,48.99467652,8,13,1224616913,1225116913,5514345.894482,6364471.966414551,ai_sparse_k9,9,0.04470537795434451
cleanStatic,selection,49,48.99467652,8,13,1224616913,1225116913,5514345.894482,6364471.966414551,pg_scc_k9,9,0.03750285798465442
cleanStatic,selection,49,48.99467652,8,13,1224616913,1225116913,5514345.894482,6364471.966414551,epl3,3,0.0483397481174383
cleanStatic,selection,49,48.99467652,8,13,1224616913,1225116913,5514345.894482,6364471.966414551,fixed9,9,0.016909196412939302
cleanStatic,selection,49,48.99467652,8,13,1224616913,1225116913,5514345.894482,6364471.966414551,random1_k3,3,0.11125294601404473
cleanStatic,selection,49,48.99467652,8,13,1224616913,1225116913,5514345.894482,6364471.966414551,random2_k3,3,0.1052428834533456
cleanStatic,selection,49,48.99467652,8,13,1224616913,1225116913,5514345.894482,6364471.966414551,random3_k3,3,0.08079366705636519
cleanStatic,selection,49,48.99467652,8,13,1224616913,1225116913,5514345.894482,6364471.966414551,random4_k3,3,0.21259177318048528
cleanStatic,selection,49,48.99467652,8,13,1224616913,1225116913,5514345.894482,6364471.966414551,random5_k3,3,0.06085621274426909
cleanStatic,selection,49,48.99467652,8,13,1224616913,1225116913,5514345.894482,6364471.966414551,random1_k5,5,0.10382484048606917
cleanStatic,selection,49,48.99467652,8,13,1224616913,1225116913,5514345.894482,6364471.966414551,random2_k5,5,0.20627726533587049
cleanStatic,selection,49,48.99467652,8,13,1224616913,1225116913,5514345.894482,6364471.966414551,random3_k5,5,0.041157205702941305
cleanStatic,selection,49,48.99467652,8,13,1224616913,1225116913,5514345.894482,6364471.966414551,random4_k5,5,0.10047771601534801
cleanStatic,selection,49,48.99467652,8,13,1224616913,1225116913,5514345.894482,6364471.966414551,random5_k5,5,0.10050707167288071
cleanStatic,selection,49,48.99467652,8,13,1224616913,1225116913,5514345.894482,6364471.966414551,random1_k9,9,0.05964125491478753
cleanStatic,selection,49,48.99467652,8,13,1224616913,1225116913,5514345.894482,6364471.966414551,random2_k9,9,0.05455811473579369
cleanStatic,selection,49,48.99467652,8,13,1224616913,1225116913,5514345.894482,6364471.966414551,random3_k9,9,0.05678583198472152
cleanStatic,selection,49,48.99467652,8,13,1224616913,1225116913,5514345.894482,6364471.966414551,random4_k9,9,0.03748885432093704
cleanStatic,selection,49,48.99467652,8,13,1224616913,1225116913,5514345.894482,6364471.966414551,random5_k9,9,0.024346657995502285
cleanStatic,selection,49,49.0065138,9,19,1224912845,1225412845,5508845.810947999,4456617.682306187,dense_two_source_glrt,187,0.21836030122257957
cleanStatic,selection,49,49.0065138,9,19,1224912845,1225412845,5508845.810947999,4456617.682306187,dense_one_source_residual,187,0.8954852965805974
cleanStatic,selection,49,49.0065138,9,19,1224912845,1225412845,5508845.810947999,4456617.682306187,raw_power_only,0,5508845.810947999
cleanStatic,selection,49,49.0065138,9,19,1224912845,1225412845,5508845.810947999,4456617.682306187,analytic_sparse_k3,3,0.13195741838720373
cleanStatic,selection,49,49.0065138,9,19,1224912845,1225412845,5508845.810947999,4456617.682306187,uniform_k3,3,0.3956494396016024
cleanStatic,selection,49,49.0065138,9,19,1224912845,1225412845,5508845.810947999,4456617.682306187,shuffled_k3,3,0.1685718383290259
cleanStatic,selection,49,49.0065138,9,19,1224912845,1225412845,5508845.810947999,4456617.682306187,analytic_sparse_k5,5,0.6402341533539796
cleanStatic,selection,49,49.0065138,9,19,1224912845,1225412845,5508845.810947999,4456617.682306187,uniform_k5,5,0.11656262062777048
cleanStatic,selection,49,49.0065138,9,19,1224912845,1225412845,5508845.810947999,4456617.682306187,shuffled_k5,5,0.46527827458359
cleanStatic,selection,49,49.0065138,9,19,1224912845,1225412845,5508845.810947999,4456617.682306187,analytic_sparse_k9,9,0.3015849250039697
cleanStatic,selection,49,49.0065138,9,19,1224912845,1225412845,5508845.810947999,4456617.682306187,uniform_k9,9,0.052627373463492035
cleanStatic,selection,49,49.0065138,9,19,1224912845,1225412845,5508845.810947999,4456617.682306187,shuffled_k9,9,0.6278478668050682
cleanStatic,selection,49,49.0065138,9,19,1224912845,1225412845,5508845.810947999,4456617.682306187,ai_sparse_k3,3,0.7092891309167314
cleanStatic,selection,49,49.0065138,9,19,1224912845,1225412845,5508845.810947999,4456617.682306187,pg_scc_k3,3,0.769008847449232
cleanStatic,selection,49,49.0065138,9,19,1224912845,1225412845,5508845.810947999,4456617.682306187,ai_sparse_k5,5,0.39968573560172527
cleanStatic,selection,49,49.0065138,9,19,1224912845,1225412845,5508845.810947999,4456617.682306187,pg_scc_k5,5,0.27164950113349684
cleanStatic,selection,49,49.0065138,9,19,1224912845,1225412845,5508845.810947999,4456617.682306187,ai_sparse_k9,9,0.48723056259672703
cleanStatic,selection,49,49.0065138,9,19,1224912845,1225412845,5508845.810947999,4456617.682306187,pg_scc_k9,9,0.3420683439997733
cleanStatic,selection,49,49.0065138,9,19,1224912845,1225412845,5508845.810947999,4456617.682306187,epl3,3,1.104005214904433
cleanStatic,selection,49,49.0065138,9,19,1224912845,1225412845,5508845.810947999,4456617.682306187,fixed9,9,1.0635144341485043
cleanStatic,selection,49,49.0065138,9,19,1224912845,1225412845,5508845.810947999,4456617.682306187,random1_k3,3,0.34459663888069086
cleanStatic,selection,49,49.0065138,9,19,1224912845,1225412845,5508845.810947999,4456617.682306187,random2_k3,3,0.3300750682925759
cleanStatic,selection,49,49.0065138,9,19,1224912845,1225412845,5508845.810947999,4456617.682306187,random3_k3,3,0.6951450102224656
cleanStatic,selection,49,49.0065138,9,19,1224912845,1225412845,5508845.810947999,4456617.682306187,random4_k3,3,0.3091882239837483
cleanStatic,selection,49,49.0065138,9,19,1224912845,1225412845,5508845.810947999,4456617.682306187,random5_k3,3,0.35442867168295344
cleanStatic,selection,49,49.0065138,9,19,1224912845,1225412845,5508845.810947999,4456617.682306187,random1_k5,5,0.17401651973889914
cleanStatic,selection,49,49.0065138,9,19,1224912845,1225412845,5508845.810947999,4456617.682306187,random2_k5,5,0.2587809748823939
cleanStatic,selection,49,49.0065138,9,19,1224912845,1225412845,5508845.810947999,4456617.682306187,random3_k5,5,0.6461735448975354
cleanStatic,selection,49,49.0065138,9,19,1224912845,1225412845,5508845.810947999,4456617.682306187,random4_k5,5,0.18949210046426399
cleanStatic,selection,49,49.0065138,9,19,1224912845,1225412845,5508845.810947999,4456617.682306187,random5_k5,5,0.7487872720706307
cleanStatic,selection,49,49.0065138,9,19,1224912845,1225412845,5508845.810947999,4456617.682306187,random1_k9,9,0.6462222451074471
cleanStatic,selection,49,49.0065138,9,19,1224912845,1225412845,5508845.810947999,4456617.682306187,random2_k9,9,0.14149781051518703
cleanStatic,selection,49,49.0065138,9,19,1224912845,1225412845,5508845.810947999,4456617.682306187,random3_k9,9,0.5298957963013969
cleanStatic,selection,49,49.0065138,9,19,1224912845,1225412845,5508845.810947999,4456617.682306187,random4_k9,9,0.21460299706602154
cleanStatic,selection,49,49.0065138,9,19,1224912845,1225412845,5508845.810947999,4456617.682306187,random5_k9,9,0.21025727110762896
cleanStatic,selection,49,49.00561488,10,23,1224890372,1225390372,5511239.962456001,6767927.814172057,dense_two_source_glrt,187,0.05253103860660226
cleanStatic,selection,49,49.00561488,10,23,1224890372,1225390372,5511239.962456001,6767927.814172057,dense_one_source_residual,187,0.17173966020141399
cleanStatic,selection,49,49.00561488,10,23,1224890372,1225390372,5511239.962456001,6767927.814172057,raw_power_only,0,5511239.962456001
cleanStatic,selection,49,49.00561488,10,23,1224890372,1225390372,5511239.962456001,6767927.814172057,analytic_sparse_k3,3,0.034939658697599345
cleanStatic,selection,49,49.00561488,10,23,1224890372,1225390372,5511239.962456001,6767927.814172057,uniform_k3,3,0.037831865070335834
cleanStatic,selection,49,49.00561488,10,23,1224890372,1225390372,5511239.962456001,6767927.814172057,shuffled_k3,3,0.0404428767684081
cleanStatic,selection,49,49.00561488,10,23,1224890372,1225390372,5511239.962456001,6767927.814172057,analytic_sparse_k5,5,0.03552661889809297
cleanStatic,selection,49,49.00561488,10,23,1224890372,1225390372,5511239.962456001,6767927.814172057,uniform_k5,5,0.10291362931222747
cleanStatic,selection,49,49.00561488,10,23,1224890372,1225390372,5511239.962456001,6767927.814172057,shuffled_k5,5,0.0261150282675457
cleanStatic,selection,49,49.00561488,10,23,1224890372,1225390372,5511239.962456001,6767927.814172057,analytic_sparse_k9,9,0.014455031240526285
cleanStatic,selection,49,49.00561488,10,23,1224890372,1225390372,5511239.962456001,6767927.814172057,uniform_k9,9,0.06758162650569902
cleanStatic,selection,49,49.00561488,10,23,1224890372,1225390372,5511239.962456001,6767927.814172057,shuffled_k9,9,0.07227868625404416
cleanStatic,selection,49,49.00561488,10,23,1224890372,1225390372,5511239.962456001,6767927.814172057,ai_sparse_k3,3,0.1824478334241586
cleanStatic,selection,49,49.00561488,10,23,1224890372,1225390372,5511239.962456001,6767927.814172057,pg_scc_k3,3,0.09793462929745507
cleanStatic,selection,49,49.00561488,10,23,1224890372,1225390372,5511239.962456001,6767927.814172057,ai_sparse_k5,5,0.14388964651573058
cleanStatic,selection,49,49.00561488,10,23,1224890372,1225390372,5511239.962456001,6767927.814172057,pg_scc_k5,5,0.05002139550551523
cleanStatic,selection,49,49.00561488,10,23,1224890372,1225390372,5511239.962456001,6767927.814172057,ai_sparse_k9,9,0.12782923274331692
cleanStatic,selection,49,49.00561488,10,23,1224890372,1225390372,5511239.962456001,6767927.814172057,pg_scc_k9,9,0.0701189514016966
cleanStatic,selection,49,49.00561488,10,23,1224890372,1225390372,5511239.962456001,6767927.814172057,epl3,3,0.06739881842341434
cleanStatic,selection,49,49.00561488,10,23,1224890372,1225390372,5511239.962456001,6767927.814172057,fixed9,9,0.15357768909746744
cleanStatic,selection,49,49.00561488,10,23,1224890372,1225390372,5511239.962456001,6767927.814172057,random1_k3,3,0.20320531788078391
cleanStatic,selection,49,49.00561488,10,23,1224890372,1225390372,5511239.962456001,6767927.814172057,random2_k3,3,0.02871236085787873
cleanStatic,selection,49,49.00561488,10,23,1224890372,1225390372,5511239.962456001,6767927.814172057,random3_k3,3,0.1733521011708634
cleanStatic,selection,49,49.00561488,10,23,1224890372,1225390372,5511239.962456001,6767927.814172057,random4_k3,3,0.09432361886683634
cleanStatic,selection,49,49.00561488,10,23,1224890372,1225390372,5511239.962456001,6767927.814172057,random5_k3,3,0.1067209809922011
cleanStatic,selection,49,49.00561488,10,23,1224890372,1225390372,5511239.962456001,6767927.814172057,random1_k5,5,0.10950223644016374
cleanStatic,selection,49,49.00561488,10,23,1224890372,1225390372,5511239.962456001,6767927.814172057,random2_k5,5,0.05670122130029766
cleanStatic,selection,49,49.00561488,10,23,1224890372,1225390372,5511239.962456001,6767927.814172057,random3_k5,5,0.03500083538278241
cleanStatic,selection,49,49.00561488,10,23,1224890372,1225390372,5511239.962456001,6767927.814172057,random4_k5,5,0.2014483953893184
cleanStatic,selection,49,49.00561488,10,23,1224890372,1225390372,5511239.962456001,6767927.814172057,random5_k5,5,0.04598238546584206
cleanStatic,selection,49,49.00561488,10,23,1224890372,1225390372,5511239.962456001,6767927.814172057,random1_k9,9,0.10709228540368455
cleanStatic,selection,49,49.00561488,10,23,1224890372,1225390372,5511239.962456001,6767927.814172057,random2_k9,9,0.046463794395561
cleanStatic,selection,49,49.00561488,10,23,1224890372,1225390372,5511239.962456001,6767927.814172057,random3_k9,9,0.11679647078917922
cleanStatic,selection,49,49.00561488,10,23,1224890372,1225390372,5511239.962456001,6767927.814172057,random4_k9,9,0.024762343452696536
cleanStatic,selection,49,49.00561488,10,23,1224890372,1225390372,5511239.962456001,6767927.814172057,random5_k9,9,0.07403493250740749
cleanStatic,selection,50,49.99029212,0,16,1249507303,1250007303,5514359.031372,5403753.61864579,dense_two_source_glrt,187,0.055073832816744356
cleanStatic,selection,50,49.99029212,0,16,1249507303,1250007303,5514359.031372,5403753.61864579,dense_one_source_residual,187,0.4046376467222451
cleanStatic,selection,50,49.99029212,0,16,1249507303,1250007303,5514359.031372,5403753.61864579,raw_power_only,0,5514359.031372
cleanStatic,selection,50,49.99029212,0,16,1249507303,1250007303,5514359.031372,5403753.61864579,analytic_sparse_k3,3,0.02986340095721254
cleanStatic,selection,50,49.99029212,0,16,1249507303,1250007303,5514359.031372,5403753.61864579,uniform_k3,3,0.14935751015962506
cleanStatic,selection,50,49.99029212,0,16,1249507303,1250007303,5514359.031372,5403753.61864579,shuffled_k3,3,0.012265501459106744
cleanStatic,selection,50,49.99029212,0,16,1249507303,1250007303,5514359.031372,5403753.61864579,analytic_sparse_k5,5,0.07627836857694881
cleanStatic,selection,50,49.99029212,0,16,1249507303,1250007303,5514359.031372,5403753.61864579,uniform_k5,5,0.19557675846779615
cleanStatic,selection,50,49.99029212,0,16,1249507303,1250007303,5514359.031372,5403753.61864579,shuffled_k5,5,0.11765654505594067
cleanStatic,selection,50,49.99029212,0,16,1249507303,1250007303,5514359.031372,5403753.61864579,analytic_sparse_k9,9,0.12561087041149493
cleanStatic,selection,50,49.99029212,0,16,1249507303,1250007303,5514359.031372,5403753.61864579,uniform_k9,9,0.061360121844649756
cleanStatic,selection,50,49.99029212,0,16,1249507303,1250007303,5514359.031372,5403753.61864579,shuffled_k9,9,0.12265170301441881
cleanStatic,selection,50,49.99029212,0,16,1249507303,1250007303,5514359.031372,5403753.61864579,ai_sparse_k3,3,0.46189193351286334
cleanStatic,selection,50,49.99029212,0,16,1249507303,1250007303,5514359.031372,5403753.61864579,pg_scc_k3,3,0.651753303511915
cleanStatic,selection,50,49.99029212,0,16,1249507303,1250007303,5514359.031372,5403753.61864579,ai_sparse_k5,5,0.3031774550060903
cleanStatic,selection,50,49.99029212,0,16,1249507303,1250007303,5514359.031372,5403753.61864579,pg_scc_k5,5,0.22646721374472487
cleanStatic,selection,50,49.99029212,0,16,1249507303,1250007303,5514359.031372,5403753.61864579,ai_sparse_k9,9,0.30795461690730247
cleanStatic,selection,50,49.99029212,0,16,1249507303,1250007303,5514359.031372,5403753.61864579,pg_scc_k9,9,0.13713080617336962
cleanStatic,selection,50,49.99029212,0,16,1249507303,1250007303,5514359.031372,5403753.61864579,epl3,3,0.11203012670839248
cleanStatic,selection,50,49.99029212,0,16,1249507303,1250007303,5514359.031372,5403753.61864579,fixed9,9,0.33644118940715767
cleanStatic,selection,50,49.99029212,0,16,1249507303,1250007303,5514359.031372,5403753.61864579,random1_k3,3,0.2561237667438086
cleanStatic,selection,50,49.99029212,0,16,1249507303,1250007303,5514359.031372,5403753.61864579,random2_k3,3,0.28620618304135625
cleanStatic,selection,50,49.99029212,0,16,1249507303,1250007303,5514359.031372,5403753.61864579,random3_k3,3,0.6467243852363947
cleanStatic,selection,50,49.99029212,0,16,1249507303,1250007303,5514359.031372,5403753.61864579,random4_k3,3,0.09556979776819753
cleanStatic,selection,50,49.99029212,0,16,1249507303,1250007303,5514359.031372,5403753.61864579,random5_k3,3,0.1674359198433959
cleanStatic,selection,50,49.99029212,0,16,1249507303,1250007303,5514359.031372,5403753.61864579,random1_k5,5,0.13368667687742466
cleanStatic,selection,50,49.99029212,0,16,1249507303,1250007303,5514359.031372,5403753.61864579,random2_k5,5,0.05841045798039526
cleanStatic,selection,50,49.99029212,0,16,1249507303,1250007303,5514359.031372,5403753.61864579,random3_k5,5,0.17192775602500054
cleanStatic,selection,50,49.99029212,0,16,1249507303,1250007303,5514359.031372,5403753.61864579,random4_k5,5,0.14084458547341594
cleanStatic,selection,50,49.99029212,0,16,1249507303,1250007303,5514359.031372,5403753.61864579,random5_k5,5,0.3019139008501821
cleanStatic,selection,50,49.99029212,0,16,1249507303,1250007303,5514359.031372,5403753.61864579,random1_k9,9,0.030372025867753463
cleanStatic,selection,50,49.99029212,0,16,1249507303,1250007303,5514359.031372,5403753.61864579,random2_k9,9,0.1237032743616938
cleanStatic,selection,50,49.99029212,0,16,1249507303,1250007303,5514359.031372,5403753.61864579,random3_k9,9,0.1797718115077233
cleanStatic,selection,50,49.99029212,0,16,1249507303,1250007303,5514359.031372,5403753.61864579,random4_k9,9,0.3947867681231585
cleanStatic,selection,50,49.99029212,0,16,1249507303,1250007303,5514359.031372,5403753.61864579,random5_k9,9,0.2533251241549835
cleanStatic,selection,50,49.99054492,2,3,1249513623,1250013623,5511579.810744,5900267.780605601,dense_two_source_glrt,187,0.1538876705238378
cleanStatic,selection,50,49.99054492,2,3,1249513623,1250013623,5511579.810744,5900267.780605601,dense_one_source_residual,187,0.8464507923277785
cleanStatic,selection,50,49.99054492,2,3,1249513623,1250013623,5511579.810744,5900267.780605601,raw_power_only,0,5511579.810744
cleanStatic,selection,50,49.99054492,2,3,1249513623,1250013623,5511579.810744,5900267.780605601,analytic_sparse_k3,3,0.3751802599206844
cleanStatic,selection,50,49.99054492,2,3,1249513623,1250013623,5511579.810744,5900267.780605601,uniform_k3,3,0.2630927935173763
cleanStatic,selection,50,49.99054492,2,3,1249513623,1250013623,5511579.810744,5900267.780605601,shuffled_k3,3,0.27807983333250824
cleanStatic,selection,50,49.99054492,2,3,1249513623,1250013623,5511579.810744,5900267.780605601,analytic_sparse_k5,5,0.36487937609851134
cleanStatic,selection,50,49.99054492,2,3,1249513623,1250013623,5511579.810744,5900267.780605601,uniform_k5,5,0.11548754001242681
cleanStatic,selection,50,49.99054492,2,3,1249513623,1250013623,5511579.810744,5900267.780605601,shuffled_k5,5,0.26151829241615887
cleanStatic,selection,50,49.99054492,2,3,1249513623,1250013623,5511579.810744,5900267.780605601,analytic_sparse_k9,9,0.30577581993670855
cleanStatic,selection,50,49.99054492,2,3,1249513623,1250013623,5511579.810744,5900267.780605601,uniform_k9,9,0.02710194984910726
cleanStatic,selection,50,49.99054492,2,3,1249513623,1250013623,5511579.810744,5900267.780605601,shuffled_k9,9,0.45307026759655816
cleanStatic,selection,50,49.99054492,2,3,1249513623,1250013623,5511579.810744,5900267.780605601,ai_sparse_k3,3,0.5424860834058346
cleanStatic,selection,50,49.99054492,2,3,1249513623,1250013623,5511579.810744,5900267.780605601,pg_scc_k3,3,0.14896676177061605
cleanStatic,selection,50,49.99054492,2,3,1249513623,1250013623,5511579.810744,5900267.780605601,ai_sparse_k5,5,0.574108769321701
cleanStatic,selection,50,49.99054492,2,3,1249513623,1250013623,5511579.810744,5900267.780605601,pg_scc_k5,5,0.11556599105415595
cleanStatic,selection,50,49.99054492,2,3,1249513623,1250013623,5511579.810744,5900267.780605601,ai_sparse_k9,9,0.32834011795154994
cleanStatic,selection,50,49.99054492,2,3,1249513623,1250013623,5511579.810744,5900267.780605601,pg_scc_k9,9,0.14215556202403265
cleanStatic,selection,50,49.99054492,2,3,1249513623,1250013623,5511579.810744,5900267.780605601,epl3,3,1.0828714014552001
cleanStatic,selection,50,49.99054492,2,3,1249513623,1250013623,5511579.810744,5900267.780605601,fixed9,9,0.49858032244341705
cleanStatic,selection,50,49.99054492,2,3,1249513623,1250013623,5511579.810744,5900267.780605601,random1_k3,3,0.5065920956304005
cleanStatic,selection,50,49.99054492,2,3,1249513623,1250013623,5511579.810744,5900267.780605601,random2_k3,3,0.5269774639147934
cleanStatic,selection,50,49.99054492,2,3,1249513623,1250013623,5511579.810744,5900267.780605601,random3_k3,3,0.4109981944422398
cleanStatic,selection,50,49.99054492,2,3,1249513623,1250013623,5511579.810744,5900267.780605601,random4_k3,3,0.413517853881072
cleanStatic,selection,50,49.99054492,2,3,1249513623,1250013623,5511579.810744,5900267.780605601,random5_k3,3,0.12773061152294315
cleanStatic,selection,50,49.99054492,2,3,1249513623,1250013623,5511579.810744,5900267.780605601,random1_k5,5,0.5941899567708303
cleanStatic,selection,50,49.99054492,2,3,1249513623,1250013623,5511579.810744,5900267.780605601,random2_k5,5,0.2819139078993454
cleanStatic,selection,50,49.99054492,2,3,1249513623,1250013623,5511579.810744,5900267.780605601,random3_k5,5,0.5958093416151792
cleanStatic,selection,50,49.99054492,2,3,1249513623,1250013623,5511579.810744,5900267.780605601,random4_k5,5,0.6007771273061542
cleanStatic,selection,50,49.99054492,2,3,1249513623,1250013623,5511579.810744,5900267.780605601,random5_k5,5,0.48008611586687433
cleanStatic,selection,50,49.99054492,2,3,1249513623,1250013623,5511579.810744,5900267.780605601,random1_k9,9,0.6690675273455978
cleanStatic,selection,50,49.99054492,2,3,1249513623,1250013623,5511579.810744,5900267.780605601,random2_k9,9,0.1968755688735796
cleanStatic,selection,50,49.99054492,2,3,1249513623,1250013623,5511579.810744,5900267.780605601,random3_k9,9,0.5258022287277978
cleanStatic,selection,50,49.99054492,2,3,1249513623,1250013623,5511579.810744,5900267.780605601,random4_k9,9,0.26103422689312467
cleanStatic,selection,50,49.99054492,2,3,1249513623,1250013623,5511579.810744,5900267.780605601,random5_k9,9,0.19016600025711985
cleanStatic,selection,50,50.00133984,3,20,1249783496,1250283496,5508472.655366,2027876.3227228303,dense_two_source_glrt,187,0.6302500678279045
cleanStatic,selection,50,50.00133984,3,20,1249783496,1250283496,5508472.655366,2027876.3227228303,dense_one_source_residual,187,2.266470707608701
cleanStatic,selection,50,50.00133984,3,20,1249783496,1250283496,5508472.655366,2027876.3227228303,raw_power_only,0,5508472.655366
cleanStatic,selection,50,50.00133984,3,20,1249783496,1250283496,5508472.655366,2027876.3227228303,analytic_sparse_k3,3,0.40035082581494436
cleanStatic,selection,50,50.00133984,3,20,1249783496,1250283496,5508472.655366,2027876.3227228303,uniform_k3,3,0.4315960433539759
cleanStatic,selection,50,50.00133984,3,20,1249783496,1250283496,5508472.655366,2027876.3227228303,shuffled_k3,3,1.1088004900308348
cleanStatic,selection,50,50.00133984,3,20,1249783496,1250283496,5508472.655366,2027876.3227228303,analytic_sparse_k5,5,0.8927075185432628
cleanStatic,selection,50,50.00133984,3,20,1249783496,1250283496,5508472.655366,2027876.3227228303,uniform_k5,5,0.8218266167595697
cleanStatic,selection,50,50.00133984,3,20,1249783496,1250283496,5508472.655366,2027876.3227228303,shuffled_k5,5,1.4609021958852673
cleanStatic,selection,50,50.00133984,3,20,1249783496,1250283496,5508472.655366,2027876.3227228303,analytic_sparse_k9,9,1.077092707716289
cleanStatic,selection,50,50.00133984,3,20,1249783496,1250283496,5508472.655366,2027876.3227228303,uniform_k9,9,0.7625564788769196
cleanStatic,selection,50,50.00133984,3,20,1249783496,1250283496,5508472.655366,2027876.3227228303,shuffled_k9,9,0.7407525622945974
cleanStatic,selection,50,50.00133984,3,20,1249783496,1250283496,5508472.655366,2027876.3227228303,ai_sparse_k3,3,1.4571175485858827
cleanStatic,selection,50,50.00133984,3,20,1249783496,1250283496,5508472.655366,2027876.3227228303,pg_scc_k3,3,0.46374690619899916
cleanStatic,selection,50,50.00133984,3,20,1249783496,1250283496,5508472.655366,2027876.3227228303,ai_sparse_k5,5,1.091152964203396
cleanStatic,selection,50,50.00133984,3,20,1249783496,1250283496,5508472.655366,2027876.3227228303,pg_scc_k5,5,0.5243153534067464
cleanStatic,selection,50,50.00133984,3,20,1249783496,1250283496,5508472.655366,2027876.3227228303,ai_sparse_k9,9,1.9018569559237817
cleanStatic,selection,50,50.00133984,3,20,1249783496,1250283496,5508472.655366,2027876.3227228303,pg_scc_k9,9,0.2705929390711387
cleanStatic,selection,50,50.00133984,3,20,1249783496,1250283496,5508472.655366,2027876.3227228303,epl3,3,1.529681476875459
cleanStatic,selection,50,50.00133984,3,20,1249783496,1250283496,5508472.655366,2027876.3227228303,fixed9,9,1.0433771317291352
cleanStatic,selection,50,50.00133984,3,20,1249783496,1250283496,5508472.655366,2027876.3227228303,random1_k3,3,1.817582307536621
cleanStatic,selection,50,50.00133984,3,20,1249783496,1250283496,5508472.655366,2027876.3227228303,random2_k3,3,1.5229834961952227
cleanStatic,selection,50,50.00133984,3,20,1249783496,1250283496,5508472.655366,2027876.3227228303,random3_k3,3,0.44691729899387705
cleanStatic,selection,50,50.00133984,3,20,1249783496,1250283496,5508472.655366,2027876.3227228303,random4_k3,3,1.6017054906500956
cleanStatic,selection,50,50.00133984,3,20,1249783496,1250283496,5508472.655366,2027876.3227228303,random5_k3,3,3.5050604171761393
cleanStatic,selection,50,50.00133984,3,20,1249783496,1250283496,5508472.655366,2027876.3227228303,random1_k5,5,0.43539976795174995
cleanStatic,selection,50,50.00133984,3,20,1249783496,1250283496,5508472.655366,2027876.3227228303,random2_k5,5,0.4794128697312138
cleanStatic,selection,50,50.00133984,3,20,1249783496,1250283496,5508472.655366,2027876.3227228303,random3_k5,5,0.4580943112339705
cleanStatic,selection,50,50.00133984,3,20,1249783496,1250283496,5508472.655366,2027876.3227228303,random4_k5,5,0.4810140652313219
cleanStatic,selection,50,50.00133984,3,20,1249783496,1250283496,5508472.655366,2027876.3227228303,random5_k5,5,0.9376721622531408
cleanStatic,selection,50,50.00133984,3,20,1249783496,1250283496,5508472.655366,2027876.3227228303,random1_k9,9,1.0284375054891486
cleanStatic,selection,50,50.00133984,3,20,1249783496,1250283496,5508472.655366,2027876.3227228303,random2_k9,9,0.5652284423255575
cleanStatic,selection,50,50.00133984,3,20,1249783496,1250283496,5508472.655366,2027876.3227228303,random3_k9,9,1.4087580436480698
cleanStatic,selection,50,50.00133984,3,20,1249783496,1250283496,5508472.655366,2027876.3227228303,random4_k9,9,1.0121122753730154
cleanStatic,selection,50,50.00133984,3,20,1249783496,1250283496,5508472.655366,2027876.3227228303,random5_k9,9,1.3529391455733244
cleanStatic,selection,50,50.12164888,4,30,1252791222,1253291222,5506864.718534,2224903.0510116466,dense_two_source_glrt,187,0.46061624156382525
cleanStatic,selection,50,50.12164888,4,30,1252791222,1253291222,5506864.718534,2224903.0510116466,dense_one_source_residual,187,1.8256544583551888
cleanStatic,selection,50,50.12164888,4,30,1252791222,1253291222,5506864.718534,2224903.0510116466,raw_power_only,0,5506864.718534
cleanStatic,selection,50,50.12164888,4,30,1252791222,1253291222,5506864.718534,2224903.0510116466,analytic_sparse_k3,3,0.3359660262435318
cleanStatic,selection,50,50.12164888,4,30,1252791222,1253291222,5506864.718534,2224903.0510116466,uniform_k3,3,1.0279895965561374
cleanStatic,selection,50,50.12164888,4,30,1252791222,1253291222,5506864.718534,2224903.0510116466,shuffled_k3,3,0.6733987057324257
cleanStatic,selection,50,50.12164888,4,30,1252791222,1253291222,5506864.718534,2224903.0510116466,analytic_sparse_k5,5,0.42283485609887395
cleanStatic,selection,50,50.12164888,4,30,1252791222,1253291222,5506864.718534,2224903.0510116466,uniform_k5,5,0.8444646784202969
cleanStatic,selection,50,50.12164888,4,30,1252791222,1253291222,5506864.718534,2224903.0510116466,shuffled_k5,5,0.661611692484684
cleanStatic,selection,50,50.12164888,4,30,1252791222,1253291222,5506864.718534,2224903.0510116466,analytic_sparse_k9,9,0.42377278711847244
cleanStatic,selection,50,50.12164888,4,30,1252791222,1253291222,5506864.718534,2224903.0510116466,uniform_k9,9,0.29939490915943284
cleanStatic,selection,50,50.12164888,4,30,1252791222,1253291222,5506864.718534,2224903.0510116466,shuffled_k9,9,0.9769800902490174
cleanStatic,selection,50,50.12164888,4,30,1252791222,1253291222,5506864.718534,2224903.0510116466,ai_sparse_k3,3,0.3547822998877865
cleanStatic,selection,50,50.12164888,4,30,1252791222,1253291222,5506864.718534,2224903.0510116466,pg_scc_k3,3,1.3579576154685915
cleanStatic,selection,50,50.12164888,4,30,1252791222,1253291222,5506864.718534,2224903.0510116466,ai_sparse_k5,5,0.433924926744026
cleanStatic,selection,50,50.12164888,4,30,1252791222,1253291222,5506864.718534,2224903.0510116466,pg_scc_k5,5,1.2033866280452898
cleanStatic,selection,50,50.12164888,4,30,1252791222,1253291222,5506864.718534,2224903.0510116466,ai_sparse_k9,9,0.5094470952454626
cleanStatic,selection,50,50.12164888,4,30,1252791222,1253291222,5506864.718534,2224903.0510116466,pg_scc_k9,9,0.7081465413876715
cleanStatic,selection,50,50.12164888,4,30,1252791222,1253291222,5506864.718534,2224903.0510116466,epl3,3,2.455165028723111
cleanStatic,selection,50,50.12164888,4,30,1252791222,1253291222,5506864.718534,2224903.0510116466,fixed9,9,0.9525524015516097
cleanStatic,selection,50,50.12164888,4,30,1252791222,1253291222,5506864.718534,2224903.0510116466,random1_k3,3,1.2042985605725702
cleanStatic,selection,50,50.12164888,4,30,1252791222,1253291222,5506864.718534,2224903.0510116466,random2_k3,3,2.2670380645071058
cleanStatic,selection,50,50.12164888,4,30,1252791222,1253291222,5506864.718534,2224903.0510116466,random3_k3,3,1.0742374642328576
cleanStatic,selection,50,50.12164888,4,30,1252791222,1253291222,5506864.718534,2224903.0510116466,random4_k3,3,0.3691198050640823
cleanStatic,selection,50,50.12164888,4,30,1252791222,1253291222,5506864.718534,2224903.0510116466,random5_k3,3,2.6347180002496677
cleanStatic,selection,50,50.12164888,4,30,1252791222,1253291222,5506864.718534,2224903.0510116466,random1_k5,5,0.4370112385991215
cleanStatic,selection,50,50.12164888,4,30,1252791222,1253291222,5506864.718534,2224903.0510116466,random2_k5,5,1.6185705832730028
cleanStatic,selection,50,50.12164888,4,30,1252791222,1253291222,5506864.718534,2224903.0510116466,random3_k5,5,1.3058221619179897
cleanStatic,selection,50,50.12164888,4,30,1252791222,1253291222,5506864.718534,2224903.0510116466,random4_k5,5,0.5964089203082857
cleanStatic,selection,50,50.12164888,4,30,1252791222,1253291222,5506864.718534,2224903.0510116466,random5_k5,5,1.1584635190323618
cleanStatic,selection,50,50.12164888,4,30,1252791222,1253291222,5506864.718534,2224903.0510116466,random1_k9,9,0.6180799369170848
cleanStatic,selection,50,50.12164888,4,30,1252791222,1253291222,5506864.718534,2224903.0510116466,random2_k9,9,1.1799419153675303
cleanStatic,selection,50,50.12164888,4,30,1252791222,1253291222,5506864.718534,2224903.0510116466,random3_k9,9,0.41186794750071104
cleanStatic,selection,50,50.12164888,4,30,1252791222,1253291222,5506864.718534,2224903.0510116466,random4_k9,9,1.1579793952808244
cleanStatic,selection,50,50.12164888,4,30,1252791222,1253291222,5506864.718534,2224903.0510116466,random5_k9,9,0.15324637446304448
cleanStatic,selection,50,49.99065828,5,6,1249516457,1250016457,5512406.54858,4657068.747119843,dense_two_source_glrt,187,0.03912036613995379
cleanStatic,selection,50,49.99065828,5,6,1249516457,1250016457,5512406.54858,4657068.747119843,dense_one_source_residual,187,0.3463666816606923
cleanStatic,selection,50,49.99065828,5,6,1249516457,1250016457,5512406.54858,4657068.747119843,raw_power_only,0,5512406.54858
cleanStatic,selection,50,49.99065828,5,6,1249516457,1250016457,5512406.54858,4657068.747119843,analytic_sparse_k3,3,0.03549009623339128
cleanStatic,selection,50,49.99065828,5,6,1249516457,1250016457,5512406.54858,4657068.747119843,uniform_k3,3,0.39087490262641894
cleanStatic,selection,50,49.99065828,5,6,1249516457,1250016457,5512406.54858,4657068.747119843,shuffled_k3,3,0.013603797934149129
cleanStatic,selection,50,49.99065828,5,6,1249516457,1250016457,5512406.54858,4657068.747119843,analytic_sparse_k5,5,0.12014102213869897
cleanStatic,selection,50,49.99065828,5,6,1249516457,1250016457,5512406.54858,4657068.747119843,uniform_k5,5,0.2826015503780345
cleanStatic,selection,50,49.99065828,5,6,1249516457,1250016457,5512406.54858,4657068.747119843,shuffled_k5,5,0.11868663594552706
cleanStatic,selection,50,49.99065828,5,6,1249516457,1250016457,5512406.54858,4657068.747119843,analytic_sparse_k9,9,0.09315161846565206
cleanStatic,selection,50,49.99065828,5,6,1249516457,1250016457,5512406.54858,4657068.747119843,uniform_k9,9,0.10017411561756916
cleanStatic,selection,50,49.99065828,5,6,1249516457,1250016457,5512406.54858,4657068.747119843,shuffled_k9,9,0.1982109398816024
cleanStatic,selection,50,49.99065828,5,6,1249516457,1250016457,5512406.54858,4657068.747119843,ai_sparse_k3,3,0.311973716314713
cleanStatic,selection,50,49.99065828,5,6,1249516457,1250016457,5512406.54858,4657068.747119843,pg_scc_k3,3,0.28430843709751974
cleanStatic,selection,50,49.99065828,5,6,1249516457,1250016457,5512406.54858,4657068.747119843,ai_sparse_k5,5,0.4701709157961343
cleanStatic,selection,50,49.99065828,5,6,1249516457,1250016457,5512406.54858,4657068.747119843,pg_scc_k5,5,0.04213209090233696
cleanStatic,selection,50,49.99065828,5,6,1249516457,1250016457,5512406.54858,4657068.747119843,ai_sparse_k9,9,0.4071505756454472
cleanStatic,selection,50,49.99065828,5,6,1249516457,1250016457,5512406.54858,4657068.747119843,pg_scc_k9,9,0.13952980274564641
cleanStatic,selection,50,49.99065828,5,6,1249516457,1250016457,5512406.54858,4657068.747119843,epl3,3,0.25669461829895296
cleanStatic,selection,50,49.99065828,5,6,1249516457,1250016457,5512406.54858,4657068.747119843,fixed9,9,0.4205651714364797
cleanStatic,selection,50,49.99065828,5,6,1249516457,1250016457,5512406.54858,4657068.747119843,random1_k3,3,0.031355628431388415
cleanStatic,selection,50,49.99065828,5,6,1249516457,1250016457,5512406.54858,4657068.747119843,random2_k3,3,0.14625819010772653
cleanStatic,selection,50,49.99065828,5,6,1249516457,1250016457,5512406.54858,4657068.747119843,random3_k3,3,0.08256409048967521
cleanStatic,selection,50,49.99065828,5,6,1249516457,1250016457,5512406.54858,4657068.747119843,random4_k3,3,0.037972625837945494
cleanStatic,selection,50,49.99065828,5,6,1249516457,1250016457,5512406.54858,4657068.747119843,random5_k3,3,0.19770853661761031
cleanStatic,selection,50,49.99065828,5,6,1249516457,1250016457,5512406.54858,4657068.747119843,random1_k5,5,0.2529587383081259
cleanStatic,selection,50,49.99065828,5,6,1249516457,1250016457,5512406.54858,4657068.747119843,random2_k5,5,0.11532986254926433
cleanStatic,selection,50,49.99065828,5,6,1249516457,1250016457,5512406.54858,4657068.747119843,random3_k5,5,0.08639310695160977
cleanStatic,selection,50,49.99065828,5,6,1249516457,1250016457,5512406.54858,4657068.747119843,random4_k5,5,0.16663126601589978
cleanStatic,selection,50,49.99065828,5,6,1249516457,1250016457,5512406.54858,4657068.747119843,random5_k5,5,0.1188209161326669
cleanStatic,selection,50,49.99065828,5,6,1249516457,1250016457,5512406.54858,4657068.747119843,random1_k9,9,0.09039146442455206
cleanStatic,selection,50,49.99065828,5,6,1249516457,1250016457,5512406.54858,4657068.747119843,random2_k9,9,0.08217763526379646
cleanStatic,selection,50,49.99065828,5,6,1249516457,1250016457,5512406.54858,4657068.747119843,random3_k9,9,0.046291205432584165
cleanStatic,selection,50,49.99065828,5,6,1249516457,1250016457,5512406.54858,4657068.747119843,random4_k9,9,0.11710505000764046
cleanStatic,selection,50,49.99065828,5,6,1249516457,1250016457,5512406.54858,4657068.747119843,random5_k9,9,0.08027340840367803
cleanStatic,selection,50,49.99619872,6,7,1249654968,1250154968,5516828.21943,4276051.030124653,dense_two_source_glrt,187,0.08044791304292663
cleanStatic,selection,50,49.99619872,6,7,1249654968,1250154968,5516828.21943,4276051.030124653,dense_one_source_residual,187,0.8211737759633602
cleanStatic,selection,50,49.99619872,6,7,1249654968,1250154968,5516828.21943,4276051.030124653,raw_power_only,0,5516828.21943
cleanStatic,selection,50,49.99619872,6,7,1249654968,1250154968,5516828.21943,4276051.030124653,analytic_sparse_k3,3,0.0260630780857264
cleanStatic,selection,50,49.99619872,6,7,1249654968,1250154968,5516828.21943,4276051.030124653,uniform_k3,3,0.7096594414807477
cleanStatic,selection,50,49.99619872,6,7,1249654968,1250154968,5516828.21943,4276051.030124653,shuffled_k3,3,0.007108755651024822
cleanStatic,selection,50,49.99619872,6,7,1249654968,1250154968,5516828.21943,4276051.030124653,analytic_sparse_k5,5,0.132671427771585
cleanStatic,selection,50,49.99619872,6,7,1249654968,1250154968,5516828.21943,4276051.030124653,uniform_k5,5,0.5422862896962108
cleanStatic,selection,50,49.99619872,6,7,1249654968,1250154968,5516828.21943,4276051.030124653,shuffled_k5,5,0.17241277030971686
cleanStatic,selection,50,49.99619872,6,7,1249654968,1250154968,5516828.21943,4276051.030124653,analytic_sparse_k9,9,0.09085288058358652
cleanStatic,selection,50,49.99619872,6,7,1249654968,1250154968,5516828.21943,4276051.030124653,uniform_k9,9,0.16823627316290116
cleanStatic,selection,50,49.99619872,6,7,1249654968,1250154968,5516828.21943,4276051.030124653,shuffled_k9,9,0.21031958797498607
cleanStatic,selection,50,49.99619872,6,7,1249654968,1250154968,5516828.21943,4276051.030124653,ai_sparse_k3,3,0.35360657361703124
cleanStatic,selection,50,49.99619872,6,7,1249654968,1250154968,5516828.21943,4276051.030124653,pg_scc_k3,3,0.09408036300978999
cleanStatic,selection,50,49.99619872,6,7,1249654968,1250154968,5516828.21943,4276051.030124653,ai_sparse_k5,5,0.42723154627148946
cleanStatic,selection,50,49.99619872,6,7,1249654968,1250154968,5516828.21943,4276051.030124653,pg_scc_k5,5,0.022120414112303165
cleanStatic,selection,50,49.99619872,6,7,1249654968,1250154968,5516828.21943,4276051.030124653,ai_sparse_k9,9,0.15278223872089447
cleanStatic,selection,50,49.99619872,6,7,1249654968,1250154968,5516828.21943,4276051.030124653,pg_scc_k9,9,0.037685120865489315
cleanStatic,selection,50,49.99619872,6,7,1249654968,1250154968,5516828.21943,4276051.030124653,epl3,3,0.08240964457332438
cleanStatic,selection,50,49.99619872,6,7,1249654968,1250154968,5516828.21943,4276051.030124653,fixed9,9,0.1654460090096234
cleanStatic,selection,50,49.99619872,6,7,1249654968,1250154968,5516828.21943,4276051.030124653,random1_k3,3,0.3847323957412087
cleanStatic,selection,50,49.99619872,6,7,1249654968,1250154968,5516828.21943,4276051.030124653,random2_k3,3,0.22835828908408873
cleanStatic,selection,50,49.99619872,6,7,1249654968,1250154968,5516828.21943,4276051.030124653,random3_k3,3,0.34508842145511576
cleanStatic,selection,50,49.99619872,6,7,1249654968,1250154968,5516828.21943,4276051.030124653,random4_k3,3,0.4632208118224228
cleanStatic,selection,50,49.99619872,6,7,1249654968,1250154968,5516828.21943,4276051.030124653,random5_k3,3,0.061752701102793274
cleanStatic,selection,50,49.99619872,6,7,1249654968,1250154968,5516828.21943,4276051.030124653,random1_k5,5,0.34852467246159685
cleanStatic,selection,50,49.99619872,6,7,1249654968,1250154968,5516828.21943,4276051.030124653,random2_k5,5,0.5377419768738381
cleanStatic,selection,50,49.99619872,6,7,1249654968,1250154968,5516828.21943,4276051.030124653,random3_k5,5,0.3321390163813239
cleanStatic,selection,50,49.99619872,6,7,1249654968,1250154968,5516828.21943,4276051.030124653,random4_k5,5,0.34351387764622815
cleanStatic,selection,50,49.99619872,6,7,1249654968,1250154968,5516828.21943,4276051.030124653,random5_k5,5,0.23114089830286577
cleanStatic,selection,50,49.99619872,6,7,1249654968,1250154968,5516828.21943,4276051.030124653,random1_k9,9,0.3912807021847893
cleanStatic,selection,50,49.99619872,6,7,1249654968,1250154968,5516828.21943,4276051.030124653,random2_k9,9,0.11760228612007387
cleanStatic,selection,50,49.99619872,6,7,1249654968,1250154968,5516828.21943,4276051.030124653,random3_k9,9,0.16073736534320401
cleanStatic,selection,50,49.99619872,6,7,1249654968,1250154968,5516828.21943,4276051.030124653,random4_k9,9,0.2462285956586692
cleanStatic,selection,50,49.99619872,6,7,1249654968,1250154968,5516828.21943,4276051.030124653,random5_k9,9,0.6457339210659185
cleanStatic,selection,50,49.9903756,7,10,1249509390,1250009390,5513030.880270001,2141226.182373752,dense_two_source_glrt,187,0.17113311220685787
cleanStatic,selection,50,49.9903756,7,10,1249509390,1250009390,5513030.880270001,2141226.182373752,dense_one_source_residual,187,1.749164842869587
cleanStatic,selection,50,49.9903756,7,10,1249509390,1250009390,5513030.880270001,2141226.182373752,raw_power_only,0,5513030.880270001
cleanStatic,selection,50,49.9903756,7,10,1249509390,1250009390,5513030.880270001,2141226.182373752,analytic_sparse_k3,3,0.09890229276760563
cleanStatic,selection,50,49.9903756,7,10,1249509390,1250009390,5513030.880270001,2141226.182373752,uniform_k3,3,1.4704592790389341
cleanStatic,selection,50,49.9903756,7,10,1249509390,1250009390,5513030.880270001,2141226.182373752,shuffled_k3,3,0.33461055123870426
cleanStatic,selection,50,49.9903756,7,10,1249509390,1250009390,5513030.880270001,2141226.182373752,analytic_sparse_k5,5,0.32573643766030386
cleanStatic,selection,50,49.9903756,7,10,1249509390,1250009390,5513030.880270001,2141226.182373752,uniform_k5,5,0.1931142206311211
cleanStatic,selection,50,49.9903756,7,10,1249509390,1250009390,5513030.880270001,2141226.182373752,shuffled_k5,5,0.9018480124169237
cleanStatic,selection,50,49.9903756,7,10,1249509390,1250009390,5513030.880270001,2141226.182373752,analytic_sparse_k9,9,0.42010339326594154
cleanStatic,selection,50,49.9903756,7,10,1249509390,1250009390,5513030.880270001,2141226.182373752,uniform_k9,9,0.32637583024012645
cleanStatic,selection,50,49.9903756,7,10,1249509390,1250009390,5513030.880270001,2141226.182373752,shuffled_k9,9,0.522739768214553
cleanStatic,selection,50,49.9903756,7,10,1249509390,1250009390,5513030.880270001,2141226.182373752,ai_sparse_k3,3,0.40393969303135613
cleanStatic,selection,50,49.9903756,7,10,1249509390,1250009390,5513030.880270001,2141226.182373752,pg_scc_k3,3,0.1737368542448715
cleanStatic,selection,50,49.9903756,7,10,1249509390,1250009390,5513030.880270001,2141226.182373752,ai_sparse_k5,5,0.7570215431855608
cleanStatic,selection,50,49.9903756,7,10,1249509390,1250009390,5513030.880270001,2141226.182373752,pg_scc_k5,5,0.202957369180342
cleanStatic,selection,50,49.9903756,7,10,1249509390,1250009390,5513030.880270001,2141226.182373752,ai_sparse_k9,9,0.9086089257721959
cleanStatic,selection,50,49.9903756,7,10,1249509390,1250009390,5513030.880270001,2141226.182373752,pg_scc_k9,9,0.39430675016102856
cleanStatic,selection,50,49.9903756,7,10,1249509390,1250009390,5513030.880270001,2141226.182373752,epl3,3,0.5155951796628316
cleanStatic,selection,50,49.9903756,7,10,1249509390,1250009390,5513030.880270001,2141226.182373752,fixed9,9,0.17227654199745038
cleanStatic,selection,50,49.9903756,7,10,1249509390,1250009390,5513030.880270001,2141226.182373752,random1_k3,3,0.23770195209902792
cleanStatic,selection,50,49.9903756,7,10,1249509390,1250009390,5513030.880270001,2141226.182373752,random2_k3,3,1.3797083671472172
cleanStatic,selection,50,49.9903756,7,10,1249509390,1250009390,5513030.880270001,2141226.182373752,random3_k3,3,0.51754506962257
cleanStatic,selection,50,49.9903756,7,10,1249509390,1250009390,5513030.880270001,2141226.182373752,random4_k3,3,1.1982118659425403
cleanStatic,selection,50,49.9903756,7,10,1249509390,1250009390,5513030.880270001,2141226.182373752,random5_k3,3,0.5592903258501981
cleanStatic,selection,50,49.9903756,7,10,1249509390,1250009390,5513030.880270001,2141226.182373752,random1_k5,5,0.3352440722937008
cleanStatic,selection,50,49.9903756,7,10,1249509390,1250009390,5513030.880270001,2141226.182373752,random2_k5,5,1.2549567154350025
cleanStatic,selection,50,49.9903756,7,10,1249509390,1250009390,5513030.880270001,2141226.182373752,random3_k5,5,0.533171267279369
cleanStatic,selection,50,49.9903756,7,10,1249509390,1250009390,5513030.880270001,2141226.182373752,random4_k5,5,0.8546402618562434
cleanStatic,selection,50,49.9903756,7,10,1249509390,1250009390,5513030.880270001,2141226.182373752,random5_k5,5,1.5512219114289725
cleanStatic,selection,50,49.9903756,7,10,1249509390,1250009390,5513030.880270001,2141226.182373752,random1_k9,9,0.5671122896134373
cleanStatic,selection,50,49.9903756,7,10,1249509390,1250009390,5513030.880270001,2141226.182373752,random2_k9,9,0.34983639588611326
cleanStatic,selection,50,49.9903756,7,10,1249509390,1250009390,5513030.880270001,2141226.182373752,random3_k9,9,0.7673304406635975
cleanStatic,selection,50,49.9903756,7,10,1249509390,1250009390,5513030.880270001,2141226.182373752,random4_k9,9,0.8223937181013719
cleanStatic,selection,50,49.9903756,7,10,1249509390,1250009390,5513030.880270001,2141226.182373752,random5_k9,9,0.3175644369967756
cleanStatic,selection,50,49.99667536,8,13,1249666884,1250166884,5516914.125275999,6434491.4521469185,dense_two_source_glrt,187,0.19907871053361734
cleanStatic,selection,50,49.99667536,8,13,1249666884,1250166884,5516914.125275999,6434491.4521469185,dense_one_source_residual,187,0.6275637968861763
cleanStatic,selection,50,49.99667536,8,13,1249666884,1250166884,5516914.125275999,6434491.4521469185,raw_power_only,0,5516914.125275999
cleanStatic,selection,50,49.99667536,8,13,1249666884,1250166884,5516914.125275999,6434491.4521469185,analytic_sparse_k3,3,0.051079773429612986
cleanStatic,selection,50,49.99667536,8,13,1249666884,1250166884,5516914.125275999,6434491.4521469185,uniform_k3,3,0.2802567789152702
cleanStatic,selection,50,49.99667536,8,13,1249666884,1250166884,5516914.125275999,6434491.4521469185,shuffled_k3,3,0.12388778707530744
cleanStatic,selection,50,49.99667536,8,13,1249666884,1250166884,5516914.125275999,6434491.4521469185,analytic_sparse_k5,5,0.25388976183681394
cleanStatic,selection,50,49.99667536,8,13,1249666884,1250166884,5516914.125275999,6434491.4521469185,uniform_k5,5,0.16717850985326627
cleanStatic,selection,50,49.99667536,8,13,1249666884,1250166884,5516914.125275999,6434491.4521469185,shuffled_k5,5,0.2695656655411093
cleanStatic,selection,50,49.99667536,8,13,1249666884,1250166884,5516914.125275999,6434491.4521469185,analytic_sparse_k9,9,0.21251556840021138
cleanStatic,selection,50,49.99667536,8,13,1249666884,1250166884,5516914.125275999,6434491.4521469185,uniform_k9,9,0.0567861224731439
cleanStatic,selection,50,49.99667536,8,13,1249666884,1250166884,5516914.125275999,6434491.4521469185,shuffled_k9,9,0.35961995426771953
cleanStatic,selection,50,49.99667536,8,13,1249666884,1250166884,5516914.125275999,6434491.4521469185,ai_sparse_k3,3,1.0230929552400678
cleanStatic,selection,50,49.99667536,8,13,1249666884,1250166884,5516914.125275999,6434491.4521469185,pg_scc_k3,3,0.379119889524429
cleanStatic,selection,50,49.99667536,8,13,1249666884,1250166884,5516914.125275999,6434491.4521469185,ai_sparse_k5,5,0.4623674314681935
cleanStatic,selection,50,49.99667536,8,13,1249666884,1250166884,5516914.125275999,6434491.4521469185,pg_scc_k5,5,0.10038758607276091
cleanStatic,selection,50,49.99667536,8,13,1249666884,1250166884,5516914.125275999,6434491.4521469185,ai_sparse_k9,9,0.3724369424642808
cleanStatic,selection,50,49.99667536,8,13,1249666884,1250166884,5516914.125275999,6434491.4521469185,pg_scc_k9,9,0.13088438438353764
cleanStatic,selection,50,49.99667536,8,13,1249666884,1250166884,5516914.125275999,6434491.4521469185,epl3,3,0.6413746149266609
cleanStatic,selection,50,49.99667536,8,13,1249666884,1250166884,5516914.125275999,6434491.4521469185,fixed9,9,0.5438191980274385
cleanStatic,selection,50,49.99667536,8,13,1249666884,1250166884,5516914.125275999,6434491.4521469185,random1_k3,3,0.4690266073858378
cleanStatic,selection,50,49.99667536,8,13,1249666884,1250166884,5516914.125275999,6434491.4521469185,random2_k3,3,0.5939028542368033
cleanStatic,selection,50,49.99667536,8,13,1249666884,1250166884,5516914.125275999,6434491.4521469185,random3_k3,3,0.5528007474327435
cleanStatic,selection,50,49.99667536,8,13,1249666884,1250166884,5516914.125275999,6434491.4521469185,random4_k3,3,0.29549607348647866
cleanStatic,selection,50,49.99667536,8,13,1249666884,1250166884,5516914.125275999,6434491.4521469185,random5_k3,3,0.25313501820312856
cleanStatic,selection,50,49.99667536,8,13,1249666884,1250166884,5516914.125275999,6434491.4521469185,random1_k5,5,0.3433454652258141
cleanStatic,selection,50,49.99667536,8,13,1249666884,1250166884,5516914.125275999,6434491.4521469185,random2_k5,5,0.15418404580345202
cleanStatic,selection,50,49.99667536,8,13,1249666884,1250166884,5516914.125275999,6434491.4521469185,random3_k5,5,0.37284484010247787
cleanStatic,selection,50,49.99667536,8,13,1249666884,1250166884,5516914.125275999,6434491.4521469185,random4_k5,5,0.18341172700126976
cleanStatic,selection,50,49.99667536,8,13,1249666884,1250166884,5516914.125275999,6434491.4521469185,random5_k5,5,0.36289053854301134
cleanStatic,selection,50,49.99667536,8,13,1249666884,1250166884,5516914.125275999,6434491.4521469185,random1_k9,9,0.5494311146911401
cleanStatic,selection,50,49.99667536,8,13,1249666884,1250166884,5516914.125275999,6434491.4521469185,random2_k9,9,0.18038037459654394
cleanStatic,selection,50,49.99667536,8,13,1249666884,1250166884,5516914.125275999,6434491.4521469185,random3_k9,9,0.2944849633176172
cleanStatic,selection,50,49.99667536,8,13,1249666884,1250166884,5516914.125275999,6434491.4521469185,random4_k9,9,0.43367449328740126
cleanStatic,selection,50,49.99667536,8,13,1249666884,1250166884,5516914.125275999,6434491.4521469185,random5_k9,9,0.20648680603045666
cleanStatic,selection,50,49.99851216,9,19,1249712804,1250212804,5507231.259024,4521637.1129608955,dense_two_source_glrt,187,0.39334531678897283
cleanStatic,selection,50,49.99851216,9,19,1249712804,1250212804,5507231.259024,4521637.1129608955,dense_one_source_residual,187,2.524427253886582
cleanStatic,selection,50,49.99851216,9,19,1249712804,1250212804,5507231.259024,4521637.1129608955,raw_power_only,0,5507231.259024
cleanStatic,selection,50,49.99851216,9,19,1249712804,1250212804,5507231.259024,4521637.1129608955,analytic_sparse_k3,3,0.5701345166868772
cleanStatic,selection,50,49.99851216,9,19,1249712804,1250212804,5507231.259024,4521637.1129608955,uniform_k3,3,0.6579078414523404
cleanStatic,selection,50,49.99851216,9,19,1249712804,1250212804,5507231.259024,4521637.1129608955,shuffled_k3,3,0.7795466715418263
cleanStatic,selection,50,49.99851216,9,19,1249712804,1250212804,5507231.259024,4521637.1129608955,analytic_sparse_k5,5,0.6742891544436689
cleanStatic,selection,50,49.99851216,9,19,1249712804,1250212804,5507231.259024,4521637.1129608955,uniform_k5,5,0.24343703659558522
cleanStatic,selection,50,49.99851216,9,19,1249712804,1250212804,5507231.259024,4521637.1129608955,shuffled_k5,5,0.3431768854587977
cleanStatic,selection,50,49.99851216,9,19,1249712804,1250212804,5507231.259024,4521637.1129608955,analytic_sparse_k9,9,0.7673618050444679
cleanStatic,selection,50,49.99851216,9,19,1249712804,1250212804,5507231.259024,4521637.1129608955,uniform_k9,9,0.2107049812667656
cleanStatic,selection,50,49.99851216,9,19,1249712804,1250212804,5507231.259024,4521637.1129608955,shuffled_k9,9,2.175985793761656
cleanStatic,selection,50,49.99851216,9,19,1249712804,1250212804,5507231.259024,4521637.1129608955,ai_sparse_k3,3,2.876233833486433
cleanStatic,selection,50,49.99851216,9,19,1249712804,1250212804,5507231.259024,4521637.1129608955,pg_scc_k3,3,4.02761506995592
cleanStatic,selection,50,49.99851216,9,19,1249712804,1250212804,5507231.259024,4521637.1129608955,ai_sparse_k5,5,2.8241207717041354
cleanStatic,selection,50,49.99851216,9,19,1249712804,1250212804,5507231.259024,4521637.1129608955,pg_scc_k5,5,0.7241507642711127
cleanStatic,selection,50,49.99851216,9,19,1249712804,1250212804,5507231.259024,4521637.1129608955,ai_sparse_k9,9,2.62004817117194
cleanStatic,selection,50,49.99851216,9,19,1249712804,1250212804,5507231.259024,4521637.1129608955,pg_scc_k9,9,0.8259006796767537
cleanStatic,selection,50,49.99851216,9,19,1249712804,1250212804,5507231.259024,4521637.1129608955,epl3,3,3.044672530735173
cleanStatic,selection,50,49.99851216,9,19,1249712804,1250212804,5507231.259024,4521637.1129608955,fixed9,9,3.072282968982503
cleanStatic,selection,50,49.99851216,9,19,1249712804,1250212804,5507231.259024,4521637.1129608955,random1_k3,3,2.2668268987703946
cleanStatic,selection,50,49.99851216,9,19,1249712804,1250212804,5507231.259024,4521637.1129608955,random2_k3,3,0.7902922231336885
cleanStatic,selection,50,49.99851216,9,19,1249712804,1250212804,5507231.259024,4521637.1129608955,random3_k3,3,3.500684633338501
cleanStatic,selection,50,49.99851216,9,19,1249712804,1250212804,5507231.259024,4521637.1129608955,random4_k3,3,1.7777929954470784
cleanStatic,selection,50,49.99851216,9,19,1249712804,1250212804,5507231.259024,4521637.1129608955,random5_k3,3,0.32206639721238106
cleanStatic,selection,50,49.99851216,9,19,1249712804,1250212804,5507231.259024,4521637.1129608955,random1_k5,5,1.5492465588477828
cleanStatic,selection,50,49.99851216,9,19,1249712804,1250212804,5507231.259024,4521637.1129608955,random2_k5,5,0.5954295180479737
cleanStatic,selection,50,49.99851216,9,19,1249712804,1250212804,5507231.259024,4521637.1129608955,random3_k5,5,1.0903074597866647
cleanStatic,selection,50,49.99851216,9,19,1249712804,1250212804,5507231.259024,4521637.1129608955,random4_k5,5,1.371938252813589
cleanStatic,selection,50,49.99851216,9,19,1249712804,1250212804,5507231.259024,4521637.1129608955,random5_k5,5,1.0150027138300382
cleanStatic,selection,50,49.99851216,9,19,1249712804,1250212804,5507231.259024,4521637.1129608955,random1_k9,9,1.6293494578739667
cleanStatic,selection,50,49.99851216,9,19,1249712804,1250212804,5507231.259024,4521637.1129608955,random2_k9,9,0.5484716708576379
cleanStatic,selection,50,49.99851216,9,19,1249712804,1250212804,5507231.259024,4521637.1129608955,random3_k9,9,1.007056381591231
cleanStatic,selection,50,49.99851216,9,19,1249712804,1250212804,5507231.259024,4521637.1129608955,random4_k9,9,0.774308336790682
cleanStatic,selection,50,49.99851216,9,19,1249712804,1250212804,5507231.259024,4521637.1129608955,random5_k9,9,0.8934633081977109
cleanStatic,selection,50,49.99061516,10,23,1249515379,1250015379,5512043.179432,6790321.281353193,dense_two_source_glrt,187,0.10792897431511916
cleanStatic,selection,50,49.99061516,10,23,1249515379,1250015379,5512043.179432,6790321.281353193,dense_one_source_residual,187,0.48970881721979503
cleanStatic,selection,50,49.99061516,10,23,1249515379,1250015379,5512043.179432,6790321.281353193,raw_power_only,0,5512043.179432
cleanStatic,selection,50,49.99061516,10,23,1249515379,1250015379,5512043.179432,6790321.281353193,analytic_sparse_k3,3,0.40395962079859976
cleanStatic,selection,50,49.99061516,10,23,1249515379,1250015379,5512043.179432,6790321.281353193,uniform_k3,3,0.06637184920674492
cleanStatic,selection,50,49.99061516,10,23,1249515379,1250015379,5512043.179432,6790321.281353193,shuffled_k3,3,0.05491985883724293
cleanStatic,selection,50,49.99061516,10,23,1249515379,1250015379,5512043.179432,6790321.281353193,analytic_sparse_k5,5,0.22605628023547114
cleanStatic,selection,50,49.99061516,10,23,1249515379,1250015379,5512043.179432,6790321.281353193,uniform_k5,5,0.013358604592646817
cleanStatic,selection,50,49.99061516,10,23,1249515379,1250015379,5512043.179432,6790321.281353193,shuffled_k5,5,0.14967236058495018
cleanStatic,selection,50,49.99061516,10,23,1249515379,1250015379,5512043.179432,6790321.281353193,analytic_sparse_k9,9,0.2136876552564747
cleanStatic,selection,50,49.99061516,10,23,1249515379,1250015379,5512043.179432,6790321.281353193,uniform_k9,9,0.017078542099366337
cleanStatic,selection,50,49.99061516,10,23,1249515379,1250015379,5512043.179432,6790321.281353193,shuffled_k9,9,0.3649373704251655
cleanStatic,selection,50,49.99061516,10,23,1249515379,1250015379,5512043.179432,6790321.281353193,ai_sparse_k3,3,0.5851810499248412
cleanStatic,selection,50,49.99061516,10,23,1249515379,1250015379,5512043.179432,6790321.281353193,pg_scc_k3,3,0.6926128886631008
cleanStatic,selection,50,49.99061516,10,23,1249515379,1250015379,5512043.179432,6790321.281353193,ai_sparse_k5,5,0.4470757507534159
cleanStatic,selection,50,49.99061516,10,23,1249515379,1250015379,5512043.179432,6790321.281353193,pg_scc_k5,5,0.13803635992132862
cleanStatic,selection,50,49.99061516,10,23,1249515379,1250015379,5512043.179432,6790321.281353193,ai_sparse_k9,9,0.5270054190939832
cleanStatic,selection,50,49.99061516,10,23,1249515379,1250015379,5512043.179432,6790321.281353193,pg_scc_k9,9,0.1519448904916286
cleanStatic,selection,50,49.99061516,10,23,1249515379,1250015379,5512043.179432,6790321.281353193,epl3,3,0.36243552048721234
cleanStatic,selection,50,49.99061516,10,23,1249515379,1250015379,5512043.179432,6790321.281353193,fixed9,9,0.44964025252378725
cleanStatic,selection,50,49.99061516,10,23,1249515379,1250015379,5512043.179432,6790321.281353193,random1_k3,3,0.24091253740135501
cleanStatic,selection,50,49.99061516,10,23,1249515379,1250015379,5512043.179432,6790321.281353193,random2_k3,3,0.1445872000542109
cleanStatic,selection,50,49.99061516,10,23,1249515379,1250015379,5512043.179432,6790321.281353193,random3_k3,3,0.48344254735698566
cleanStatic,selection,50,49.99061516,10,23,1249515379,1250015379,5512043.179432,6790321.281353193,random4_k3,3,0.27300068042728587
cleanStatic,selection,50,49.99061516,10,23,1249515379,1250015379,5512043.179432,6790321.281353193,random5_k3,3,0.18427923145167358
cleanStatic,selection,50,49.99061516,10,23,1249515379,1250015379,5512043.179432,6790321.281353193,random1_k5,5,0.2012532251451784
cleanStatic,selection,50,49.99061516,10,23,1249515379,1250015379,5512043.179432,6790321.281353193,random2_k5,5,0.07571489857365366
cleanStatic,selection,50,49.99061516,10,23,1249515379,1250015379,5512043.179432,6790321.281353193,random3_k5,5,0.16543685350040252
cleanStatic,selection,50,49.99061516,10,23,1249515379,1250015379,5512043.179432,6790321.281353193,random4_k5,5,0.2179527333714574
cleanStatic,selection,50,49.99061516,10,23,1249515379,1250015379,5512043.179432,6790321.281353193,random5_k5,5,0.20496811523441155
cleanStatic,selection,50,49.99061516,10,23,1249515379,1250015379,5512043.179432,6790321.281353193,random1_k9,9,0.14943240186601595
cleanStatic,selection,50,49.99061516,10,23,1249515379,1250015379,5512043.179432,6790321.281353193,random2_k9,9,0.14246547892031536
cleanStatic,selection,50,49.99061516,10,23,1249515379,1250015379,5512043.179432,6790321.281353193,random3_k9,9,0.24006547925965874
cleanStatic,selection,50,49.99061516,10,23,1249515379,1250015379,5512043.179432,6790321.281353193,random4_k9,9,0.17437650423531215
cleanStatic,selection,50,49.99061516,10,23,1249515379,1250015379,5512043.179432,6790321.281353193,random5_k9,9,0.1152988463508066
cleanStatic,selection,52,52.00929572,0,16,1299982393,1300482393,5492246.892282001,5162009.420634781,dense_two_source_glrt,187,0.1371418814143122
cleanStatic,selection,52,52.00929572,0,16,1299982393,1300482393,5492246.892282001,5162009.420634781,dense_one_source_residual,187,0.7452680348960239
cleanStatic,selection,52,52.00929572,0,16,1299982393,1300482393,5492246.892282001,5162009.420634781,raw_power_only,0,5492246.892282001
cleanStatic,selection,52,52.00929572,0,16,1299982393,1300482393,5492246.892282001,5162009.420634781,analytic_sparse_k3,3,0.23358337583180955
cleanStatic,selection,52,52.00929572,0,16,1299982393,1300482393,5492246.892282001,5162009.420634781,uniform_k3,3,0.6991302976314341
cleanStatic,selection,52,52.00929572,0,16,1299982393,1300482393,5492246.892282001,5162009.420634781,shuffled_k3,3,0.251979435664412
cleanStatic,selection,52,52.00929572,0,16,1299982393,1300482393,5492246.892282001,5162009.420634781,analytic_sparse_k5,5,0.28242239333803
cleanStatic,selection,52,52.00929572,0,16,1299982393,1300482393,5492246.892282001,5162009.420634781,uniform_k5,5,0.3461437314789115
cleanStatic,selection,52,52.00929572,0,16,1299982393,1300482393,5492246.892282001,5162009.420634781,shuffled_k5,5,0.4484691478589113
cleanStatic,selection,52,52.00929572,0,16,1299982393,1300482393,5492246.892282001,5162009.420634781,analytic_sparse_k9,9,0.24419413817840846
cleanStatic,selection,52,52.00929572,0,16,1299982393,1300482393,5492246.892282001,5162009.420634781,uniform_k9,9,0.0942172467988386
cleanStatic,selection,52,52.00929572,0,16,1299982393,1300482393,5492246.892282001,5162009.420634781,shuffled_k9,9,0.49066174348340513
cleanStatic,selection,52,52.00929572,0,16,1299982393,1300482393,5492246.892282001,5162009.420634781,ai_sparse_k3,3,0.14858858331615984
cleanStatic,selection,52,52.00929572,0,16,1299982393,1300482393,5492246.892282001,5162009.420634781,pg_scc_k3,3,0.28369841409342617
cleanStatic,selection,52,52.00929572,0,16,1299982393,1300482393,5492246.892282001,5162009.420634781,ai_sparse_k5,5,0.4360367650956906
cleanStatic,selection,52,52.00929572,0,16,1299982393,1300482393,5492246.892282001,5162009.420634781,pg_scc_k5,5,0.05906888006875053
cleanStatic,selection,52,52.00929572,0,16,1299982393,1300482393,5492246.892282001,5162009.420634781,ai_sparse_k9,9,0.47623018063880973
cleanStatic,selection,52,52.00929572,0,16,1299982393,1300482393,5492246.892282001,5162009.420634781,pg_scc_k9,9,0.12011808629050785
cleanStatic,selection,52,52.00929572,0,16,1299982393,1300482393,5492246.892282001,5162009.420634781,epl3,3,0.9192661622746773
cleanStatic,selection,52,52.00929572,0,16,1299982393,1300482393,5492246.892282001,5162009.420634781,fixed9,9,0.7744760928915595
cleanStatic,selection,52,52.00929572,0,16,1299982393,1300482393,5492246.892282001,5162009.420634781,random1_k3,3,0.446464246687406
cleanStatic,selection,52,52.00929572,0,16,1299982393,1300482393,5492246.892282001,5162009.420634781,random2_k3,3,0.20344406490311606
cleanStatic,selection,52,52.00929572,0,16,1299982393,1300482393,5492246.892282001,5162009.420634781,random3_k3,3,0.48784175121371326
cleanStatic,selection,52,52.00929572,0,16,1299982393,1300482393,5492246.892282001,5162009.420634781,random4_k3,3,0.4588517553111204
cleanStatic,selection,52,52.00929572,0,16,1299982393,1300482393,5492246.892282001,5162009.420634781,random5_k3,3,0.08575730150943349
cleanStatic,selection,52,52.00929572,0,16,1299982393,1300482393,5492246.892282001,5162009.420634781,random1_k5,5,0.10776937537561904
cleanStatic,selection,52,52.00929572,0,16,1299982393,1300482393,5492246.892282001,5162009.420634781,random2_k5,5,0.20118987042223696
cleanStatic,selection,52,52.00929572,0,16,1299982393,1300482393,5492246.892282001,5162009.420634781,random3_k5,5,0.3469974295983107
cleanStatic,selection,52,52.00929572,0,16,1299982393,1300482393,5492246.892282001,5162009.420634781,random4_k5,5,0.6558793884905814
cleanStatic,selection,52,52.00929572,0,16,1299982393,1300482393,5492246.892282001,5162009.420634781,random5_k5,5,0.10692992326289619
cleanStatic,selection,52,52.00929572,0,16,1299982393,1300482393,5492246.892282001,5162009.420634781,random1_k9,9,0.22354115672246225
cleanStatic,selection,52,52.00929572,0,16,1299982393,1300482393,5492246.892282001,5162009.420634781,random2_k9,9,0.2032911615523848
cleanStatic,selection,52,52.00929572,0,16,1299982393,1300482393,5492246.892282001,5162009.420634781,random3_k9,9,0.16880139551117385
cleanStatic,selection,52,52.00929572,0,16,1299982393,1300482393,5492246.892282001,5162009.420634781,random4_k9,9,0.5147231900316842
cleanStatic,selection,52,52.00929572,0,16,1299982393,1300482393,5492246.892282001,5162009.420634781,random5_k9,9,0.41027707740441755
cleanStatic,selection,52,51.99054396,2,3,1299513599,1300013599,5505521.199822,5755135.192643438,dense_two_source_glrt,187,0.09080554839127779
cleanStatic,selection,52,51.99054396,2,3,1299513599,1300013599,5505521.199822,5755135.192643438,dense_one_source_residual,187,0.36851436228060536
cleanStatic,selection,52,51.99054396,2,3,1299513599,1300013599,5505521.199822,5755135.192643438,raw_power_only,0,5505521.199822
cleanStatic,selection,52,51.99054396,2,3,1299513599,1300013599,5505521.199822,5755135.192643438,analytic_sparse_k3,3,0.266737809643557
cleanStatic,selection,52,51.99054396,2,3,1299513599,1300013599,5505521.199822,5755135.192643438,uniform_k3,3,0.3373518069137316
cleanStatic,selection,52,51.99054396,2,3,1299513599,1300013599,5505521.199822,5755135.192643438,shuffled_k3,3,0.24652076369140208
cleanStatic,selection,52,51.99054396,2,3,1299513599,1300013599,5505521.199822,5755135.192643438,analytic_sparse_k5,5,0.32861388049976725
cleanStatic,selection,52,51.99054396,2,3,1299513599,1300013599,5505521.199822,5755135.192643438,uniform_k5,5,0.38974717725461294
cleanStatic,selection,52,51.99054396,2,3,1299513599,1300013599,5505521.199822,5755135.192643438,shuffled_k5,5,0.1621915732538611
cleanStatic,selection,52,51.99054396,2,3,1299513599,1300013599,5505521.199822,5755135.192643438,analytic_sparse_k9,9,0.23612402133063456
cleanStatic,selection,52,51.99054396,2,3,1299513599,1300013599,5505521.199822,5755135.192643438,uniform_k9,9,0.06669575941065704
cleanStatic,selection,52,51.99054396,2,3,1299513599,1300013599,5505521.199822,5755135.192643438,shuffled_k9,9,0.037663519840481836
cleanStatic,selection,52,51.99054396,2,3,1299513599,1300013599,5505521.199822,5755135.192643438,ai_sparse_k3,3,0.0408533028009449
cleanStatic,selection,52,51.99054396,2,3,1299513599,1300013599,5505521.199822,5755135.192643438,pg_scc_k3,3,0.0209113532243375
cleanStatic,selection,52,51.99054396,2,3,1299513599,1300013599,5505521.199822,5755135.192643438,ai_sparse_k5,5,0.027920193839421736
cleanStatic,selection,52,51.99054396,2,3,1299513599,1300013599,5505521.199822,5755135.192643438,pg_scc_k5,5,0.03677253851157316
cleanStatic,selection,52,51.99054396,2,3,1299513599,1300013599,5505521.199822,5755135.192643438,ai_sparse_k9,9,0.02414064144005329
cleanStatic,selection,52,51.99054396,2,3,1299513599,1300013599,5505521.199822,5755135.192643438,pg_scc_k9,9,0.01157899741893504
cleanStatic,selection,52,51.99054396,2,3,1299513599,1300013599,5505521.199822,5755135.192643438,epl3,3,0.12694818880598788
cleanStatic,selection,52,51.99054396,2,3,1299513599,1300013599,5505521.199822,5755135.192643438,fixed9,9,0.050535330663038315
cleanStatic,selection,52,51.99054396,2,3,1299513599,1300013599,5505521.199822,5755135.192643438,random1_k3,3,0.2973375772602795
cleanStatic,selection,52,51.99054396,2,3,1299513599,1300013599,5505521.199822,5755135.192643438,random2_k3,3,0.3839301914197722
cleanStatic,selection,52,51.99054396,2,3,1299513599,1300013599,5505521.199822,5755135.192643438,random3_k3,3,0.11878560957753063
cleanStatic,selection,52,51.99054396,2,3,1299513599,1300013599,5505521.199822,5755135.192643438,random4_k3,3,0.3392283363530173
cleanStatic,selection,52,51.99054396,2,3,1299513599,1300013599,5505521.199822,5755135.192643438,random5_k3,3,0.27446371927585517
cleanStatic,selection,52,51.99054396,2,3,1299513599,1300013599,5505521.199822,5755135.192643438,random1_k5,5,0.09237826266506324
cleanStatic,selection,52,51.99054396,2,3,1299513599,1300013599,5505521.199822,5755135.192643438,random2_k5,5,0.10488527462721123
cleanStatic,selection,52,51.99054396,2,3,1299513599,1300013599,5505521.199822,5755135.192643438,random3_k5,5,0.14099443138939835
cleanStatic,selection,52,51.99054396,2,3,1299513599,1300013599,5505521.199822,5755135.192643438,random4_k5,5,0.15899611601301944
cleanStatic,selection,52,51.99054396,2,3,1299513599,1300013599,5505521.199822,5755135.192643438,random5_k5,5,0.12966934447604517
cleanStatic,selection,52,51.99054396,2,3,1299513599,1300013599,5505521.199822,5755135.192643438,random1_k9,9,0.13042581329919278
cleanStatic,selection,52,51.99054396,2,3,1299513599,1300013599,5505521.199822,5755135.192643438,random2_k9,9,0.18411647976215775
cleanStatic,selection,52,51.99054396,2,3,1299513599,1300013599,5505521.199822,5755135.192643438,random3_k9,9,0.11257146845342346
cleanStatic,selection,52,51.99054396,2,3,1299513599,1300013599,5505521.199822,5755135.192643438,random4_k9,9,0.0919275171424606
cleanStatic,selection,52,51.99054396,2,3,1299513599,1300013599,5505521.199822,5755135.192643438,random5_k9,9,0.13126337642370203
cleanStatic,selection,52,51.9963436,3,20,1299658590,1300158590,5503123.269181999,2036719.1261381987,dense_two_source_glrt,187,0.2790993954921452
cleanStatic,selection,52,51.9963436,3,20,1299658590,1300158590,5503123.269181999,2036719.1261381987,dense_one_source_residual,187,1.2659069081686873
cleanStatic,selection,52,51.9963436,3,20,1299658590,1300158590,5503123.269181999,2036719.1261381987,raw_power_only,0,5503123.269181999
cleanStatic,selection,52,51.9963436,3,20,1299658590,1300158590,5503123.269181999,2036719.1261381987,analytic_sparse_k3,3,0.5467187912199042
cleanStatic,selection,52,51.9963436,3,20,1299658590,1300158590,5503123.269181999,2036719.1261381987,uniform_k3,3,1.344247397367656
cleanStatic,selection,52,51.9963436,3,20,1299658590,1300158590,5503123.269181999,2036719.1261381987,shuffled_k3,3,2.618421936577101
cleanStatic,selection,52,51.9963436,3,20,1299658590,1300158590,5503123.269181999,2036719.1261381987,analytic_sparse_k5,5,0.3487901800805327
cleanStatic,selection,52,51.9963436,3,20,1299658590,1300158590,5503123.269181999,2036719.1261381987,uniform_k5,5,1.0051700307830358
cleanStatic,selection,52,51.9963436,3,20,1299658590,1300158590,5503123.269181999,2036719.1261381987,shuffled_k5,5,0.2696912996908449
cleanStatic,selection,52,51.9963436,3,20,1299658590,1300158590,5503123.269181999,2036719.1261381987,analytic_sparse_k9,9,0.37796124708896106
cleanStatic,selection,52,51.9963436,3,20,1299658590,1300158590,5503123.269181999,2036719.1261381987,uniform_k9,9,0.6019949318916639
cleanStatic,selection,52,51.9963436,3,20,1299658590,1300158590,5503123.269181999,2036719.1261381987,shuffled_k9,9,0.7841610298313935
cleanStatic,selection,52,51.9963436,3,20,1299658590,1300158590,5503123.269181999,2036719.1261381987,ai_sparse_k3,3,1.1660064801968446
cleanStatic,selection,52,51.9963436,3,20,1299658590,1300158590,5503123.269181999,2036719.1261381987,pg_scc_k3,3,1.486136385242445
cleanStatic,selection,52,51.9963436,3,20,1299658590,1300158590,5503123.269181999,2036719.1261381987,ai_sparse_k5,5,0.7745465003029591
cleanStatic,selection,52,51.9963436,3,20,1299658590,1300158590,5503123.269181999,2036719.1261381987,pg_scc_k5,5,0.40776594880625955
cleanStatic,selection,52,51.9963436,3,20,1299658590,1300158590,5503123.269181999,2036719.1261381987,ai_sparse_k9,9,0.21077361911890236
cleanStatic,selection,52,51.9963436,3,20,1299658590,1300158590,5503123.269181999,2036719.1261381987,pg_scc_k9,9,0.3681539865689642
cleanStatic,selection,52,51.9963436,3,20,1299658590,1300158590,5503123.269181999,2036719.1261381987,epl3,3,0.36517465174206404
cleanStatic,selection,52,51.9963436,3,20,1299658590,1300158590,5503123.269181999,2036719.1261381987,fixed9,9,0.25821941349004046
cleanStatic,selection,52,51.9963436,3,20,1299658590,1300158590,5503123.269181999,2036719.1261381987,random1_k3,3,0.6266717055303647
cleanStatic,selection,52,51.9963436,3,20,1299658590,1300158590,5503123.269181999,2036719.1261381987,random2_k3,3,0.41824418552600195
cleanStatic,selection,52,51.9963436,3,20,1299658590,1300158590,5503123.269181999,2036719.1261381987,random3_k3,3,0.47411790005063836
cleanStatic,selection,52,51.9963436,3,20,1299658590,1300158590,5503123.269181999,2036719.1261381987,random4_k3,3,0.7715892421198443
cleanStatic,selection,52,51.9963436,3,20,1299658590,1300158590,5503123.269181999,2036719.1261381987,random5_k3,3,0.16225917578888885
cleanStatic,selection,52,51.9963436,3,20,1299658590,1300158590,5503123.269181999,2036719.1261381987,random1_k5,5,0.32917063422269294
cleanStatic,selection,52,51.9963436,3,20,1299658590,1300158590,5503123.269181999,2036719.1261381987,random2_k5,5,0.3781610831323559
cleanStatic,selection,52,51.9963436,3,20,1299658590,1300158590,5503123.269181999,2036719.1261381987,random3_k5,5,0.17806977394144863
cleanStatic,selection,52,51.9963436,3,20,1299658590,1300158590,5503123.269181999,2036719.1261381987,random4_k5,5,0.3950816044969522
cleanStatic,selection,52,51.9963436,3,20,1299658590,1300158590,5503123.269181999,2036719.1261381987,random5_k5,5,0.5566171733777835
cleanStatic,selection,52,51.9963436,3,20,1299658590,1300158590,5503123.269181999,2036719.1261381987,random1_k9,9,0.118149956983717
cleanStatic,selection,52,51.9963436,3,20,1299658590,1300158590,5503123.269181999,2036719.1261381987,random2_k9,9,0.12011379489670373
cleanStatic,selection,52,51.9963436,3,20,1299658590,1300158590,5503123.269181999,2036719.1261381987,random3_k9,9,0.21300862440862664
cleanStatic,selection,52,51.9963436,3,20,1299658590,1300158590,5503123.269181999,2036719.1261381987,random4_k9,9,0.15453189055296518
cleanStatic,selection,52,51.9963436,3,20,1299658590,1300158590,5503123.269181999,2036719.1261381987,random5_k9,9,0.3787879814505831
cleanStatic,selection,52,52.11665308,4,30,1302666327,1303166327,5540323.086002,2177489.698489538,dense_two_source_glrt,187,0.617571597663442
cleanStatic,selection,52,52.11665308,4,30,1302666327,1303166327,5540323.086002,2177489.698489538,dense_one_source_residual,187,3.2159039528882376
cleanStatic,selection,52,52.11665308,4,30,1302666327,1303166327,5540323.086002,2177489.698489538,raw_power_only,0,5540323.086002
cleanStatic,selection,52,52.11665308,4,30,1302666327,1303166327,5540323.086002,2177489.698489538,analytic_sparse_k3,3,0.829737564714016
cleanStatic,selection,52,52.11665308,4,30,1302666327,1303166327,5540323.086002,2177489.698489538,uniform_k3,3,1.7498381452002236
cleanStatic,selection,52,52.11665308,4,30,1302666327,1303166327,5540323.086002,2177489.698489538,shuffled_k3,3,1.6709627190733738
cleanStatic,selection,52,52.11665308,4,30,1302666327,1303166327,5540323.086002,2177489.698489538,analytic_sparse_k5,5,1.3323530448961847
cleanStatic,selection,52,52.11665308,4,30,1302666327,1303166327,5540323.086002,2177489.698489538,uniform_k5,5,0.3625789478848329
cleanStatic,selection,52,52.11665308,4,30,1302666327,1303166327,5540323.086002,2177489.698489538,shuffled_k5,5,3.985518743567384
cleanStatic,selection,52,52.11665308,4,30,1302666327,1303166327,5540323.086002,2177489.698489538,analytic_sparse_k9,9,1.5546281807067857
cleanStatic,selection,52,52.11665308,4,30,1302666327,1303166327,5540323.086002,2177489.698489538,uniform_k9,9,0.15951401294711054
cleanStatic,selection,52,52.11665308,4,30,1302666327,1303166327,5540323.086002,2177489.698489538,shuffled_k9,9,0.9080639800727387
cleanStatic,selection,52,52.11665308,4,30,1302666327,1303166327,5540323.086002,2177489.698489538,ai_sparse_k3,3,1.2035250398001414
cleanStatic,selection,52,52.11665308,4,30,1302666327,1303166327,5540323.086002,2177489.698489538,pg_scc_k3,3,1.8360725770588404
cleanStatic,selection,52,52.11665308,4,30,1302666327,1303166327,5540323.086002,2177489.698489538,ai_sparse_k5,5,1.2329429304478037
cleanStatic,selection,52,52.11665308,4,30,1302666327,1303166327,5540323.086002,2177489.698489538,pg_scc_k5,5,1.097019074187862
cleanStatic,selection,52,52.11665308,4,30,1302666327,1303166327,5540323.086002,2177489.698489538,ai_sparse_k9,9,1.3132484787280734
cleanStatic,selection,52,52.11665308,4,30,1302666327,1303166327,5540323.086002,2177489.698489538,pg_scc_k9,9,1.5139176989978425
cleanStatic,selection,52,52.11665308,4,30,1302666327,1303166327,5540323.086002,2177489.698489538,epl3,3,2.0599357443153683
cleanStatic,selection,52,52.11665308,4,30,1302666327,1303166327,5540323.086002,2177489.698489538,fixed9,9,1.6535075936242802
cleanStatic,selection,52,52.11665308,4,30,1302666327,1303166327,5540323.086002,2177489.698489538,random1_k3,3,1.2911768613480579
cleanStatic,selection,52,52.11665308,4,30,1302666327,1303166327,5540323.086002,2177489.698489538,random2_k3,3,1.8654725532606022
cleanStatic,selection,52,52.11665308,4,30,1302666327,1303166327,5540323.086002,2177489.698489538,random3_k3,3,3.4928861593340117
cleanStatic,selection,52,52.11665308,4,30,1302666327,1303166327,5540323.086002,2177489.698489538,random4_k3,3,2.4111635497985473
cleanStatic,selection,52,52.11665308,4,30,1302666327,1303166327,5540323.086002,2177489.698489538,random5_k3,3,2.291734242286865
cleanStatic,selection,52,52.11665308,4,30,1302666327,1303166327,5540323.086002,2177489.698489538,random1_k5,5,0.8375279358790865
cleanStatic,selection,52,52.11665308,4,30,1302666327,1303166327,5540323.086002,2177489.698489538,random2_k5,5,2.680591384136244
cleanStatic,selection,52,52.11665308,4,30,1302666327,1303166327,5540323.086002,2177489.698489538,random3_k5,5,1.60973316799559
cleanStatic,selection,52,52.11665308,4,30,1302666327,1303166327,5540323.086002,2177489.698489538,random4_k5,5,1.2960036342513561
cleanStatic,selection,52,52.11665308,4,30,1302666327,1303166327,5540323.086002,2177489.698489538,random5_k5,5,0.8329469556185133
cleanStatic,selection,52,52.11665308,4,30,1302666327,1303166327,5540323.086002,2177489.698489538,random1_k9,9,1.0236900038510777
cleanStatic,selection,52,52.11665308,4,30,1302666327,1303166327,5540323.086002,2177489.698489538,random2_k9,9,1.0669173931725529
cleanStatic,selection,52,52.11665308,4,30,1302666327,1303166327,5540323.086002,2177489.698489538,random3_k9,9,0.37782142856992196
cleanStatic,selection,52,52.11665308,4,30,1302666327,1303166327,5540323.086002,2177489.698489538,random4_k9,9,0.25266803061362825
cleanStatic,selection,52,52.11665308,4,30,1302666327,1303166327,5540323.086002,2177489.698489538,random5_k9,9,0.34723810370271874
cleanStatic,selection,52,51.99065896,5,6,1299516474,1300016474,5505268.438592,4688870.238563951,dense_two_source_glrt,187,0.17017505766712274
cleanStatic,selection,52,51.99065896,5,6,1299516474,1300016474,5505268.438592,4688870.238563951,dense_one_source_residual,187,0.7201193086431491
cleanStatic,selection,52,51.99065896,5,6,1299516474,1300016474,5505268.438592,4688870.238563951,raw_power_only,0,5505268.438592
cleanStatic,selection,52,51.99065896,5,6,1299516474,1300016474,5505268.438592,4688870.238563951,analytic_sparse_k3,3,0.29103985611392424
cleanStatic,selection,52,51.99065896,5,6,1299516474,1300016474,5505268.438592,4688870.238563951,uniform_k3,3,0.20051353166827224
cleanStatic,selection,52,51.99065896,5,6,1299516474,1300016474,5505268.438592,4688870.238563951,shuffled_k3,3,0.28169000622372514
cleanStatic,selection,52,51.99065896,5,6,1299516474,1300016474,5505268.438592,4688870.238563951,analytic_sparse_k5,5,0.2455907766802444
cleanStatic,selection,52,51.99065896,5,6,1299516474,1300016474,5505268.438592,4688870.238563951,uniform_k5,5,0.059931955101205234
cleanStatic,selection,52,51.99065896,5,6,1299516474,1300016474,5505268.438592,4688870.238563951,shuffled_k5,5,0.2610434160187974
cleanStatic,selection,52,51.99065896,5,6,1299516474,1300016474,5505268.438592,4688870.238563951,analytic_sparse_k9,9,0.20461810110635353
cleanStatic,selection,52,51.99065896,5,6,1299516474,1300016474,5505268.438592,4688870.238563951,uniform_k9,9,0.026882978578273597
cleanStatic,selection,52,51.99065896,5,6,1299516474,1300016474,5505268.438592,4688870.238563951,shuffled_k9,9,0.5269138544990841
cleanStatic,selection,52,51.99065896,5,6,1299516474,1300016474,5505268.438592,4688870.238563951,ai_sparse_k3,3,0.3307527648650909
cleanStatic,selection,52,51.99065896,5,6,1299516474,1300016474,5505268.438592,4688870.238563951,pg_scc_k3,3,0.44115696070084204
cleanStatic,selection,52,51.99065896,5,6,1299516474,1300016474,5505268.438592,4688870.238563951,ai_sparse_k5,5,0.6212604277948712
cleanStatic,selection,52,51.99065896,5,6,1299516474,1300016474,5505268.438592,4688870.238563951,pg_scc_k5,5,0.3722949275280733
cleanStatic,selection,52,51.99065896,5,6,1299516474,1300016474,5505268.438592,4688870.238563951,ai_sparse_k9,9,0.6512524167420255
cleanStatic,selection,52,51.99065896,5,6,1299516474,1300016474,5505268.438592,4688870.238563951,pg_scc_k9,9,0.41673028109808935
cleanStatic,selection,52,51.99065896,5,6,1299516474,1300016474,5505268.438592,4688870.238563951,epl3,3,0.7713189919583648
cleanStatic,selection,52,51.99065896,5,6,1299516474,1300016474,5505268.438592,4688870.238563951,fixed9,9,0.9097306281950532
cleanStatic,selection,52,51.99065896,5,6,1299516474,1300016474,5505268.438592,4688870.238563951,random1_k3,3,0.2819711686853282
cleanStatic,selection,52,51.99065896,5,6,1299516474,1300016474,5505268.438592,4688870.238563951,random2_k3,3,0.3539354937290417
cleanStatic,selection,52,51.99065896,5,6,1299516474,1300016474,5505268.438592,4688870.238563951,random3_k3,3,0.3031333979718336
cleanStatic,selection,52,51.99065896,5,6,1299516474,1300016474,5505268.438592,4688870.238563951,random4_k3,3,0.2615865530283695
cleanStatic,selection,52,51.99065896,5,6,1299516474,1300016474,5505268.438592,4688870.238563951,random5_k3,3,0.311209362655111
cleanStatic,selection,52,51.99065896,5,6,1299516474,1300016474,5505268.438592,4688870.238563951,random1_k5,5,0.31967307090078606
cleanStatic,selection,52,51.99065896,5,6,1299516474,1300016474,5505268.438592,4688870.238563951,random2_k5,5,0.15620218947630357
cleanStatic,selection,52,51.99065896,5,6,1299516474,1300016474,5505268.438592,4688870.238563951,random3_k5,5,0.6603758243850728
cleanStatic,selection,52,51.99065896,5,6,1299516474,1300016474,5505268.438592,4688870.238563951,random4_k5,5,0.2571395805319169
cleanStatic,selection,52,51.99065896,5,6,1299516474,1300016474,5505268.438592,4688870.238563951,random5_k5,5,0.20963298312899142
cleanStatic,selection,52,51.99065896,5,6,1299516474,1300016474,5505268.438592,4688870.238563951,random1_k9,9,0.4889603533624746
cleanStatic,selection,52,51.99065896,5,6,1299516474,1300016474,5505268.438592,4688870.238563951,random2_k9,9,0.15613489760468843
cleanStatic,selection,52,51.99065896,5,6,1299516474,1300016474,5505268.438592,4688870.238563951,random3_k9,9,0.29096979423273595
cleanStatic,selection,52,51.99065896,5,6,1299516474,1300016474,5505268.438592,4688870.238563951,random4_k9,9,0.130025523945978
cleanStatic,selection,52,51.99065896,5,6,1299516474,1300016474,5505268.438592,4688870.238563951,random5_k9,9,0.22439197254690033
cleanStatic,selection,52,51.99619636,6,7,1299654909,1300154909,5504020.303862,4172018.8408558606,dense_two_source_glrt,187,0.2657146104179185
cleanStatic,selection,52,51.99619636,6,7,1299654909,1300154909,5504020.303862,4172018.8408558606,dense_one_source_residual,187,1.1269145782810157
cleanStatic,selection,52,51.99619636,6,7,1299654909,1300154909,5504020.303862,4172018.8408558606,raw_power_only,0,5504020.303862
cleanStatic,selection,52,51.99619636,6,7,1299654909,1300154909,5504020.303862,4172018.8408558606,analytic_sparse_k3,3,0.7234607183705232
cleanStatic,selection,52,51.99619636,6,7,1299654909,1300154909,5504020.303862,4172018.8408558606,uniform_k3,3,1.2043653337123812
cleanStatic,selection,52,51.99619636,6,7,1299654909,1300154909,5504020.303862,4172018.8408558606,shuffled_k3,3,0.7969943617330845
cleanStatic,selection,52,51.99619636,6,7,1299654909,1300154909,5504020.303862,4172018.8408558606,analytic_sparse_k5,5,0.4884215432645858
cleanStatic,selection,52,51.99619636,6,7,1299654909,1300154909,5504020.303862,4172018.8408558606,uniform_k5,5,1.2176651658715667
cleanStatic,selection,52,51.99619636,6,7,1299654909,1300154909,5504020.303862,4172018.8408558606,shuffled_k5,5,0.4371055602003402
cleanStatic,selection,52,51.99619636,6,7,1299654909,1300154909,5504020.303862,4172018.8408558606,analytic_sparse_k9,9,0.28581031900556075
cleanStatic,selection,52,51.99619636,6,7,1299654909,1300154909,5504020.303862,4172018.8408558606,uniform_k9,9,0.32681148650135683
cleanStatic,selection,52,51.99619636,6,7,1299654909,1300154909,5504020.303862,4172018.8408558606,shuffled_k9,9,0.11449049207391088
cleanStatic,selection,52,51.99619636,6,7,1299654909,1300154909,5504020.303862,4172018.8408558606,ai_sparse_k3,3,0.4057484328661292
cleanStatic,selection,52,51.99619636,6,7,1299654909,1300154909,5504020.303862,4172018.8408558606,pg_scc_k3,3,0.0483864642947045
cleanStatic,selection,52,51.99619636,6,7,1299654909,1300154909,5504020.303862,4172018.8408558606,ai_sparse_k5,5,0.45598122948149555
cleanStatic,selection,52,51.99619636,6,7,1299654909,1300154909,5504020.303862,4172018.8408558606,pg_scc_k5,5,0.1278750282270583
cleanStatic,selection,52,51.99619636,6,7,1299654909,1300154909,5504020.303862,4172018.8408558606,ai_sparse_k9,9,0.33880549801500087
cleanStatic,selection,52,51.99619636,6,7,1299654909,1300154909,5504020.303862,4172018.8408558606,pg_scc_k9,9,0.11088481159704876
cleanStatic,selection,52,51.99619636,6,7,1299654909,1300154909,5504020.303862,4172018.8408558606,epl3,3,0.26583973910526
cleanStatic,selection,52,51.99619636,6,7,1299654909,1300154909,5504020.303862,4172018.8408558606,fixed9,9,0.12502381304470947
cleanStatic,selection,52,51.99619636,6,7,1299654909,1300154909,5504020.303862,4172018.8408558606,random1_k3,3,0.7773727511573919
cleanStatic,selection,52,51.99619636,6,7,1299654909,1300154909,5504020.303862,4172018.8408558606,random2_k3,3,0.5321009836936075
cleanStatic,selection,52,51.99619636,6,7,1299654909,1300154909,5504020.303862,4172018.8408558606,random3_k3,3,0.24367751304961183
cleanStatic,selection,52,51.99619636,6,7,1299654909,1300154909,5504020.303862,4172018.8408558606,random4_k3,3,0.7045374745142379
cleanStatic,selection,52,51.99619636,6,7,1299654909,1300154909,5504020.303862,4172018.8408558606,random5_k3,3,0.34983053823902166
cleanStatic,selection,52,51.99619636,6,7,1299654909,1300154909,5504020.303862,4172018.8408558606,random1_k5,5,0.9879265387782926
cleanStatic,selection,52,51.99619636,6,7,1299654909,1300154909,5504020.303862,4172018.8408558606,random2_k5,5,0.3703605123543451
cleanStatic,selection,52,51.99619636,6,7,1299654909,1300154909,5504020.303862,4172018.8408558606,random3_k5,5,0.19688854624681232
cleanStatic,selection,52,51.99619636,6,7,1299654909,1300154909,5504020.303862,4172018.8408558606,random4_k5,5,0.7420885977831972
cleanStatic,selection,52,51.99619636,6,7,1299654909,1300154909,5504020.303862,4172018.8408558606,random5_k5,5,0.208507692105821
cleanStatic,selection,52,51.99619636,6,7,1299654909,1300154909,5504020.303862,4172018.8408558606,random1_k9,9,0.6307195765764131
cleanStatic,selection,52,51.99619636,6,7,1299654909,1300154909,5504020.303862,4172018.8408558606,random2_k9,9,0.3704745477420894
cleanStatic,selection,52,51.99619636,6,7,1299654909,1300154909,5504020.303862,4172018.8408558606,random3_k9,9,0.14064985008439526
cleanStatic,selection,52,51.99619636,6,7,1299654909,1300154909,5504020.303862,4172018.8408558606,random4_k9,9,0.2611839702193702
cleanStatic,selection,52,51.99619636,6,7,1299654909,1300154909,5504020.303862,4172018.8408558606,random5_k9,9,0.4077456046485913
cleanStatic,selection,52,51.9903748,7,10,1299509370,1300009370,5505893.17783,2134421.08614914,dense_two_source_glrt,187,0.4426344579536421
cleanStatic,selection,52,51.9903748,7,10,1299509370,1300009370,5505893.17783,2134421.08614914,dense_one_source_residual,187,1.4894477535025648
cleanStatic,selection,52,51.9903748,7,10,1299509370,1300009370,5505893.17783,2134421.08614914,raw_power_only,0,5505893.17783
cleanStatic,selection,52,51.9903748,7,10,1299509370,1300009370,5505893.17783,2134421.08614914,analytic_sparse_k3,3,0.16827034762335083
cleanStatic,selection,52,51.9903748,7,10,1299509370,1300009370,5505893.17783,2134421.08614914,uniform_k3,3,1.4010577833609608
cleanStatic,selection,52,51.9903748,7,10,1299509370,1300009370,5505893.17783,2134421.08614914,shuffled_k3,3,0.7415929033830068
cleanStatic,selection,52,51.9903748,7,10,1299509370,1300009370,5505893.17783,2134421.08614914,analytic_sparse_k5,5,0.549066695624233
cleanStatic,selection,52,51.9903748,7,10,1299509370,1300009370,5505893.17783,2134421.08614914,uniform_k5,5,0.7423680645125785
cleanStatic,selection,52,51.9903748,7,10,1299509370,1300009370,5505893.17783,2134421.08614914,shuffled_k5,5,0.2974589778365685
cleanStatic,selection,52,51.9903748,7,10,1299509370,1300009370,5505893.17783,2134421.08614914,analytic_sparse_k9,9,1.3141923796727004
cleanStatic,selection,52,51.9903748,7,10,1299509370,1300009370,5505893.17783,2134421.08614914,uniform_k9,9,0.32120652331444194
cleanStatic,selection,52,51.9903748,7,10,1299509370,1300009370,5505893.17783,2134421.08614914,shuffled_k9,9,0.8917339306403177
cleanStatic,selection,52,51.9903748,7,10,1299509370,1300009370,5505893.17783,2134421.08614914,ai_sparse_k3,3,1.0899985098339695
cleanStatic,selection,52,51.9903748,7,10,1299509370,1300009370,5505893.17783,2134421.08614914,pg_scc_k3,3,3.2089102124346724
cleanStatic,selection,52,51.9903748,7,10,1299509370,1300009370,5505893.17783,2134421.08614914,ai_sparse_k5,5,1.106332641083418
cleanStatic,selection,52,51.9903748,7,10,1299509370,1300009370,5505893.17783,2134421.08614914,pg_scc_k5,5,1.4912216955332582
cleanStatic,selection,52,51.9903748,7,10,1299509370,1300009370,5505893.17783,2134421.08614914,ai_sparse_k9,9,0.971078355031055
cleanStatic,selection,52,51.9903748,7,10,1299509370,1300009370,5505893.17783,2134421.08614914,pg_scc_k9,9,1.4930616813752204
cleanStatic,selection,52,51.9903748,7,10,1299509370,1300009370,5505893.17783,2134421.08614914,epl3,3,1.0035036985285244
cleanStatic,selection,52,51.9903748,7,10,1299509370,1300009370,5505893.17783,2134421.08614914,fixed9,9,0.418670267752587
cleanStatic,selection,52,51.9903748,7,10,1299509370,1300009370,5505893.17783,2134421.08614914,random1_k3,3,1.642712470917169
cleanStatic,selection,52,51.9903748,7,10,1299509370,1300009370,5505893.17783,2134421.08614914,random2_k3,3,0.0819690437622546
cleanStatic,selection,52,51.9903748,7,10,1299509370,1300009370,5505893.17783,2134421.08614914,random3_k3,3,1.8750878547733445
cleanStatic,selection,52,51.9903748,7,10,1299509370,1300009370,5505893.17783,2134421.08614914,random4_k3,3,1.2062750796844837
cleanStatic,selection,52,51.9903748,7,10,1299509370,1300009370,5505893.17783,2134421.08614914,random5_k3,3,0.14698421418819355
cleanStatic,selection,52,51.9903748,7,10,1299509370,1300009370,5505893.17783,2134421.08614914,random1_k5,5,0.38616908327183774
cleanStatic,selection,52,51.9903748,7,10,1299509370,1300009370,5505893.17783,2134421.08614914,random2_k5,5,0.8167005547641262
cleanStatic,selection,52,51.9903748,7,10,1299509370,1300009370,5505893.17783,2134421.08614914,random3_k5,5,0.5509945322101067
cleanStatic,selection,52,51.9903748,7,10,1299509370,1300009370,5505893.17783,2134421.08614914,random4_k5,5,0.7253655063755063
cleanStatic,selection,52,51.9903748,7,10,1299509370,1300009370,5505893.17783,2134421.08614914,random5_k5,5,0.7230311185797924
cleanStatic,selection,52,51.9903748,7,10,1299509370,1300009370,5505893.17783,2134421.08614914,random1_k9,9,0.5670423946348097
cleanStatic,selection,52,51.9903748,7,10,1299509370,1300009370,5505893.17783,2134421.08614914,random2_k9,9,0.5867227970903904
cleanStatic,selection,52,51.9903748,7,10,1299509370,1300009370,5505893.17783,2134421.08614914,random3_k9,9,0.28616785622619406
cleanStatic,selection,52,51.9903748,7,10,1299509370,1300009370,5505893.17783,2134421.08614914,random4_k9,9,0.561253239830223
cleanStatic,selection,52,51.9903748,7,10,1299509370,1300009370,5505893.17783,2134421.08614914,random5_k9,9,0.8253448934418515
cleanStatic,selection,52,52.00067304,8,13,1299766826,1300266826,5494734.145978,6292734.342070689,dense_two_source_glrt,187,0.17341402711212733
cleanStatic,selection,52,52.00067304,8,13,1299766826,1300266826,5494734.145978,6292734.342070689,dense_one_source_residual,187,0.4248206621320513
cleanStatic,selection,52,52.00067304,8,13,1299766826,1300266826,5494734.145978,6292734.342070689,raw_power_only,0,5494734.145978
cleanStatic,selection,52,52.00067304,8,13,1299766826,1300266826,5494734.145978,6292734.342070689,analytic_sparse_k3,3,0.011865429483557911
cleanStatic,selection,52,52.00067304,8,13,1299766826,1300266826,5494734.145978,6292734.342070689,uniform_k3,3,0.09522987363983838
cleanStatic,selection,52,52.00067304,8,13,1299766826,1300266826,5494734.145978,6292734.342070689,shuffled_k3,3,0.036016616640178224
cleanStatic,selection,52,52.00067304,8,13,1299766826,1300266826,5494734.145978,6292734.342070689,analytic_sparse_k5,5,0.07923517166339382
cleanStatic,selection,52,52.00067304,8,13,1299766826,1300266826,5494734.145978,6292734.342070689,uniform_k5,5,0.04247405656424932
cleanStatic,selection,52,52.00067304,8,13,1299766826,1300266826,5494734.145978,6292734.342070689,shuffled_k5,5,0.07054299229489558
cleanStatic,selection,52,52.00067304,8,13,1299766826,1300266826,5494734.145978,6292734.342070689,analytic_sparse_k9,9,0.09958409826479592
cleanStatic,selection,52,52.00067304,8,13,1299766826,1300266826,5494734.145978,6292734.342070689,uniform_k9,9,0.05707355005775478
cleanStatic,selection,52,52.00067304,8,13,1299766826,1300266826,5494734.145978,6292734.342070689,shuffled_k9,9,0.423761795835988
cleanStatic,selection,52,52.00067304,8,13,1299766826,1300266826,5494734.145978,6292734.342070689,ai_sparse_k3,3,0.514950453585502
cleanStatic,selection,52,52.00067304,8,13,1299766826,1300266826,5494734.145978,6292734.342070689,pg_scc_k3,3,0.3400515522549417
cleanStatic,selection,52,52.00067304,8,13,1299766826,1300266826,5494734.145978,6292734.342070689,ai_sparse_k5,5,0.2733322374925713
cleanStatic,selection,52,52.00067304,8,13,1299766826,1300266826,5494734.145978,6292734.342070689,pg_scc_k5,5,0.14446516339834817
cleanStatic,selection,52,52.00067304,8,13,1299766826,1300266826,5494734.145978,6292734.342070689,ai_sparse_k9,9,0.22607296935300866
cleanStatic,selection,52,52.00067304,8,13,1299766826,1300266826,5494734.145978,6292734.342070689,pg_scc_k9,9,0.14620255304824065
cleanStatic,selection,52,52.00067304,8,13,1299766826,1300266826,5494734.145978,6292734.342070689,epl3,3,0.41784500472298935
cleanStatic,selection,52,52.00067304,8,13,1299766826,1300266826,5494734.145978,6292734.342070689,fixed9,9,0.3069544757497644
cleanStatic,selection,52,52.00067304,8,13,1299766826,1300266826,5494734.145978,6292734.342070689,random1_k3,3,0.32774555472743155
cleanStatic,selection,52,52.00067304,8,13,1299766826,1300266826,5494734.145978,6292734.342070689,random2_k3,3,0.37668528571235016
cleanStatic,selection,52,52.00067304,8,13,1299766826,1300266826,5494734.145978,6292734.342070689,random3_k3,3,0.318529915490321
cleanStatic,selection,52,52.00067304,8,13,1299766826,1300266826,5494734.145978,6292734.342070689,random4_k3,3,0.4722205682394977
cleanStatic,selection,52,52.00067304,8,13,1299766826,1300266826,5494734.145978,6292734.342070689,random5_k3,3,0.01755999733640141
cleanStatic,selection,52,52.00067304,8,13,1299766826,1300266826,5494734.145978,6292734.342070689,random1_k5,5,0.2574149073509028
cleanStatic,selection,52,52.00067304,8,13,1299766826,1300266826,5494734.145978,6292734.342070689,random2_k5,5,0.1231323512118058
cleanStatic,selection,52,52.00067304,8,13,1299766826,1300266826,5494734.145978,6292734.342070689,random3_k5,5,0.09125959791631577
cleanStatic,selection,52,52.00067304,8,13,1299766826,1300266826,5494734.145978,6292734.342070689,random4_k5,5,0.1491649532245166
cleanStatic,selection,52,52.00067304,8,13,1299766826,1300266826,5494734.145978,6292734.342070689,random5_k5,5,0.5210280893448828
cleanStatic,selection,52,52.00067304,8,13,1299766826,1300266826,5494734.145978,6292734.342070689,random1_k9,9,0.1676340681599692
cleanStatic,selection,52,52.00067304,8,13,1299766826,1300266826,5494734.145978,6292734.342070689,random2_k9,9,0.22142553464751197
cleanStatic,selection,52,52.00067304,8,13,1299766826,1300266826,5494734.145978,6292734.342070689,random3_k9,9,0.5854721265028732
cleanStatic,selection,52,52.00067304,8,13,1299766826,1300266826,5494734.145978,6292734.342070689,random4_k9,9,0.4103056287021294
cleanStatic,selection,52,52.00067304,8,13,1299766826,1300266826,5494734.145978,6292734.342070689,random5_k9,9,0.38808100188833927
cleanStatic,selection,52,52.00950884,9,19,1299987721,1300487721,5492693.884718,4626750.257198548,dense_two_source_glrt,187,0.17562069444098982
cleanStatic,selection,52,52.00950884,9,19,1299987721,1300487721,5492693.884718,4626750.257198548,dense_one_source_residual,187,0.6708258565757139
cleanStatic,selection,52,52.00950884,9,19,1299987721,1300487721,5492693.884718,4626750.257198548,raw_power_only,0,5492693.884718
cleanStatic,selection,52,52.00950884,9,19,1299987721,1300487721,5492693.884718,4626750.257198548,analytic_sparse_k3,3,0.32773549478636843
cleanStatic,selection,52,52.00950884,9,19,1299987721,1300487721,5492693.884718,4626750.257198548,uniform_k3,3,0.06543555708264297
cleanStatic,selection,52,52.00950884,9,19,1299987721,1300487721,5492693.884718,4626750.257198548,shuffled_k3,3,0.5121920802685219
cleanStatic,selection,52,52.00950884,9,19,1299987721,1300487721,5492693.884718,4626750.257198548,analytic_sparse_k5,5,0.37725528500496164
cleanStatic,selection,52,52.00950884,9,19,1299987721,1300487721,5492693.884718,4626750.257198548,uniform_k5,5,0.018835927794564066
cleanStatic,selection,52,52.00950884,9,19,1299987721,1300487721,5492693.884718,4626750.257198548,shuffled_k5,5,0.41623033926330744
cleanStatic,selection,52,52.00950884,9,19,1299987721,1300487721,5492693.884718,4626750.257198548,analytic_sparse_k9,9,0.2917175392864645
cleanStatic,selection,52,52.00950884,9,19,1299987721,1300487721,5492693.884718,4626750.257198548,uniform_k9,9,0.1167406328510778
cleanStatic,selection,52,52.00950884,9,19,1299987721,1300487721,5492693.884718,4626750.257198548,shuffled_k9,9,0.6675735317327914
cleanStatic,selection,52,52.00950884,9,19,1299987721,1300487721,5492693.884718,4626750.257198548,ai_sparse_k3,3,0.2758506585779156
cleanStatic,selection,52,52.00950884,9,19,1299987721,1300487721,5492693.884718,4626750.257198548,pg_scc_k3,3,0.833028016515217
cleanStatic,selection,52,52.00950884,9,19,1299987721,1300487721,5492693.884718,4626750.257198548,ai_sparse_k5,5,0.4421170648063496
cleanStatic,selection,52,52.00950884,9,19,1299987721,1300487721,5492693.884718,4626750.257198548,pg_scc_k5,5,0.38092435292975974
cleanStatic,selection,52,52.00950884,9,19,1299987721,1300487721,5492693.884718,4626750.257198548,ai_sparse_k9,9,0.4782684225146482
cleanStatic,selection,52,52.00950884,9,19,1299987721,1300487721,5492693.884718,4626750.257198548,pg_scc_k9,9,0.2708779908598532
cleanStatic,selection,52,52.00950884,9,19,1299987721,1300487721,5492693.884718,4626750.257198548,epl3,3,1.6678800225114487
cleanStatic,selection,52,52.00950884,9,19,1299987721,1300487721,5492693.884718,4626750.257198548,fixed9,9,0.9511339288592002
cleanStatic,selection,52,52.00950884,9,19,1299987721,1300487721,5492693.884718,4626750.257198548,random1_k3,3,0.42919003078480983
cleanStatic,selection,52,52.00950884,9,19,1299987721,1300487721,5492693.884718,4626750.257198548,random2_k3,3,0.3274258045038523
cleanStatic,selection,52,52.00950884,9,19,1299987721,1300487721,5492693.884718,4626750.257198548,random3_k3,3,0.41178604450866746
cleanStatic,selection,52,52.00950884,9,19,1299987721,1300487721,5492693.884718,4626750.257198548,random4_k3,3,0.15776593145240395
cleanStatic,selection,52,52.00950884,9,19,1299987721,1300487721,5492693.884718,4626750.257198548,random5_k3,3,0.15292125472454063
cleanStatic,selection,52,52.00950884,9,19,1299987721,1300487721,5492693.884718,4626750.257198548,random1_k5,5,0.1248543454794345
cleanStatic,selection,52,52.00950884,9,19,1299987721,1300487721,5492693.884718,4626750.257198548,random2_k5,5,0.33111284583816813
cleanStatic,selection,52,52.00950884,9,19,1299987721,1300487721,5492693.884718,4626750.257198548,random3_k5,5,0.7556646796642978
cleanStatic,selection,52,52.00950884,9,19,1299987721,1300487721,5492693.884718,4626750.257198548,random4_k5,5,0.41744273791686154
cleanStatic,selection,52,52.00950884,9,19,1299987721,1300487721,5492693.884718,4626750.257198548,random5_k5,5,0.052395495076410434
cleanStatic,selection,52,52.00950884,9,19,1299987721,1300487721,5492693.884718,4626750.257198548,random1_k9,9,0.22333224012179306
cleanStatic,selection,52,52.00950884,9,19,1299987721,1300487721,5492693.884718,4626750.257198548,random2_k9,9,0.29045910405582315
cleanStatic,selection,52,52.00950884,9,19,1299987721,1300487721,5492693.884718,4626750.257198548,random3_k9,9,0.2499124207605162
cleanStatic,selection,52,52.00950884,9,19,1299987721,1300487721,5492693.884718,4626750.257198548,random4_k9,9,0.2467872118311284
cleanStatic,selection,52,52.00950884,9,19,1299987721,1300487721,5492693.884718,4626750.257198548,random5_k9,9,0.4449882556515106
cleanStatic,selection,52,51.99061572,10,23,1299515393,1300015393,5505710.171246,6738358.129800488,dense_two_source_glrt,187,0.0676309390037594
cleanStatic,selection,52,51.99061572,10,23,1299515393,1300015393,5505710.171246,6738358.129800488,dense_one_source_residual,187,0.45698144718407696
cleanStatic,selection,52,51.99061572,10,23,1299515393,1300015393,5505710.171246,6738358.129800488,raw_power_only,0,5505710.171246
cleanStatic,selection,52,51.99061572,10,23,1299515393,1300015393,5505710.171246,6738358.129800488,analytic_sparse_k3,3,0.02346890513360761
cleanStatic,selection,52,51.99061572,10,23,1299515393,1300015393,5505710.171246,6738358.129800488,uniform_k3,3,0.6811535500152629
cleanStatic,selection,52,51.99061572,10,23,1299515393,1300015393,5505710.171246,6738358.129800488,shuffled_k3,3,0.04035126822681948
cleanStatic,selection,52,51.99061572,10,23,1299515393,1300015393,5505710.171246,6738358.129800488,analytic_sparse_k5,5,0.20577351726177132
cleanStatic,selection,52,51.99061572,10,23,1299515393,1300015393,5505710.171246,6738358.129800488,uniform_k5,5,0.3469109775448774
cleanStatic,selection,52,51.99061572,10,23,1299515393,1300015393,5505710.171246,6738358.129800488,shuffled_k5,5,0.35803386756598754
cleanStatic,selection,52,51.99061572,10,23,1299515393,1300015393,5505710.171246,6738358.129800488,analytic_sparse_k9,9,0.22075327613904025
cleanStatic,selection,52,51.99061572,10,23,1299515393,1300015393,5505710.171246,6738358.129800488,uniform_k9,9,0.05142109113816565
cleanStatic,selection,52,51.99061572,10,23,1299515393,1300015393,5505710.171246,6738358.129800488,shuffled_k9,9,0.2284944775203952
cleanStatic,selection,52,51.99061572,10,23,1299515393,1300015393,5505710.171246,6738358.129800488,ai_sparse_k3,3,0.22719320196837064
cleanStatic,selection,52,51.99061572,10,23,1299515393,1300015393,5505710.171246,6738358.129800488,pg_scc_k3,3,0.040850426902646154
cleanStatic,selection,52,51.99061572,10,23,1299515393,1300015393,5505710.171246,6738358.129800488,ai_sparse_k5,5,0.13043086536497278
cleanStatic,selection,52,51.99061572,10,23,1299515393,1300015393,5505710.171246,6738358.129800488,pg_scc_k5,5,0.05711770297870631
cleanStatic,selection,52,51.99061572,10,23,1299515393,1300015393,5505710.171246,6738358.129800488,ai_sparse_k9,9,0.06584159989266553
cleanStatic,selection,52,51.99061572,10,23,1299515393,1300015393,5505710.171246,6738358.129800488,pg_scc_k9,9,0.04519408328926877
cleanStatic,selection,52,51.99061572,10,23,1299515393,1300015393,5505710.171246,6738358.129800488,epl3,3,0.22404024845936332
cleanStatic,selection,52,51.99061572,10,23,1299515393,1300015393,5505710.171246,6738358.129800488,fixed9,9,0.2070042416375007
cleanStatic,selection,52,51.99061572,10,23,1299515393,1300015393,5505710.171246,6738358.129800488,random1_k3,3,0.21913563484207607
cleanStatic,selection,52,51.99061572,10,23,1299515393,1300015393,5505710.171246,6738358.129800488,random2_k3,3,0.21013869738063506
cleanStatic,selection,52,51.99061572,10,23,1299515393,1300015393,5505710.171246,6738358.129800488,random3_k3,3,0.14595435455220326
cleanStatic,selection,52,51.99061572,10,23,1299515393,1300015393,5505710.171246,6738358.129800488,random4_k3,3,0.22490680767270024
cleanStatic,selection,52,51.99061572,10,23,1299515393,1300015393,5505710.171246,6738358.129800488,random5_k3,3,0.04901365799424426
cleanStatic,selection,52,51.99061572,10,23,1299515393,1300015393,5505710.171246,6738358.129800488,random1_k5,5,0.13224048227187973
cleanStatic,selection,52,51.99061572,10,23,1299515393,1300015393,5505710.171246,6738358.129800488,random2_k5,5,0.1564339082544964
cleanStatic,selection,52,51.99061572,10,23,1299515393,1300015393,5505710.171246,6738358.129800488,random3_k5,5,0.42830232860887174
cleanStatic,selection,52,51.99061572,10,23,1299515393,1300015393,5505710.171246,6738358.129800488,random4_k5,5,0.16752382968848506
cleanStatic,selection,52,51.99061572,10,23,1299515393,1300015393,5505710.171246,6738358.129800488,random5_k5,5,0.18751531959007167
cleanStatic,selection,52,51.99061572,10,23,1299515393,1300015393,5505710.171246,6738358.129800488,random1_k9,9,0.17573174274367917
cleanStatic,selection,52,51.99061572,10,23,1299515393,1300015393,5505710.171246,6738358.129800488,random2_k9,9,0.07094951950893148
cleanStatic,selection,52,51.99061572,10,23,1299515393,1300015393,5505710.171246,6738358.129800488,random3_k9,9,0.1537899732771678
cleanStatic,selection,52,51.99061572,10,23,1299515393,1300015393,5505710.171246,6738358.129800488,random4_k9,9,0.30181552117794624
cleanStatic,selection,52,51.99061572,10,23,1299515393,1300015393,5505710.171246,6738358.129800488,random5_k9,9,0.11200759573344336
cleanStatic,selection,53,52.99729748,0,16,1324682437,1325182437,5557742.778415999,5331176.213086551,dense_two_source_glrt,187,0.04668581855964865
cleanStatic,selection,53,52.99729748,0,16,1324682437,1325182437,5557742.778415999,5331176.213086551,dense_one_source_residual,187,0.2270957814556137
cleanStatic,selection,53,52.99729748,0,16,1324682437,1325182437,5557742.778415999,5331176.213086551,raw_power_only,0,5557742.778415999
cleanStatic,selection,53,52.99729748,0,16,1324682437,1325182437,5557742.778415999,5331176.213086551,analytic_sparse_k3,3,0.07914831616732589
cleanStatic,selection,53,52.99729748,0,16,1324682437,1325182437,5557742.778415999,5331176.213086551,uniform_k3,3,0.263671633766473
cleanStatic,selection,53,52.99729748,0,16,1324682437,1325182437,5557742.778415999,5331176.213086551,shuffled_k3,3,0.08772977137063688
cleanStatic,selection,53,52.99729748,0,16,1324682437,1325182437,5557742.778415999,5331176.213086551,analytic_sparse_k5,5,0.08796947326122678
cleanStatic,selection,53,52.99729748,0,16,1324682437,1325182437,5557742.778415999,5331176.213086551,uniform_k5,5,0.22854202561721668
cleanStatic,selection,53,52.99729748,0,16,1324682437,1325182437,5557742.778415999,5331176.213086551,shuffled_k5,5,0.12594123224782755
cleanStatic,selection,53,52.99729748,0,16,1324682437,1325182437,5557742.778415999,5331176.213086551,analytic_sparse_k9,9,0.06285104867583999
cleanStatic,selection,53,52.99729748,0,16,1324682437,1325182437,5557742.778415999,5331176.213086551,uniform_k9,9,0.07245123304906133
cleanStatic,selection,53,52.99729748,0,16,1324682437,1325182437,5557742.778415999,5331176.213086551,shuffled_k9,9,0.0523354929425243
cleanStatic,selection,53,52.99729748,0,16,1324682437,1325182437,5557742.778415999,5331176.213086551,ai_sparse_k3,3,0.1105272845986937
cleanStatic,selection,53,52.99729748,0,16,1324682437,1325182437,5557742.778415999,5331176.213086551,pg_scc_k3,3,0.16019980615362384
cleanStatic,selection,53,52.99729748,0,16,1324682437,1325182437,5557742.778415999,5331176.213086551,ai_sparse_k5,5,0.08789658970444199
cleanStatic,selection,53,52.99729748,0,16,1324682437,1325182437,5557742.778415999,5331176.213086551,pg_scc_k5,5,0.1985763480564156
cleanStatic,selection,53,52.99729748,0,16,1324682437,1325182437,5557742.778415999,5331176.213086551,ai_sparse_k9,9,0.11114438821064868
cleanStatic,selection,53,52.99729748,0,16,1324682437,1325182437,5557742.778415999,5331176.213086551,pg_scc_k9,9,0.20297627872482774
cleanStatic,selection,53,52.99729748,0,16,1324682437,1325182437,5557742.778415999,5331176.213086551,epl3,3,0.10356144751590551
cleanStatic,selection,53,52.99729748,0,16,1324682437,1325182437,5557742.778415999,5331176.213086551,fixed9,9,0.050564754809405574
cleanStatic,selection,53,52.99729748,0,16,1324682437,1325182437,5557742.778415999,5331176.213086551,random1_k3,3,0.12962805083351495
cleanStatic,selection,53,52.99729748,0,16,1324682437,1325182437,5557742.778415999,5331176.213086551,random2_k3,3,0.2676948707598741
cleanStatic,selection,53,52.99729748,0,16,1324682437,1325182437,5557742.778415999,5331176.213086551,random3_k3,3,0.12281277194848635
cleanStatic,selection,53,52.99729748,0,16,1324682437,1325182437,5557742.778415999,5331176.213086551,random4_k3,3,0.1542965890282697
cleanStatic,selection,53,52.99729748,0,16,1324682437,1325182437,5557742.778415999,5331176.213086551,random5_k3,3,0.1891004705221151
cleanStatic,selection,53,52.99729748,0,16,1324682437,1325182437,5557742.778415999,5331176.213086551,random1_k5,5,0.08312129466399329
cleanStatic,selection,53,52.99729748,0,16,1324682437,1325182437,5557742.778415999,5331176.213086551,random2_k5,5,0.05953567618157666
cleanStatic,selection,53,52.99729748,0,16,1324682437,1325182437,5557742.778415999,5331176.213086551,random3_k5,5,0.07905682998296634
cleanStatic,selection,53,52.99729748,0,16,1324682437,1325182437,5557742.778415999,5331176.213086551,random4_k5,5,0.10423420916256143
cleanStatic,selection,53,52.99729748,0,16,1324682437,1325182437,5557742.778415999,5331176.213086551,random5_k5,5,0.08058318474145176
cleanStatic,selection,53,52.99729748,0,16,1324682437,1325182437,5557742.778415999,5331176.213086551,random1_k9,9,0.08735625579251381
cleanStatic,selection,53,52.99729748,0,16,1324682437,1325182437,5557742.778415999,5331176.213086551,random2_k9,9,0.15075434428222825
cleanStatic,selection,53,52.99729748,0,16,1324682437,1325182437,5557742.778415999,5331176.213086551,random3_k9,9,0.0612987533972951
cleanStatic,selection,53,52.99729748,0,16,1324682437,1325182437,5557742.778415999,5331176.213086551,random4_k9,9,0.07256450327846335
cleanStatic,selection,53,52.99729748,0,16,1324682437,1325182437,5557742.778415999,5331176.213086551,random5_k9,9,0.1054960929481375
cleanStatic,selection,53,52.99054348,2,3,1324513587,1325013587,5565913.763944,5653245.42132888,dense_two_source_glrt,187,0.2370091178680758
cleanStatic,selection,53,52.99054348,2,3,1324513587,1325013587,5565913.763944,5653245.42132888,dense_one_source_residual,187,0.6175609817773723
cleanStatic,selection,53,52.99054348,2,3,1324513587,1325013587,5565913.763944,5653245.42132888,raw_power_only,0,5565913.763944
cleanStatic,selection,53,52.99054348,2,3,1324513587,1325013587,5565913.763944,5653245.42132888,analytic_sparse_k3,3,0.08671061917763666
cleanStatic,selection,53,52.99054348,2,3,1324513587,1325013587,5565913.763944,5653245.42132888,uniform_k3,3,0.40758900463691
cleanStatic,selection,53,52.99054348,2,3,1324513587,1325013587,5565913.763944,5653245.42132888,shuffled_k3,3,0.06239432167799783
cleanStatic,selection,53,52.99054348,2,3,1324513587,1325013587,5565913.763944,5653245.42132888,analytic_sparse_k5,5,0.21228107722681422
cleanStatic,selection,53,52.99054348,2,3,1324513587,1325013587,5565913.763944,5653245.42132888,uniform_k5,5,0.18730688673074924
cleanStatic,selection,53,52.99054348,2,3,1324513587,1325013587,5565913.763944,5653245.42132888,shuffled_k5,5,0.16909080893073397
cleanStatic,selection,53,52.99054348,2,3,1324513587,1325013587,5565913.763944,5653245.42132888,analytic_sparse_k9,9,0.2155615074746711
cleanStatic,selection,53,52.99054348,2,3,1324513587,1325013587,5565913.763944,5653245.42132888,uniform_k9,9,0.06446502284007168
cleanStatic,selection,53,52.99054348,2,3,1324513587,1325013587,5565913.763944,5653245.42132888,shuffled_k9,9,0.6394475004772548
cleanStatic,selection,53,52.99054348,2,3,1324513587,1325013587,5565913.763944,5653245.42132888,ai_sparse_k3,3,0.5105433793844413
cleanStatic,selection,53,52.99054348,2,3,1324513587,1325013587,5565913.763944,5653245.42132888,pg_scc_k3,3,0.4463890835028927
cleanStatic,selection,53,52.99054348,2,3,1324513587,1325013587,5565913.763944,5653245.42132888,ai_sparse_k5,5,0.5501403099307629
cleanStatic,selection,53,52.99054348,2,3,1324513587,1325013587,5565913.763944,5653245.42132888,pg_scc_k5,5,0.3587084687922204
cleanStatic,selection,53,52.99054348,2,3,1324513587,1325013587,5565913.763944,5653245.42132888,ai_sparse_k9,9,0.196894247030844
cleanStatic,selection,53,52.99054348,2,3,1324513587,1325013587,5565913.763944,5653245.42132888,pg_scc_k9,9,0.2925687239369778
cleanStatic,selection,53,52.99054348,2,3,1324513587,1325013587,5565913.763944,5653245.42132888,epl3,3,0.4052292963020745
cleanStatic,selection,53,52.99054348,2,3,1324513587,1325013587,5565913.763944,5653245.42132888,fixed9,9,0.3444090688110749
cleanStatic,selection,53,52.99054348,2,3,1324513587,1325013587,5565913.763944,5653245.42132888,random1_k3,3,0.412640077721506
cleanStatic,selection,53,52.99054348,2,3,1324513587,1325013587,5565913.763944,5653245.42132888,random2_k3,3,0.3825601709180062
cleanStatic,selection,53,52.99054348,2,3,1324513587,1325013587,5565913.763944,5653245.42132888,random3_k3,3,0.19768267085353472
cleanStatic,selection,53,52.99054348,2,3,1324513587,1325013587,5565913.763944,5653245.42132888,random4_k3,3,0.4064639273179405
cleanStatic,selection,53,52.99054348,2,3,1324513587,1325013587,5565913.763944,5653245.42132888,random5_k3,3,0.34465584586892084
cleanStatic,selection,53,52.99054348,2,3,1324513587,1325013587,5565913.763944,5653245.42132888,random1_k5,5,0.2896006166801544
cleanStatic,selection,53,52.99054348,2,3,1324513587,1325013587,5565913.763944,5653245.42132888,random2_k5,5,0.17648508635828847
cleanStatic,selection,53,52.99054348,2,3,1324513587,1325013587,5565913.763944,5653245.42132888,random3_k5,5,0.24535805597665403
cleanStatic,selection,53,52.99054348,2,3,1324513587,1325013587,5565913.763944,5653245.42132888,random4_k5,5,0.26907436118987305
cleanStatic,selection,53,52.99054348,2,3,1324513587,1325013587,5565913.763944,5653245.42132888,random5_k5,5,0.7222342555537784
cleanStatic,selection,53,52.99054348,2,3,1324513587,1325013587,5565913.763944,5653245.42132888,random1_k9,9,0.4773105859693514
cleanStatic,selection,53,52.99054348,2,3,1324513587,1325013587,5565913.763944,5653245.42132888,random2_k9,9,0.2194136438100514
cleanStatic,selection,53,52.99054348,2,3,1324513587,1325013587,5565913.763944,5653245.42132888,random3_k9,9,0.5508799664158344
cleanStatic,selection,53,52.99054348,2,3,1324513587,1325013587,5565913.763944,5653245.42132888,random4_k9,9,0.33828070809577937
cleanStatic,selection,53,52.99054348,2,3,1324513587,1325013587,5565913.763944,5653245.42132888,random5_k9,9,0.2835492943761031
cleanStatic,selection,53,52.99434548,3,20,1324608637,1325108637,5553022.546508001,2122442.043007615,dense_two_source_glrt,187,0.421713328032306
cleanStatic,selection,53,52.99434548,3,20,1324608637,1325108637,5553022.546508001,2122442.043007615,dense_one_source_residual,187,2.417716189574394
cleanStatic,selection,53,52.99434548,3,20,1324608637,1325108637,5553022.546508001,2122442.043007615,raw_power_only,0,5553022.546508001
cleanStatic,selection,53,52.99434548,3,20,1324608637,1325108637,5553022.546508001,2122442.043007615,analytic_sparse_k3,3,0.9321526937488168
cleanStatic,selection,53,52.99434548,3,20,1324608637,1325108637,5553022.546508001,2122442.043007615,uniform_k3,3,3.4068444280652876
cleanStatic,selection,53,52.99434548,3,20,1324608637,1325108637,5553022.546508001,2122442.043007615,shuffled_k3,3,0.8845912032098061
cleanStatic,selection,53,52.99434548,3,20,1324608637,1325108637,5553022.546508001,2122442.043007615,analytic_sparse_k5,5,0.9187909564013612
cleanStatic,selection,53,52.99434548,3,20,1324608637,1325108637,5553022.546508001,2122442.043007615,uniform_k5,5,1.2951805344283938
cleanStatic,selection,53,52.99434548,3,20,1324608637,1325108637,5553022.546508001,2122442.043007615,shuffled_k5,5,1.1426730770947446
cleanStatic,selection,53,52.99434548,3,20,1324608637,1325108637,5553022.546508001,2122442.043007615,analytic_sparse_k9,9,0.5131997056259956
cleanStatic,selection,53,52.99434548,3,20,1324608637,1325108637,5553022.546508001,2122442.043007615,uniform_k9,9,0.20601870809258
cleanStatic,selection,53,52.99434548,3,20,1324608637,1325108637,5553022.546508001,2122442.043007615,shuffled_k9,9,1.1526823952247764
cleanStatic,selection,53,52.99434548,3,20,1324608637,1325108637,5553022.546508001,2122442.043007615,ai_sparse_k3,3,1.8579399431380066
cleanStatic,selection,53,52.99434548,3,20,1324608637,1325108637,5553022.546508001,2122442.043007615,pg_scc_k3,3,0.8876818440030685
cleanStatic,selection,53,52.99434548,3,20,1324608637,1325108637,5553022.546508001,2122442.043007615,ai_sparse_k5,5,2.916544808696488
cleanStatic,selection,53,52.99434548,3,20,1324608637,1325108637,5553022.546508001,2122442.043007615,pg_scc_k5,5,1.52704888902857
cleanStatic,selection,53,52.99434548,3,20,1324608637,1325108637,5553022.546508001,2122442.043007615,ai_sparse_k9,9,1.455411445384631
cleanStatic,selection,53,52.99434548,3,20,1324608637,1325108637,5553022.546508001,2122442.043007615,pg_scc_k9,9,1.2311369677037054
cleanStatic,selection,53,52.99434548,3,20,1324608637,1325108637,5553022.546508001,2122442.043007615,epl3,3,1.009017311189058
cleanStatic,selection,53,52.99434548,3,20,1324608637,1325108637,5553022.546508001,2122442.043007615,fixed9,9,1.0635756777046668
cleanStatic,selection,53,52.99434548,3,20,1324608637,1325108637,5553022.546508001,2122442.043007615,random1_k3,3,0.7031574459145841
cleanStatic,selection,53,52.99434548,3,20,1324608637,1325108637,5553022.546508001,2122442.043007615,random2_k3,3,1.0821973684048034
cleanStatic,selection,53,52.99434548,3,20,1324608637,1325108637,5553022.546508001,2122442.043007615,random3_k3,3,1.2323925504143565
cleanStatic,selection,53,52.99434548,3,20,1324608637,1325108637,5553022.546508001,2122442.043007615,random4_k3,3,0.9920419662880228
cleanStatic,selection,53,52.99434548,3,20,1324608637,1325108637,5553022.546508001,2122442.043007615,random5_k3,3,0.639272269093156
cleanStatic,selection,53,52.99434548,3,20,1324608637,1325108637,5553022.546508001,2122442.043007615,random1_k5,5,1.2935964503175221
cleanStatic,selection,53,52.99434548,3,20,1324608637,1325108637,5553022.546508001,2122442.043007615,random2_k5,5,0.47572818760342683
cleanStatic,selection,53,52.99434548,3,20,1324608637,1325108637,5553022.546508001,2122442.043007615,random3_k5,5,1.6043769889562192
cleanStatic,selection,53,52.99434548,3,20,1324608637,1325108637,5553022.546508001,2122442.043007615,random4_k5,5,1.0074929727836333
cleanStatic,selection,53,52.99434548,3,20,1324608637,1325108637,5553022.546508001,2122442.043007615,random5_k5,5,0.7146226273516655
cleanStatic,selection,53,52.99434548,3,20,1324608637,1325108637,5553022.546508001,2122442.043007615,random1_k9,9,2.343899587445837
cleanStatic,selection,53,52.99434548,3,20,1324608637,1325108637,5553022.546508001,2122442.043007615,random2_k9,9,0.5333579596805499
cleanStatic,selection,53,52.99434548,3,20,1324608637,1325108637,5553022.546508001,2122442.043007615,random3_k9,9,0.9580404322693474
cleanStatic,selection,53,52.99434548,3,20,1324608637,1325108637,5553022.546508001,2122442.043007615,random4_k9,9,0.4687107389912699
cleanStatic,selection,53,52.99434548,3,20,1324608637,1325108637,5553022.546508001,2122442.043007615,random5_k9,9,1.3499394039939656
cleanStatic,selection,53,53.06365508,4,30,1326341377,1326841377,5574971.267786,2200095.7687374842,dense_two_source_glrt,187,1.0726098225439171
cleanStatic,selection,53,53.06365508,4,30,1326341377,1326841377,5574971.267786,2200095.7687374842,dense_one_source_residual,187,4.0683494648250305
cleanStatic,selection,53,53.06365508,4,30,1326341377,1326841377,5574971.267786,2200095.7687374842,raw_power_only,0,5574971.267786
cleanStatic,selection,53,53.06365508,4,30,1326341377,1326841377,5574971.267786,2200095.7687374842,analytic_sparse_k3,3,1.6436469808349379
cleanStatic,selection,53,53.06365508,4,30,1326341377,1326841377,5574971.267786,2200095.7687374842,uniform_k3,3,0.16544825953740258
cleanStatic,selection,53,53.06365508,4,30,1326341377,1326841377,5574971.267786,2200095.7687374842,shuffled_k3,3,2.539101921044577
cleanStatic,selection,53,53.06365508,4,30,1326341377,1326841377,5574971.267786,2200095.7687374842,analytic_sparse_k5,5,2.102223391872671
cleanStatic,selection,53,53.06365508,4,30,1326341377,1326841377,5574971.267786,2200095.7687374842,uniform_k5,5,0.6406241901763627
cleanStatic,selection,53,53.06365508,4,30,1326341377,1326841377,5574971.267786,2200095.7687374842,shuffled_k5,5,3.13413548486304
cleanStatic,selection,53,53.06365508,4,30,1326341377,1326841377,5574971.267786,2200095.7687374842,analytic_sparse_k9,9,1.5858284513936354
cleanStatic,selection,53,53.06365508,4,30,1326341377,1326841377,5574971.267786,2200095.7687374842,uniform_k9,9,0.5649784661990864
cleanStatic,selection,53,53.06365508,4,30,1326341377,1326841377,5574971.267786,2200095.7687374842,shuffled_k9,9,2.9005995949270713
cleanStatic,selection,53,53.06365508,4,30,1326341377,1326841377,5574971.267786,2200095.7687374842,ai_sparse_k3,3,2.503353580439161
cleanStatic,selection,53,53.06365508,4,30,1326341377,1326841377,5574971.267786,2200095.7687374842,pg_scc_k3,3,1.1416417730944106
cleanStatic,selection,53,53.06365508,4,30,1326341377,1326841377,5574971.267786,2200095.7687374842,ai_sparse_k5,5,4.563557173855724
cleanStatic,selection,53,53.06365508,4,30,1326341377,1326841377,5574971.267786,2200095.7687374842,pg_scc_k5,5,1.9315542054265464
cleanStatic,selection,53,53.06365508,4,30,1326341377,1326841377,5574971.267786,2200095.7687374842,ai_sparse_k9,9,2.7849867528748535
cleanStatic,selection,53,53.06365508,4,30,1326341377,1326841377,5574971.267786,2200095.7687374842,pg_scc_k9,9,2.1633967746028056
cleanStatic,selection,53,53.06365508,4,30,1326341377,1326841377,5574971.267786,2200095.7687374842,epl3,3,3.8483843181062327
cleanStatic,selection,53,53.06365508,4,30,1326341377,1326841377,5574971.267786,2200095.7687374842,fixed9,9,4.964335764691805
cleanStatic,selection,53,53.06365508,4,30,1326341377,1326841377,5574971.267786,2200095.7687374842,random1_k3,3,3.0915322690632205
cleanStatic,selection,53,53.06365508,4,30,1326341377,1326841377,5574971.267786,2200095.7687374842,random2_k3,3,2.2879398473638863
cleanStatic,selection,53,53.06365508,4,30,1326341377,1326841377,5574971.267786,2200095.7687374842,random3_k3,3,2.2846459450267256
cleanStatic,selection,53,53.06365508,4,30,1326341377,1326841377,5574971.267786,2200095.7687374842,random4_k3,3,1.250126451857601
cleanStatic,selection,53,53.06365508,4,30,1326341377,1326841377,5574971.267786,2200095.7687374842,random5_k3,3,2.070383409747404
cleanStatic,selection,53,53.06365508,4,30,1326341377,1326841377,5574971.267786,2200095.7687374842,random1_k5,5,2.9132650802981734
cleanStatic,selection,53,53.06365508,4,30,1326341377,1326841377,5574971.267786,2200095.7687374842,random2_k5,5,1.060072229904036
cleanStatic,selection,53,53.06365508,4,30,1326341377,1326841377,5574971.267786,2200095.7687374842,random3_k5,5,1.0100220401016125
cleanStatic,selection,53,53.06365508,4,30,1326341377,1326841377,5574971.267786,2200095.7687374842,random4_k5,5,1.2154164742193008
cleanStatic,selection,53,53.06365508,4,30,1326341377,1326841377,5574971.267786,2200095.7687374842,random5_k5,5,2.047676203903926
cleanStatic,selection,53,53.06365508,4,30,1326341377,1326841377,5574971.267786,2200095.7687374842,random1_k9,9,3.1729896705833402
cleanStatic,selection,53,53.06365508,4,30,1326341377,1326841377,5574971.267786,2200095.7687374842,random2_k9,9,0.9259611241811103
cleanStatic,selection,53,53.06365508,4,30,1326341377,1326841377,5574971.267786,2200095.7687374842,random3_k9,9,2.25159361020966
cleanStatic,selection,53,53.06365508,4,30,1326341377,1326841377,5574971.267786,2200095.7687374842,random4_k9,9,1.0738281655957396
cleanStatic,selection,53,53.06365508,4,30,1326341377,1326841377,5574971.267786,2200095.7687374842,random5_k9,9,0.8500493868909855
cleanStatic,selection,53,52.99065932,5,6,1324516483,1325016483,5564791.718429999,4730302.414273678,dense_two_source_glrt,187,0.11973103491903721
cleanStatic,selection,53,52.99065932,5,6,1324516483,1325016483,5564791.718429999,4730302.414273678,dense_one_source_residual,187,0.5200122220618516
cleanStatic,selection,53,52.99065932,5,6,1324516483,1325016483,5564791.718429999,4730302.414273678,raw_power_only,0,5564791.718429999
cleanStatic,selection,53,52.99065932,5,6,1324516483,1325016483,5564791.718429999,4730302.414273678,analytic_sparse_k3,3,0.21202302649175067
cleanStatic,selection,53,52.99065932,5,6,1324516483,1325016483,5564791.718429999,4730302.414273678,uniform_k3,3,0.6495848436565571
cleanStatic,selection,53,52.99065932,5,6,1324516483,1325016483,5564791.718429999,4730302.414273678,shuffled_k3,3,0.035850844034562526
cleanStatic,selection,53,52.99065932,5,6,1324516483,1325016483,5564791.718429999,4730302.414273678,analytic_sparse_k5,5,0.11776607834836901
cleanStatic,selection,53,52.99065932,5,6,1324516483,1325016483,5564791.718429999,4730302.414273678,uniform_k5,5,0.38831091791617584
cleanStatic,selection,53,52.99065932,5,6,1324516483,1325016483,5564791.718429999,4730302.414273678,shuffled_k5,5,0.3690307176625773
cleanStatic,selection,53,52.99065932,5,6,1324516483,1325016483,5564791.718429999,4730302.414273678,analytic_sparse_k9,9,0.09896708736842068
cleanStatic,selection,53,52.99065932,5,6,1324516483,1325016483,5564791.718429999,4730302.414273678,uniform_k9,9,0.11442209115463313
cleanStatic,selection,53,52.99065932,5,6,1324516483,1325016483,5564791.718429999,4730302.414273678,shuffled_k9,9,0.31029992554553787
cleanStatic,selection,53,52.99065932,5,6,1324516483,1325016483,5564791.718429999,4730302.414273678,ai_sparse_k3,3,0.4630148025458695
cleanStatic,selection,53,52.99065932,5,6,1324516483,1325016483,5564791.718429999,4730302.414273678,pg_scc_k3,3,0.4676887075498162
cleanStatic,selection,53,52.99065932,5,6,1324516483,1325016483,5564791.718429999,4730302.414273678,ai_sparse_k5,5,0.4688612724650443
cleanStatic,selection,53,52.99065932,5,6,1324516483,1325016483,5564791.718429999,4730302.414273678,pg_scc_k5,5,0.041072310314642736
cleanStatic,selection,53,52.99065932,5,6,1324516483,1325016483,5564791.718429999,4730302.414273678,ai_sparse_k9,9,0.3397456976804395
cleanStatic,selection,53,52.99065932,5,6,1324516483,1325016483,5564791.718429999,4730302.414273678,pg_scc_k9,9,0.08718455023092542
cleanStatic,selection,53,52.99065932,5,6,1324516483,1325016483,5564791.718429999,4730302.414273678,epl3,3,0.17992772845940644
cleanStatic,selection,53,52.99065932,5,6,1324516483,1325016483,5564791.718429999,4730302.414273678,fixed9,9,0.2901273352678428
cleanStatic,selection,53,52.99065932,5,6,1324516483,1325016483,5564791.718429999,4730302.414273678,random1_k3,3,0.08107310344897266
cleanStatic,selection,53,52.99065932,5,6,1324516483,1325016483,5564791.718429999,4730302.414273678,random2_k3,3,0.09341456522871655
cleanStatic,selection,53,52.99065932,5,6,1324516483,1325016483,5564791.718429999,4730302.414273678,random3_k3,3,0.21868393349286874
cleanStatic,selection,53,52.99065932,5,6,1324516483,1325016483,5564791.718429999,4730302.414273678,random4_k3,3,0.30170466821627673
cleanStatic,selection,53,52.99065932,5,6,1324516483,1325016483,5564791.718429999,4730302.414273678,random5_k3,3,0.2173820633394846
cleanStatic,selection,53,52.99065932,5,6,1324516483,1325016483,5564791.718429999,4730302.414273678,random1_k5,5,0.23762137233545655
cleanStatic,selection,53,52.99065932,5,6,1324516483,1325016483,5564791.718429999,4730302.414273678,random2_k5,5,0.20821273826408468
cleanStatic,selection,53,52.99065932,5,6,1324516483,1325016483,5564791.718429999,4730302.414273678,random3_k5,5,0.3473343224040594
cleanStatic,selection,53,52.99065932,5,6,1324516483,1325016483,5564791.718429999,4730302.414273678,random4_k5,5,0.14662614316371037
cleanStatic,selection,53,52.99065932,5,6,1324516483,1325016483,5564791.718429999,4730302.414273678,random5_k5,5,0.12193056497307467
cleanStatic,selection,53,52.99065932,5,6,1324516483,1325016483,5564791.718429999,4730302.414273678,random1_k9,9,0.26290568772051914
cleanStatic,selection,53,52.99065932,5,6,1324516483,1325016483,5564791.718429999,4730302.414273678,random2_k9,9,0.10412637196270019
cleanStatic,selection,53,52.99065932,5,6,1324516483,1325016483,5564791.718429999,4730302.414273678,random3_k9,9,0.17309693237005833
cleanStatic,selection,53,52.99065932,5,6,1324516483,1325016483,5564791.718429999,4730302.414273678,random4_k9,9,0.1224349137128821
cleanStatic,selection,53,52.99065932,5,6,1324516483,1325016483,5564791.718429999,4730302.414273678,random5_k9,9,0.0950536044468582
cleanStatic,selection,53,52.9901952,6,7,1324504880,1325004880,5568052.787522,4696205.285301642,dense_two_source_glrt,187,0.20206392605683168
cleanStatic,selection,53,52.9901952,6,7,1324504880,1325004880,5568052.787522,4696205.285301642,dense_one_source_residual,187,1.0858380475813
cleanStatic,selection,53,52.9901952,6,7,1324504880,1325004880,5568052.787522,4696205.285301642,raw_power_only,0,5568052.787522
cleanStatic,selection,53,52.9901952,6,7,1324504880,1325004880,5568052.787522,4696205.285301642,analytic_sparse_k3,3,0.16176098852738638
cleanStatic,selection,53,52.9901952,6,7,1324504880,1325004880,5568052.787522,4696205.285301642,uniform_k3,3,0.5155645235189263
cleanStatic,selection,53,52.9901952,6,7,1324504880,1325004880,5568052.787522,4696205.285301642,shuffled_k3,3,0.8078665668746193
cleanStatic,selection,53,52.9901952,6,7,1324504880,1325004880,5568052.787522,4696205.285301642,analytic_sparse_k5,5,0.11881965331508948
cleanStatic,selection,53,52.9901952,6,7,1324504880,1325004880,5568052.787522,4696205.285301642,uniform_k5,5,0.23030923957895183
cleanStatic,selection,53,52.9901952,6,7,1324504880,1325004880,5568052.787522,4696205.285301642,shuffled_k5,5,0.5820372948070097
cleanStatic,selection,53,52.9901952,6,7,1324504880,1325004880,5568052.787522,4696205.285301642,analytic_sparse_k9,9,0.16560442888738588
cleanStatic,selection,53,52.9901952,6,7,1324504880,1325004880,5568052.787522,4696205.285301642,uniform_k9,9,0.24777488481916066
cleanStatic,selection,53,52.9901952,6,7,1324504880,1325004880,5568052.787522,4696205.285301642,shuffled_k9,9,0.289216850315966
cleanStatic,selection,53,52.9901952,6,7,1324504880,1325004880,5568052.787522,4696205.285301642,ai_sparse_k3,3,1.0824182776903297
cleanStatic,selection,53,52.9901952,6,7,1324504880,1325004880,5568052.787522,4696205.285301642,pg_scc_k3,3,0.3219954593682666
cleanStatic,selection,53,52.9901952,6,7,1324504880,1325004880,5568052.787522,4696205.285301642,ai_sparse_k5,5,0.7271468020881983
cleanStatic,selection,53,52.9901952,6,7,1324504880,1325004880,5568052.787522,4696205.285301642,pg_scc_k5,5,0.5319641242167308
cleanStatic,selection,53,52.9901952,6,7,1324504880,1325004880,5568052.787522,4696205.285301642,ai_sparse_k9,9,0.549685107078398
cleanStatic,selection,53,52.9901952,6,7,1324504880,1325004880,5568052.787522,4696205.285301642,pg_scc_k9,9,0.6531553445924081
cleanStatic,selection,53,52.9901952,6,7,1324504880,1325004880,5568052.787522,4696205.285301642,epl3,3,0.8554008210106288
cleanStatic,selection,53,52.9901952,6,7,1324504880,1325004880,5568052.787522,4696205.285301642,fixed9,9,0.48163208899319926
cleanStatic,selection,53,52.9901952,6,7,1324504880,1325004880,5568052.787522,4696205.285301642,random1_k3,3,0.1375117784802049
cleanStatic,selection,53,52.9901952,6,7,1324504880,1325004880,5568052.787522,4696205.285301642,random2_k3,3,0.33862507587797275
cleanStatic,selection,53,52.9901952,6,7,1324504880,1325004880,5568052.787522,4696205.285301642,random3_k3,3,0.5389264856252315
cleanStatic,selection,53,52.9901952,6,7,1324504880,1325004880,5568052.787522,4696205.285301642,random4_k3,3,0.5231211649871444
cleanStatic,selection,53,52.9901952,6,7,1324504880,1325004880,5568052.787522,4696205.285301642,random5_k3,3,0.5974808492055946
cleanStatic,selection,53,52.9901952,6,7,1324504880,1325004880,5568052.787522,4696205.285301642,random1_k5,5,0.752678630461694
cleanStatic,selection,53,52.9901952,6,7,1324504880,1325004880,5568052.787522,4696205.285301642,random2_k5,5,0.5266075144131493
cleanStatic,selection,53,52.9901952,6,7,1324504880,1325004880,5568052.787522,4696205.285301642,random3_k5,5,0.351755860630254
cleanStatic,selection,53,52.9901952,6,7,1324504880,1325004880,5568052.787522,4696205.285301642,random4_k5,5,0.4327043684974651
cleanStatic,selection,53,52.9901952,6,7,1324504880,1325004880,5568052.787522,4696205.285301642,random5_k5,5,0.19461129929391136
cleanStatic,selection,53,52.9901952,6,7,1324504880,1325004880,5568052.787522,4696205.285301642,random1_k9,9,0.7109412967121777
cleanStatic,selection,53,52.9901952,6,7,1324504880,1325004880,5568052.787522,4696205.285301642,random2_k9,9,0.4132329881559022
cleanStatic,selection,53,52.9901952,6,7,1324504880,1325004880,5568052.787522,4696205.285301642,random3_k9,9,0.4316934282338273
cleanStatic,selection,53,52.9901952,6,7,1324504880,1325004880,5568052.787522,4696205.285301642,random4_k9,9,0.13842524441753756
cleanStatic,selection,53,52.9901952,6,7,1324504880,1325004880,5568052.787522,4696205.285301642,random5_k9,9,0.4088017431776437
cleanStatic,selection,53,52.9903744,7,10,1324509360,1325009360,5565576.582524,2130532.7696556235,dense_two_source_glrt,187,0.3113647328379504
cleanStatic,selection,53,52.9903744,7,10,1324509360,1325009360,5565576.582524,2130532.7696556235,dense_one_source_residual,187,1.3080303827196913
cleanStatic,selection,53,52.9903744,7,10,1324509360,1325009360,5565576.582524,2130532.7696556235,raw_power_only,0,5565576.582524
cleanStatic,selection,53,52.9903744,7,10,1324509360,1325009360,5565576.582524,2130532.7696556235,analytic_sparse_k3,3,1.1661606968487443
cleanStatic,selection,53,52.9903744,7,10,1324509360,1325009360,5565576.582524,2130532.7696556235,uniform_k3,3,1.4322368016972646
cleanStatic,selection,53,52.9903744,7,10,1324509360,1325009360,5565576.582524,2130532.7696556235,shuffled_k3,3,0.3374880300872171
cleanStatic,selection,53,52.9903744,7,10,1324509360,1325009360,5565576.582524,2130532.7696556235,analytic_sparse_k5,5,1.1483516487085321
cleanStatic,selection,53,52.9903744,7,10,1324509360,1325009360,5565576.582524,2130532.7696556235,uniform_k5,5,1.2412851991591105
cleanStatic,selection,53,52.9903744,7,10,1324509360,1325009360,5565576.582524,2130532.7696556235,shuffled_k5,5,0.41194153518815213
cleanStatic,selection,53,52.9903744,7,10,1324509360,1325009360,5565576.582524,2130532.7696556235,analytic_sparse_k9,9,0.8864777075968057
cleanStatic,selection,53,52.9903744,7,10,1324509360,1325009360,5565576.582524,2130532.7696556235,uniform_k9,9,0.26271795444409285
cleanStatic,selection,53,52.9903744,7,10,1324509360,1325009360,5565576.582524,2130532.7696556235,shuffled_k9,9,0.08516418609160795
cleanStatic,selection,53,52.9903744,7,10,1324509360,1325009360,5565576.582524,2130532.7696556235,ai_sparse_k3,3,0.8218700572725357
cleanStatic,selection,53,52.9903744,7,10,1324509360,1325009360,5565576.582524,2130532.7696556235,pg_scc_k3,3,0.599596571451207
cleanStatic,selection,53,52.9903744,7,10,1324509360,1325009360,5565576.582524,2130532.7696556235,ai_sparse_k5,5,0.534529564437925
cleanStatic,selection,53,52.9903744,7,10,1324509360,1325009360,5565576.582524,2130532.7696556235,pg_scc_k5,5,0.9508268812833922
cleanStatic,selection,53,52.9903744,7,10,1324509360,1325009360,5565576.582524,2130532.7696556235,ai_sparse_k9,9,0.06752757857575888
cleanStatic,selection,53,52.9903744,7,10,1324509360,1325009360,5565576.582524,2130532.7696556235,pg_scc_k9,9,0.3505475814582193
cleanStatic,selection,53,52.9903744,7,10,1324509360,1325009360,5565576.582524,2130532.7696556235,epl3,3,0.36100802646810665
cleanStatic,selection,53,52.9903744,7,10,1324509360,1325009360,5565576.582524,2130532.7696556235,fixed9,9,0.07907412772076977
cleanStatic,selection,53,52.9903744,7,10,1324509360,1325009360,5565576.582524,2130532.7696556235,random1_k3,3,1.0912796555167066
cleanStatic,selection,53,52.9903744,7,10,1324509360,1325009360,5565576.582524,2130532.7696556235,random2_k3,3,1.1212420653185526
cleanStatic,selection,53,52.9903744,7,10,1324509360,1325009360,5565576.582524,2130532.7696556235,random3_k3,3,0.05490423177941026
cleanStatic,selection,53,52.9903744,7,10,1324509360,1325009360,5565576.582524,2130532.7696556235,random4_k3,3,0.9751312051148747
cleanStatic,selection,53,52.9903744,7,10,1324509360,1325009360,5565576.582524,2130532.7696556235,random5_k3,3,0.10274064751518923
cleanStatic,selection,53,52.9903744,7,10,1324509360,1325009360,5565576.582524,2130532.7696556235,random1_k5,5,0.48485458785218605
cleanStatic,selection,53,52.9903744,7,10,1324509360,1325009360,5565576.582524,2130532.7696556235,random2_k5,5,0.5430754119209936
cleanStatic,selection,53,52.9903744,7,10,1324509360,1325009360,5565576.582524,2130532.7696556235,random3_k5,5,0.2598297394269723
cleanStatic,selection,53,52.9903744,7,10,1324509360,1325009360,5565576.582524,2130532.7696556235,random4_k5,5,0.6871454278981114
cleanStatic,selection,53,52.9903744,7,10,1324509360,1325009360,5565576.582524,2130532.7696556235,random5_k5,5,0.39438859960708594
cleanStatic,selection,53,52.9903744,7,10,1324509360,1325009360,5565576.582524,2130532.7696556235,random1_k9,9,0.23259259007067967
cleanStatic,selection,53,52.9903744,7,10,1324509360,1325009360,5565576.582524,2130532.7696556235,random2_k9,9,0.4682091764776697
cleanStatic,selection,53,52.9903744,7,10,1324509360,1325009360,5565576.582524,2130532.7696556235,random3_k9,9,0.07935335144381926
cleanStatic,selection,53,52.9903744,7,10,1324509360,1325009360,5565576.582524,2130532.7696556235,random4_k9,9,0.4316203474815604
cleanStatic,selection,53,52.9903744,7,10,1324509360,1325009360,5565576.582524,2130532.7696556235,random5_k9,9,0.61131940466149
cleanStatic,selection,53,53.00367188,8,13,1324841797,1325341797,5544386.768146001,6610654.435831715,dense_two_source_glrt,187,0.09760352970124951
cleanStatic,selection,53,53.00367188,8,13,1324841797,1325341797,5544386.768146001,6610654.435831715,dense_one_source_residual,187,0.5903443876153303
cleanStatic,selection,53,53.00367188,8,13,1324841797,1325341797,5544386.768146001,6610654.435831715,raw_power_only,0,5544386.768146001
cleanStatic,selection,53,53.00367188,8,13,1324841797,1325341797,5544386.768146001,6610654.435831715,analytic_sparse_k3,3,0.10283793152223836
cleanStatic,selection,53,53.00367188,8,13,1324841797,1325341797,5544386.768146001,6610654.435831715,uniform_k3,3,0.1616852501238069
cleanStatic,selection,53,53.00367188,8,13,1324841797,1325341797,5544386.768146001,6610654.435831715,shuffled_k3,3,0.030308671365044903
cleanStatic,selection,53,53.00367188,8,13,1324841797,1325341797,5544386.768146001,6610654.435831715,analytic_sparse_k5,5,0.2138845498661887
cleanStatic,selection,53,53.00367188,8,13,1324841797,1325341797,5544386.768146001,6610654.435831715,uniform_k5,5,0.09277027702553489
cleanStatic,selection,53,53.00367188,8,13,1324841797,1325341797,5544386.768146001,6610654.435831715,shuffled_k5,5,0.19209193628809956
cleanStatic,selection,53,53.00367188,8,13,1324841797,1325341797,5544386.768146001,6610654.435831715,analytic_sparse_k9,9,0.180639068437465
cleanStatic,selection,53,53.00367188,8,13,1324841797,1325341797,5544386.768146001,6610654.435831715,uniform_k9,9,0.01991818227495474
cleanStatic,selection,53,53.00367188,8,13,1324841797,1325341797,5544386.768146001,6610654.435831715,shuffled_k9,9,0.31622399487556485
cleanStatic,selection,53,53.00367188,8,13,1324841797,1325341797,5544386.768146001,6610654.435831715,ai_sparse_k3,3,0.3630895283015196
cleanStatic,selection,53,53.00367188,8,13,1324841797,1325341797,5544386.768146001,6610654.435831715,pg_scc_k3,3,0.6314416884403627
cleanStatic,selection,53,53.00367188,8,13,1324841797,1325341797,5544386.768146001,6610654.435831715,ai_sparse_k5,5,0.3668742530937158
cleanStatic,selection,53,53.00367188,8,13,1324841797,1325341797,5544386.768146001,6610654.435831715,pg_scc_k5,5,0.25008661718886993
cleanStatic,selection,53,53.00367188,8,13,1324841797,1325341797,5544386.768146001,6610654.435831715,ai_sparse_k9,9,0.45213899224337006
cleanStatic,selection,53,53.00367188,8,13,1324841797,1325341797,5544386.768146001,6610654.435831715,pg_scc_k9,9,0.26700454599858436
cleanStatic,selection,53,53.00367188,8,13,1324841797,1325341797,5544386.768146001,6610654.435831715,epl3,3,0.5384781486167306
cleanStatic,selection,53,53.00367188,8,13,1324841797,1325341797,5544386.768146001,6610654.435831715,fixed9,9,0.40125437367093997
cleanStatic,selection,53,53.00367188,8,13,1324841797,1325341797,5544386.768146001,6610654.435831715,random1_k3,3,0.4032239564965217
cleanStatic,selection,53,53.00367188,8,13,1324841797,1325341797,5544386.768146001,6610654.435831715,random2_k3,3,0.3256828314438582
cleanStatic,selection,53,53.00367188,8,13,1324841797,1325341797,5544386.768146001,6610654.435831715,random3_k3,3,0.34040203555872833
cleanStatic,selection,53,53.00367188,8,13,1324841797,1325341797,5544386.768146001,6610654.435831715,random4_k3,3,0.42552679046797626
cleanStatic,selection,53,53.00367188,8,13,1324841797,1325341797,5544386.768146001,6610654.435831715,random5_k3,3,0.02392728433338843
cleanStatic,selection,53,53.00367188,8,13,1324841797,1325341797,5544386.768146001,6610654.435831715,random1_k5,5,0.2777350039809534
cleanStatic,selection,53,53.00367188,8,13,1324841797,1325341797,5544386.768146001,6610654.435831715,random2_k5,5,0.13728395493687373
cleanStatic,selection,53,53.00367188,8,13,1324841797,1325341797,5544386.768146001,6610654.435831715,random3_k5,5,0.2046367420646665
cleanStatic,selection,53,53.00367188,8,13,1324841797,1325341797,5544386.768146001,6610654.435831715,random4_k5,5,0.40954684717369894
cleanStatic,selection,53,53.00367188,8,13,1324841797,1325341797,5544386.768146001,6610654.435831715,random5_k5,5,0.31822982596380783
cleanStatic,selection,53,53.00367188,8,13,1324841797,1325341797,5544386.768146001,6610654.435831715,random1_k9,9,0.11738355297068481
cleanStatic,selection,53,53.00367188,8,13,1324841797,1325341797,5544386.768146001,6610654.435831715,random2_k9,9,0.11634768830886902
cleanStatic,selection,53,53.00367188,8,13,1324841797,1325341797,5544386.768146001,6610654.435831715,random3_k9,9,0.2854843142948873
cleanStatic,selection,53,53.00367188,8,13,1324841797,1325341797,5544386.768146001,6610654.435831715,random4_k9,9,0.3350321358333344
cleanStatic,selection,53,53.00367188,8,13,1324841797,1325341797,5544386.768146001,6610654.435831715,random5_k9,9,0.4574537789716836
cleanStatic,selection,53,53.0035072,9,19,1324837680,1325337680,5544488.927546,4638906.715844327,dense_two_source_glrt,187,0.12966607391389634
cleanStatic,selection,53,53.0035072,9,19,1324837680,1325337680,5544488.927546,4638906.715844327,dense_one_source_residual,187,0.6231067993150187
cleanStatic,selection,53,53.0035072,9,19,1324837680,1325337680,5544488.927546,4638906.715844327,raw_power_only,0,5544488.927546
cleanStatic,selection,53,53.0035072,9,19,1324837680,1325337680,5544488.927546,4638906.715844327,analytic_sparse_k3,3,0.06411821475104044
cleanStatic,selection,53,53.0035072,9,19,1324837680,1325337680,5544488.927546,4638906.715844327,uniform_k3,3,0.308410687456308
cleanStatic,selection,53,53.0035072,9,19,1324837680,1325337680,5544488.927546,4638906.715844327,shuffled_k3,3,0.10675386202896599
cleanStatic,selection,53,53.0035072,9,19,1324837680,1325337680,5544488.927546,4638906.715844327,analytic_sparse_k5,5,0.19729139852975627
cleanStatic,selection,53,53.0035072,9,19,1324837680,1325337680,5544488.927546,4638906.715844327,uniform_k5,5,0.2562231795238067
cleanStatic,selection,53,53.0035072,9,19,1324837680,1325337680,5544488.927546,4638906.715844327,shuffled_k5,5,0.2869085884773913
cleanStatic,selection,53,53.0035072,9,19,1324837680,1325337680,5544488.927546,4638906.715844327,analytic_sparse_k9,9,0.1622562789345241
cleanStatic,selection,53,53.0035072,9,19,1324837680,1325337680,5544488.927546,4638906.715844327,uniform_k9,9,0.1486486866437366
cleanStatic,selection,53,53.0035072,9,19,1324837680,1325337680,5544488.927546,4638906.715844327,shuffled_k9,9,0.4094438734858298
cleanStatic,selection,53,53.0035072,9,19,1324837680,1325337680,5544488.927546,4638906.715844327,ai_sparse_k3,3,0.6415953723773248
cleanStatic,selection,53,53.0035072,9,19,1324837680,1325337680,5544488.927546,4638906.715844327,pg_scc_k3,3,0.48607396521524576
cleanStatic,selection,53,53.0035072,9,19,1324837680,1325337680,5544488.927546,4638906.715844327,ai_sparse_k5,5,0.27908805890570965
cleanStatic,selection,53,53.0035072,9,19,1324837680,1325337680,5544488.927546,4638906.715844327,pg_scc_k5,5,0.07820690749609369
cleanStatic,selection,53,53.0035072,9,19,1324837680,1325337680,5544488.927546,4638906.715844327,ai_sparse_k9,9,0.12535279822185894
cleanStatic,selection,53,53.0035072,9,19,1324837680,1325337680,5544488.927546,4638906.715844327,pg_scc_k9,9,0.0836595082584096
cleanStatic,selection,53,53.0035072,9,19,1324837680,1325337680,5544488.927546,4638906.715844327,epl3,3,0.8295964746764861
cleanStatic,selection,53,53.0035072,9,19,1324837680,1325337680,5544488.927546,4638906.715844327,fixed9,9,0.4746703245443469
cleanStatic,selection,53,53.0035072,9,19,1324837680,1325337680,5544488.927546,4638906.715844327,random1_k3,3,0.18841775728384022
cleanStatic,selection,53,53.0035072,9,19,1324837680,1325337680,5544488.927546,4638906.715844327,random2_k3,3,0.3496253382124878
cleanStatic,selection,53,53.0035072,9,19,1324837680,1325337680,5544488.927546,4638906.715844327,random3_k3,3,0.47666021442270967
cleanStatic,selection,53,53.0035072,9,19,1324837680,1325337680,5544488.927546,4638906.715844327,random4_k3,3,0.527961607041786
cleanStatic,selection,53,53.0035072,9,19,1324837680,1325337680,5544488.927546,4638906.715844327,random5_k3,3,0.1573719686859079
cleanStatic,selection,53,53.0035072,9,19,1324837680,1325337680,5544488.927546,4638906.715844327,random1_k5,5,0.32281272407581774
cleanStatic,selection,53,53.0035072,9,19,1324837680,1325337680,5544488.927546,4638906.715844327,random2_k5,5,0.2029645223234257
cleanStatic,selection,53,53.0035072,9,19,1324837680,1325337680,5544488.927546,4638906.715844327,random3_k5,5,0.3381124589108107
cleanStatic,selection,53,53.0035072,9,19,1324837680,1325337680,5544488.927546,4638906.715844327,random4_k5,5,0.14092598182405638
cleanStatic,selection,53,53.0035072,9,19,1324837680,1325337680,5544488.927546,4638906.715844327,random5_k5,5,0.4724191285089908
cleanStatic,selection,53,53.0035072,9,19,1324837680,1325337680,5544488.927546,4638906.715844327,random1_k9,9,0.4776126109916019
cleanStatic,selection,53,53.0035072,9,19,1324837680,1325337680,5544488.927546,4638906.715844327,random2_k9,9,0.1527373409966454
cleanStatic,selection,53,53.0035072,9,19,1324837680,1325337680,5544488.927546,4638906.715844327,random3_k9,9,0.20178988147720003
cleanStatic,selection,53,53.0035072,9,19,1324837680,1325337680,5544488.927546,4638906.715844327,random4_k9,9,0.17346408796765556
cleanStatic,selection,53,53.0035072,9,19,1324837680,1325337680,5544488.927546,4638906.715844327,random5_k9,9,0.08919714372839523
cleanStatic,selection,53,52.990616,10,23,1324515400,1325015400,5565506.146088,6780470.128112276,dense_two_source_glrt,187,0.11516492142335262
cleanStatic,selection,53,52.990616,10,23,1324515400,1325015400,5565506.146088,6780470.128112276,dense_one_source_residual,187,0.31182834256793046
cleanStatic,selection,53,52.990616,10,23,1324515400,1325015400,5565506.146088,6780470.128112276,raw_power_only,0,5565506.146088
cleanStatic,selection,53,52.990616,10,23,1324515400,1325015400,5565506.146088,6780470.128112276,analytic_sparse_k3,3,0.02781789391716365
cleanStatic,selection,53,52.990616,10,23,1324515400,1325015400,5565506.146088,6780470.128112276,uniform_k3,3,0.27040728248934554
cleanStatic,selection,53,52.990616,10,23,1324515400,1325015400,5565506.146088,6780470.128112276,shuffled_k3,3,0.08626292565172389
cleanStatic,selection,53,52.990616,10,23,1324515400,1325015400,5565506.146088,6780470.128112276,analytic_sparse_k5,5,0.08950372916577531
cleanStatic,selection,53,52.990616,10,23,1324515400,1325015400,5565506.146088,6780470.128112276,uniform_k5,5,0.11825336788760699
cleanStatic,selection,53,52.990616,10,23,1324515400,1325015400,5565506.146088,6780470.128112276,shuffled_k5,5,0.17450987497088727
cleanStatic,selection,53,52.990616,10,23,1324515400,1325015400,5565506.146088,6780470.128112276,analytic_sparse_k9,9,0.0841322684060912
cleanStatic,selection,53,52.990616,10,23,1324515400,1325015400,5565506.146088,6780470.128112276,uniform_k9,9,0.09689034027434361
cleanStatic,selection,53,52.990616,10,23,1324515400,1325015400,5565506.146088,6780470.128112276,shuffled_k9,9,0.18547923141184153
cleanStatic,selection,53,52.990616,10,23,1324515400,1325015400,5565506.146088,6780470.128112276,ai_sparse_k3,3,0.21533891756240522
cleanStatic,selection,53,52.990616,10,23,1324515400,1325015400,5565506.146088,6780470.128112276,pg_scc_k3,3,0.08621765285365708
cleanStatic,selection,53,52.990616,10,23,1324515400,1325015400,5565506.146088,6780470.128112276,ai_sparse_k5,5,0.25322408380844175
cleanStatic,selection,53,52.990616,10,23,1324515400,1325015400,5565506.146088,6780470.128112276,pg_scc_k5,5,0.147924871225075
cleanStatic,selection,53,52.990616,10,23,1324515400,1325015400,5565506.146088,6780470.128112276,ai_sparse_k9,9,0.11517294454593707
cleanStatic,selection,53,52.990616,10,23,1324515400,1325015400,5565506.146088,6780470.128112276,pg_scc_k9,9,0.090137672141842
cleanStatic,selection,53,52.990616,10,23,1324515400,1325015400,5565506.146088,6780470.128112276,epl3,3,0.2275099102689524
cleanStatic,selection,53,52.990616,10,23,1324515400,1325015400,5565506.146088,6780470.128112276,fixed9,9,0.15777039858070518
cleanStatic,selection,53,52.990616,10,23,1324515400,1325015400,5565506.146088,6780470.128112276,random1_k3,3,0.13049447726120067
cleanStatic,selection,53,52.990616,10,23,1324515400,1325015400,5565506.146088,6780470.128112276,random2_k3,3,0.1966951914876285
cleanStatic,selection,53,52.990616,10,23,1324515400,1325015400,5565506.146088,6780470.128112276,random3_k3,3,0.2451893047217737
cleanStatic,selection,53,52.990616,10,23,1324515400,1325015400,5565506.146088,6780470.128112276,random4_k3,3,0.1522794147583625
cleanStatic,selection,53,52.990616,10,23,1324515400,1325015400,5565506.146088,6780470.128112276,random5_k3,3,0.24299462387142967
cleanStatic,selection,53,52.990616,10,23,1324515400,1325015400,5565506.146088,6780470.128112276,random1_k5,5,0.16171795796561866
cleanStatic,selection,53,52.990616,10,23,1324515400,1325015400,5565506.146088,6780470.128112276,random2_k5,5,0.18751669575746416
cleanStatic,selection,53,52.990616,10,23,1324515400,1325015400,5565506.146088,6780470.128112276,random3_k5,5,0.12159057613456037
cleanStatic,selection,53,52.990616,10,23,1324515400,1325015400,5565506.146088,6780470.128112276,random4_k5,5,0.0734624724701981
cleanStatic,selection,53,52.990616,10,23,1324515400,1325015400,5565506.146088,6780470.128112276,random5_k5,5,0.2608695470090269
cleanStatic,selection,53,52.990616,10,23,1324515400,1325015400,5565506.146088,6780470.128112276,random1_k9,9,0.29813437946104043
cleanStatic,selection,53,52.990616,10,23,1324515400,1325015400,5565506.146088,6780470.128112276,random2_k9,9,0.08031098171559951
cleanStatic,selection,53,52.990616,10,23,1324515400,1325015400,5565506.146088,6780470.128112276,random3_k9,9,0.2049806890339569
cleanStatic,selection,53,52.990616,10,23,1324515400,1325015400,5565506.146088,6780470.128112276,random4_k9,9,0.1157702542775695
cleanStatic,selection,53,52.990616,10,23,1324515400,1325015400,5565506.146088,6780470.128112276,random5_k9,9,0.08895362693245198
cleanStatic,selection,54,54.00629928,0,16,1349907482,1350407482,5540916.605086,5187988.43692861,dense_two_source_glrt,187,0.12248874094605622
cleanStatic,selection,54,54.00629928,0,16,1349907482,1350407482,5540916.605086,5187988.43692861,dense_one_source_residual,187,0.7385550166720264
cleanStatic,selection,54,54.00629928,0,16,1349907482,1350407482,5540916.605086,5187988.43692861,raw_power_only,0,5540916.605086
cleanStatic,selection,54,54.00629928,0,16,1349907482,1350407482,5540916.605086,5187988.43692861,analytic_sparse_k3,3,0.48209752702415837
cleanStatic,selection,54,54.00629928,0,16,1349907482,1350407482,5540916.605086,5187988.43692861,uniform_k3,3,0.5149553372608008
cleanStatic,selection,54,54.00629928,0,16,1349907482,1350407482,5540916.605086,5187988.43692861,shuffled_k3,3,0.35935562055169123
cleanStatic,selection,54,54.00629928,0,16,1349907482,1350407482,5540916.605086,5187988.43692861,analytic_sparse_k5,5,0.4436770477223472
cleanStatic,selection,54,54.00629928,0,16,1349907482,1350407482,5540916.605086,5187988.43692861,uniform_k5,5,0.2295561729065793
cleanStatic,selection,54,54.00629928,0,16,1349907482,1350407482,5540916.605086,5187988.43692861,shuffled_k5,5,0.23329351053718872
cleanStatic,selection,54,54.00629928,0,16,1349907482,1350407482,5540916.605086,5187988.43692861,analytic_sparse_k9,9,0.2588163788373295
cleanStatic,selection,54,54.00629928,0,16,1349907482,1350407482,5540916.605086,5187988.43692861,uniform_k9,9,0.0646257496471056
cleanStatic,selection,54,54.00629928,0,16,1349907482,1350407482,5540916.605086,5187988.43692861,shuffled_k9,9,0.3692017414058295
cleanStatic,selection,54,54.00629928,0,16,1349907482,1350407482,5540916.605086,5187988.43692861,ai_sparse_k3,3,0.3340959373884412
cleanStatic,selection,54,54.00629928,0,16,1349907482,1350407482,5540916.605086,5187988.43692861,pg_scc_k3,3,0.7176043409747307
cleanStatic,selection,54,54.00629928,0,16,1349907482,1350407482,5540916.605086,5187988.43692861,ai_sparse_k5,5,0.5987883712734171
cleanStatic,selection,54,54.00629928,0,16,1349907482,1350407482,5540916.605086,5187988.43692861,pg_scc_k5,5,0.19159671058971223
cleanStatic,selection,54,54.00629928,0,16,1349907482,1350407482,5540916.605086,5187988.43692861,ai_sparse_k9,9,0.528061315544407
cleanStatic,selection,54,54.00629928,0,16,1349907482,1350407482,5540916.605086,5187988.43692861,pg_scc_k9,9,0.11020104702349325
cleanStatic,selection,54,54.00629928,0,16,1349907482,1350407482,5540916.605086,5187988.43692861,epl3,3,0.26361937930111484
cleanStatic,selection,54,54.00629928,0,16,1349907482,1350407482,5540916.605086,5187988.43692861,fixed9,9,0.5387843865773712
cleanStatic,selection,54,54.00629928,0,16,1349907482,1350407482,5540916.605086,5187988.43692861,random1_k3,3,0.44796939685723514
cleanStatic,selection,54,54.00629928,0,16,1349907482,1350407482,5540916.605086,5187988.43692861,random2_k3,3,0.41329836883285936
cleanStatic,selection,54,54.00629928,0,16,1349907482,1350407482,5540916.605086,5187988.43692861,random3_k3,3,0.7381416800872665
cleanStatic,selection,54,54.00629928,0,16,1349907482,1350407482,5540916.605086,5187988.43692861,random4_k3,3,0.46345181209721487
cleanStatic,selection,54,54.00629928,0,16,1349907482,1350407482,5540916.605086,5187988.43692861,random5_k3,3,0.3685946146536438
cleanStatic,selection,54,54.00629928,0,16,1349907482,1350407482,5540916.605086,5187988.43692861,random1_k5,5,0.17737682645151187
cleanStatic,selection,54,54.00629928,0,16,1349907482,1350407482,5540916.605086,5187988.43692861,random2_k5,5,0.27630053816220934
cleanStatic,selection,54,54.00629928,0,16,1349907482,1350407482,5540916.605086,5187988.43692861,random3_k5,5,0.440048115787165
cleanStatic,selection,54,54.00629928,0,16,1349907482,1350407482,5540916.605086,5187988.43692861,random4_k5,5,0.5110704424818208
cleanStatic,selection,54,54.00629928,0,16,1349907482,1350407482,5540916.605086,5187988.43692861,random5_k5,5,0.08657631812805637
cleanStatic,selection,54,54.00629928,0,16,1349907482,1350407482,5540916.605086,5187988.43692861,random1_k9,9,0.20653426387170068
cleanStatic,selection,54,54.00629928,0,16,1349907482,1350407482,5540916.605086,5187988.43692861,random2_k9,9,0.13855321090143846
cleanStatic,selection,54,54.00629928,0,16,1349907482,1350407482,5540916.605086,5187988.43692861,random3_k9,9,0.12668556717925494
cleanStatic,selection,54,54.00629928,0,16,1349907482,1350407482,5540916.605086,5187988.43692861,random4_k9,9,0.18023793575203775
cleanStatic,selection,54,54.00629928,0,16,1349907482,1350407482,5540916.605086,5187988.43692861,random5_k9,9,0.16637338382417452
cleanStatic,selection,54,53.990543,2,3,1349513575,1350013575,5544270.161870001,5887386.890271873,dense_two_source_glrt,187,0.04049205964356044
cleanStatic,selection,54,53.990543,2,3,1349513575,1350013575,5544270.161870001,5887386.890271873,dense_one_source_residual,187,0.25974205847060683
cleanStatic,selection,54,53.990543,2,3,1349513575,1350013575,5544270.161870001,5887386.890271873,raw_power_only,0,5544270.161870001
cleanStatic,selection,54,53.990543,2,3,1349513575,1350013575,5544270.161870001,5887386.890271873,analytic_sparse_k3,3,0.06553590900788202
cleanStatic,selection,54,53.990543,2,3,1349513575,1350013575,5544270.161870001,5887386.890271873,uniform_k3,3,0.23408767721852977
cleanStatic,selection,54,53.990543,2,3,1349513575,1350013575,5544270.161870001,5887386.890271873,shuffled_k3,3,0.1541823376326676
cleanStatic,selection,54,53.990543,2,3,1349513575,1350013575,5544270.161870001,5887386.890271873,analytic_sparse_k5,5,0.05259454534805304
cleanStatic,selection,54,53.990543,2,3,1349513575,1350013575,5544270.161870001,5887386.890271873,uniform_k5,5,0.13763816705090393
cleanStatic,selection,54,53.990543,2,3,1349513575,1350013575,5544270.161870001,5887386.890271873,shuffled_k5,5,0.10683825148194268
cleanStatic,selection,54,53.990543,2,3,1349513575,1350013575,5544270.161870001,5887386.890271873,analytic_sparse_k9,9,0.043082122428948745
cleanStatic,selection,54,53.990543,2,3,1349513575,1350013575,5544270.161870001,5887386.890271873,uniform_k9,9,0.03804668115340721
cleanStatic,selection,54,53.990543,2,3,1349513575,1350013575,5544270.161870001,5887386.890271873,shuffled_k9,9,0.07291913557041024
cleanStatic,selection,54,53.990543,2,3,1349513575,1350013575,5544270.161870001,5887386.890271873,ai_sparse_k3,3,0.31290420909519856
cleanStatic,selection,54,53.990543,2,3,1349513575,1350013575,5544270.161870001,5887386.890271873,pg_scc_k3,3,0.1300766935663988
cleanStatic,selection,54,53.990543,2,3,1349513575,1350013575,5544270.161870001,5887386.890271873,ai_sparse_k5,5,0.06187647184193137
cleanStatic,selection,54,53.990543,2,3,1349513575,1350013575,5544270.161870001,5887386.890271873,pg_scc_k5,5,0.08955209491785854
cleanStatic,selection,54,53.990543,2,3,1349513575,1350013575,5544270.161870001,5887386.890271873,ai_sparse_k9,9,0.07742715870402367
cleanStatic,selection,54,53.990543,2,3,1349513575,1350013575,5544270.161870001,5887386.890271873,pg_scc_k9,9,0.08625202558762485
cleanStatic,selection,54,53.990543,2,3,1349513575,1350013575,5544270.161870001,5887386.890271873,epl3,3,0.16493255915270053
cleanStatic,selection,54,53.990543,2,3,1349513575,1350013575,5544270.161870001,5887386.890271873,fixed9,9,0.11895153457491776
cleanStatic,selection,54,53.990543,2,3,1349513575,1350013575,5544270.161870001,5887386.890271873,random1_k3,3,0.10037888363787432
cleanStatic,selection,54,53.990543,2,3,1349513575,1350013575,5544270.161870001,5887386.890271873,random2_k3,3,0.13916190500330347
cleanStatic,selection,54,53.990543,2,3,1349513575,1350013575,5544270.161870001,5887386.890271873,random3_k3,3,0.07812333639704053
cleanStatic,selection,54,53.990543,2,3,1349513575,1350013575,5544270.161870001,5887386.890271873,random4_k3,3,0.11504357053841363
cleanStatic,selection,54,53.990543,2,3,1349513575,1350013575,5544270.161870001,5887386.890271873,random5_k3,3,0.1584299034965932
cleanStatic,selection,54,53.990543,2,3,1349513575,1350013575,5544270.161870001,5887386.890271873,random1_k5,5,0.1568837826879841
cleanStatic,selection,54,53.990543,2,3,1349513575,1350013575,5544270.161870001,5887386.890271873,random2_k5,5,0.09858931525325194
cleanStatic,selection,54,53.990543,2,3,1349513575,1350013575,5544270.161870001,5887386.890271873,random3_k5,5,0.0682899698285826
cleanStatic,selection,54,53.990543,2,3,1349513575,1350013575,5544270.161870001,5887386.890271873,random4_k5,5,0.049684934809285174
cleanStatic,selection,54,53.990543,2,3,1349513575,1350013575,5544270.161870001,5887386.890271873,random5_k5,5,0.12350453788792382
cleanStatic,selection,54,53.990543,2,3,1349513575,1350013575,5544270.161870001,5887386.890271873,random1_k9,9,0.08877716889656731
cleanStatic,selection,54,53.990543,2,3,1349513575,1350013575,5544270.161870001,5887386.890271873,random2_k9,9,0.027923923719786706
cleanStatic,selection,54,53.990543,2,3,1349513575,1350013575,5544270.161870001,5887386.890271873,random3_k9,9,0.14021601491726102
cleanStatic,selection,54,53.990543,2,3,1349513575,1350013575,5544270.161870001,5887386.890271873,random4_k9,9,0.045298988378722704
cleanStatic,selection,54,53.990543,2,3,1349513575,1350013575,5544270.161870001,5887386.890271873,random5_k9,9,0.09188886960547712
cleanStatic,selection,54,53.99134736,3,20,1349533684,1350033684,5540234.665886002,2106995.426043789,dense_two_source_glrt,187,0.17359230917317386
cleanStatic,selection,54,53.99134736,3,20,1349533684,1350033684,5540234.665886002,2106995.426043789,dense_one_source_residual,187,1.3231469719335593
cleanStatic,selection,54,53.99134736,3,20,1349533684,1350033684,5540234.665886002,2106995.426043789,raw_power_only,0,5540234.665886002
cleanStatic,selection,54,53.99134736,3,20,1349533684,1350033684,5540234.665886002,2106995.426043789,analytic_sparse_k3,3,0.08003168137806603
cleanStatic,selection,54,53.99134736,3,20,1349533684,1350033684,5540234.665886002,2106995.426043789,uniform_k3,3,0.8587607284235591
cleanStatic,selection,54,53.99134736,3,20,1349533684,1350033684,5540234.665886002,2106995.426043789,shuffled_k3,3,0.8595947491856076
cleanStatic,selection,54,53.99134736,3,20,1349533684,1350033684,5540234.665886002,2106995.426043789,analytic_sparse_k5,5,0.32461831567259225
cleanStatic,selection,54,53.99134736,3,20,1349533684,1350033684,5540234.665886002,2106995.426043789,uniform_k5,5,0.3264193929774633
cleanStatic,selection,54,53.99134736,3,20,1349533684,1350033684,5540234.665886002,2106995.426043789,shuffled_k5,5,0.4273382099616584
cleanStatic,selection,54,53.99134736,3,20,1349533684,1350033684,5540234.665886002,2106995.426043789,analytic_sparse_k9,9,0.8116775398013807
cleanStatic,selection,54,53.99134736,3,20,1349533684,1350033684,5540234.665886002,2106995.426043789,uniform_k9,9,0.0846510439701668
cleanStatic,selection,54,53.99134736,3,20,1349533684,1350033684,5540234.665886002,2106995.426043789,shuffled_k9,9,0.2758201048610862
cleanStatic,selection,54,53.99134736,3,20,1349533684,1350033684,5540234.665886002,2106995.426043789,ai_sparse_k3,3,1.224726513311449
cleanStatic,selection,54,53.99134736,3,20,1349533684,1350033684,5540234.665886002,2106995.426043789,pg_scc_k3,3,0.6074215209563923
cleanStatic,selection,54,53.99134736,3,20,1349533684,1350033684,5540234.665886002,2106995.426043789,ai_sparse_k5,5,0.28636886276421797
cleanStatic,selection,54,53.99134736,3,20,1349533684,1350033684,5540234.665886002,2106995.426043789,pg_scc_k5,5,0.5489813949581798
cleanStatic,selection,54,53.99134736,3,20,1349533684,1350033684,5540234.665886002,2106995.426043789,ai_sparse_k9,9,0.12092901807742991
cleanStatic,selection,54,53.99134736,3,20,1349533684,1350033684,5540234.665886002,2106995.426043789,pg_scc_k9,9,0.6223723654958118
cleanStatic,selection,54,53.99134736,3,20,1349533684,1350033684,5540234.665886002,2106995.426043789,epl3,3,0.6158695533610145
cleanStatic,selection,54,53.99134736,3,20,1349533684,1350033684,5540234.665886002,2106995.426043789,fixed9,9,0.43338039686518937
cleanStatic,selection,54,53.99134736,3,20,1349533684,1350033684,5540234.665886002,2106995.426043789,random1_k3,3,0.2983731255203999
cleanStatic,selection,54,53.99134736,3,20,1349533684,1350033684,5540234.665886002,2106995.426043789,random2_k3,3,0.13295281080248642
cleanStatic,selection,54,53.99134736,3,20,1349533684,1350033684,5540234.665886002,2106995.426043789,random3_k3,3,0.6638194354415198
cleanStatic,selection,54,53.99134736,3,20,1349533684,1350033684,5540234.665886002,2106995.426043789,random4_k3,3,0.8189465915006928
cleanStatic,selection,54,53.99134736,3,20,1349533684,1350033684,5540234.665886002,2106995.426043789,random5_k3,3,0.32201274149830744
cleanStatic,selection,54,53.99134736,3,20,1349533684,1350033684,5540234.665886002,2106995.426043789,random1_k5,5,0.21904189251815137
cleanStatic,selection,54,53.99134736,3,20,1349533684,1350033684,5540234.665886002,2106995.426043789,random2_k5,5,0.4209552976704761
cleanStatic,selection,54,53.99134736,3,20,1349533684,1350033684,5540234.665886002,2106995.426043789,random3_k5,5,0.40464466850106273
cleanStatic,selection,54,53.99134736,3,20,1349533684,1350033684,5540234.665886002,2106995.426043789,random4_k5,5,0.6091368763100793
cleanStatic,selection,54,53.99134736,3,20,1349533684,1350033684,5540234.665886002,2106995.426043789,random5_k5,5,0.3555918211608161
cleanStatic,selection,54,53.99134736,3,20,1349533684,1350033684,5540234.665886002,2106995.426043789,random1_k9,9,0.47137303263333075
cleanStatic,selection,54,53.99134736,3,20,1349533684,1350033684,5540234.665886002,2106995.426043789,random2_k9,9,0.23849640723035234
cleanStatic,selection,54,53.99134736,3,20,1349533684,1350033684,5540234.665886002,2106995.426043789,random3_k9,9,0.22321765286929926
cleanStatic,selection,54,53.99134736,3,20,1349533684,1350033684,5540234.665886002,2106995.426043789,random4_k9,9,0.44193846399197834
cleanStatic,selection,54,53.99134736,3,20,1349533684,1350033684,5540234.665886002,2106995.426043789,random5_k9,9,0.256395439750019
cleanStatic,selection,54,54.1656574,4,30,1353891435,1354391435,5590857.014366001,2363974.5562160746,dense_two_source_glrt,187,0.2422692504367248
cleanStatic,selection,54,54.1656574,4,30,1353891435,1354391435,5590857.014366001,2363974.5562160746,dense_one_source_residual,187,1.6767909635236933
cleanStatic,selection,54,54.1656574,4,30,1353891435,1354391435,5590857.014366001,2363974.5562160746,raw_power_only,0,5590857.014366001
cleanStatic,selection,54,54.1656574,4,30,1353891435,1354391435,5590857.014366001,2363974.5562160746,analytic_sparse_k3,3,1.0371203731955732
cleanStatic,selection,54,54.1656574,4,30,1353891435,1354391435,5590857.014366001,2363974.5562160746,uniform_k3,3,0.5450964526627914
cleanStatic,selection,54,54.1656574,4,30,1353891435,1354391435,5590857.014366001,2363974.5562160746,shuffled_k3,3,1.768307120349368
cleanStatic,selection,54,54.1656574,4,30,1353891435,1354391435,5590857.014366001,2363974.5562160746,analytic_sparse_k5,5,1.1445824285713049
cleanStatic,selection,54,54.1656574,4,30,1353891435,1354391435,5590857.014366001,2363974.5562160746,uniform_k5,5,0.10778970476145525
cleanStatic,selection,54,54.1656574,4,30,1353891435,1354391435,5590857.014366001,2363974.5562160746,shuffled_k5,5,0.8195549570003834
cleanStatic,selection,54,54.1656574,4,30,1353891435,1354391435,5590857.014366001,2363974.5562160746,analytic_sparse_k9,9,0.7983030379347209
cleanStatic,selection,54,54.1656574,4,30,1353891435,1354391435,5590857.014366001,2363974.5562160746,uniform_k9,9,0.09332571905555653
cleanStatic,selection,54,54.1656574,4,30,1353891435,1354391435,5590857.014366001,2363974.5562160746,shuffled_k9,9,0.34686609978320615
cleanStatic,selection,54,54.1656574,4,30,1353891435,1354391435,5590857.014366001,2363974.5562160746,ai_sparse_k3,3,0.8773909210623186
cleanStatic,selection,54,54.1656574,4,30,1353891435,1354391435,5590857.014366001,2363974.5562160746,pg_scc_k3,3,0.05987768769946986
cleanStatic,selection,54,54.1656574,4,30,1353891435,1354391435,5590857.014366001,2363974.5562160746,ai_sparse_k5,5,0.8774242906944071
cleanStatic,selection,54,54.1656574,4,30,1353891435,1354391435,5590857.014366001,2363974.5562160746,pg_scc_k5,5,0.44813782104176586
cleanStatic,selection,54,54.1656574,4,30,1353891435,1354391435,5590857.014366001,2363974.5562160746,ai_sparse_k9,9,0.24415996651359212
cleanStatic,selection,54,54.1656574,4,30,1353891435,1354391435,5590857.014366001,2363974.5562160746,pg_scc_k9,9,0.16928051931225202
cleanStatic,selection,54,54.1656574,4,30,1353891435,1354391435,5590857.014366001,2363974.5562160746,epl3,3,0.729494408696434
cleanStatic,selection,54,54.1656574,4,30,1353891435,1354391435,5590857.014366001,2363974.5562160746,fixed9,9,0.2763921640602247
cleanStatic,selection,54,54.1656574,4,30,1353891435,1354391435,5590857.014366001,2363974.5562160746,random1_k3,3,2.0218586218596255
cleanStatic,selection,54,54.1656574,4,30,1353891435,1354391435,5590857.014366001,2363974.5562160746,random2_k3,3,0.546184591127053
cleanStatic,selection,54,54.1656574,4,30,1353891435,1354391435,5590857.014366001,2363974.5562160746,random3_k3,3,0.7257320062260613
cleanStatic,selection,54,54.1656574,4,30,1353891435,1354391435,5590857.014366001,2363974.5562160746,random4_k3,3,1.383725296451675
cleanStatic,selection,54,54.1656574,4,30,1353891435,1354391435,5590857.014366001,2363974.5562160746,random5_k3,3,0.1556315760378202
cleanStatic,selection,54,54.1656574,4,30,1353891435,1354391435,5590857.014366001,2363974.5562160746,random1_k5,5,0.6410400522436221
cleanStatic,selection,54,54.1656574,4,30,1353891435,1354391435,5590857.014366001,2363974.5562160746,random2_k5,5,0.6827873760542948
cleanStatic,selection,54,54.1656574,4,30,1353891435,1354391435,5590857.014366001,2363974.5562160746,random3_k5,5,0.7870253128380187
cleanStatic,selection,54,54.1656574,4,30,1353891435,1354391435,5590857.014366001,2363974.5562160746,random4_k5,5,0.13389840210526457
cleanStatic,selection,54,54.1656574,4,30,1353891435,1354391435,5590857.014366001,2363974.5562160746,random5_k5,5,1.2965115919933436
cleanStatic,selection,54,54.1656574,4,30,1353891435,1354391435,5590857.014366001,2363974.5562160746,random1_k9,9,0.8819148262242141
cleanStatic,selection,54,54.1656574,4,30,1353891435,1354391435,5590857.014366001,2363974.5562160746,random2_k9,9,0.3654825396381736
cleanStatic,selection,54,54.1656574,4,30,1353891435,1354391435,5590857.014366001,2363974.5562160746,random3_k9,9,0.8310480393092836
cleanStatic,selection,54,54.1656574,4,30,1353891435,1354391435,5590857.014366001,2363974.5562160746,random4_k9,9,0.6919035787101582
cleanStatic,selection,54,54.1656574,4,30,1353891435,1354391435,5590857.014366001,2363974.5562160746,random5_k9,9,0.8585358714869452
cleanStatic,selection,54,53.99065964,5,6,1349516491,1350016491,5544979.691226,4603004.901734756,dense_two_source_glrt,187,0.12219835670724224
cleanStatic,selection,54,53.99065964,5,6,1349516491,1350016491,5544979.691226,4603004.901734756,dense_one_source_residual,187,0.5536414980592378
cleanStatic,selection,54,53.99065964,5,6,1349516491,1350016491,5544979.691226,4603004.901734756,raw_power_only,0,5544979.691226
cleanStatic,selection,54,53.99065964,5,6,1349516491,1350016491,5544979.691226,4603004.901734756,analytic_sparse_k3,3,0.38886164488677916
cleanStatic,selection,54,53.99065964,5,6,1349516491,1350016491,5544979.691226,4603004.901734756,uniform_k3,3,0.21530277873184142
cleanStatic,selection,54,53.99065964,5,6,1349516491,1350016491,5544979.691226,4603004.901734756,shuffled_k3,3,0.2578673912392595
cleanStatic,selection,54,53.99065964,5,6,1349516491,1350016491,5544979.691226,4603004.901734756,analytic_sparse_k5,5,0.278632223236874
cleanStatic,selection,54,53.99065964,5,6,1349516491,1350016491,5544979.691226,4603004.901734756,uniform_k5,5,0.11035639461718316
cleanStatic,selection,54,53.99065964,5,6,1349516491,1350016491,5544979.691226,4603004.901734756,shuffled_k5,5,0.3096922493218918
cleanStatic,selection,54,53.99065964,5,6,1349516491,1350016491,5544979.691226,4603004.901734756,analytic_sparse_k9,9,0.1327897584679307
cleanStatic,selection,54,53.99065964,5,6,1349516491,1350016491,5544979.691226,4603004.901734756,uniform_k9,9,0.06469348732153099
cleanStatic,selection,54,53.99065964,5,6,1349516491,1350016491,5544979.691226,4603004.901734756,shuffled_k9,9,0.2610800391139814
cleanStatic,selection,54,53.99065964,5,6,1349516491,1350016491,5544979.691226,4603004.901734756,ai_sparse_k3,3,0.26646544548118617
cleanStatic,selection,54,53.99065964,5,6,1349516491,1350016491,5544979.691226,4603004.901734756,pg_scc_k3,3,0.4715273646958709
cleanStatic,selection,54,53.99065964,5,6,1349516491,1350016491,5544979.691226,4603004.901734756,ai_sparse_k5,5,0.3130054554417886
cleanStatic,selection,54,53.99065964,5,6,1349516491,1350016491,5544979.691226,4603004.901734756,pg_scc_k5,5,0.12555565527615994
cleanStatic,selection,54,53.99065964,5,6,1349516491,1350016491,5544979.691226,4603004.901734756,ai_sparse_k9,9,0.3302576005702419
cleanStatic,selection,54,53.99065964,5,6,1349516491,1350016491,5544979.691226,4603004.901734756,pg_scc_k9,9,0.1633933310411451
cleanStatic,selection,54,53.99065964,5,6,1349516491,1350016491,5544979.691226,4603004.901734756,epl3,3,0.5274279593864598
cleanStatic,selection,54,53.99065964,5,6,1349516491,1350016491,5544979.691226,4603004.901734756,fixed9,9,0.676711969642495
cleanStatic,selection,54,53.99065964,5,6,1349516491,1350016491,5544979.691226,4603004.901734756,random1_k3,3,0.5156326665012897
cleanStatic,selection,54,53.99065964,5,6,1349516491,1350016491,5544979.691226,4603004.901734756,random2_k3,3,0.08626310464471491
cleanStatic,selection,54,53.99065964,5,6,1349516491,1350016491,5544979.691226,4603004.901734756,random3_k3,3,0.09613680616424343
cleanStatic,selection,54,53.99065964,5,6,1349516491,1350016491,5544979.691226,4603004.901734756,random4_k3,3,0.5671387239744724
cleanStatic,selection,54,53.99065964,5,6,1349516491,1350016491,5544979.691226,4603004.901734756,random5_k3,3,0.24558420691447072
cleanStatic,selection,54,53.99065964,5,6,1349516491,1350016491,5544979.691226,4603004.901734756,random1_k5,5,0.16244214904801818
cleanStatic,selection,54,53.99065964,5,6,1349516491,1350016491,5544979.691226,4603004.901734756,random2_k5,5,0.12632983525547142
cleanStatic,selection,54,53.99065964,5,6,1349516491,1350016491,5544979.691226,4603004.901734756,random3_k5,5,0.42510953589083195
cleanStatic,selection,54,53.99065964,5,6,1349516491,1350016491,5544979.691226,4603004.901734756,random4_k5,5,0.501804521336519
cleanStatic,selection,54,53.99065964,5,6,1349516491,1350016491,5544979.691226,4603004.901734756,random5_k5,5,0.07263251693017234
cleanStatic,selection,54,53.99065964,5,6,1349516491,1350016491,5544979.691226,4603004.901734756,random1_k9,9,0.06894273877355106
cleanStatic,selection,54,53.99065964,5,6,1349516491,1350016491,5544979.691226,4603004.901734756,random2_k9,9,0.08271507307638862
cleanStatic,selection,54,53.99065964,5,6,1349516491,1350016491,5544979.691226,4603004.901734756,random3_k9,9,0.25805389637049214
cleanStatic,selection,54,53.99065964,5,6,1349516491,1350016491,5544979.691226,4603004.901734756,random4_k9,9,0.10875057810973907
cleanStatic,selection,54,53.99065964,5,6,1349516491,1350016491,5544979.691226,4603004.901734756,random5_k9,9,0.10962106634699836
cleanStatic,selection,54,54.005194,6,7,1349879850,1350379850,5540201.312348,4572424.739113741,dense_two_source_glrt,187,0.07441399230953624
cleanStatic,selection,54,54.005194,6,7,1349879850,1350379850,5540201.312348,4572424.739113741,dense_one_source_residual,187,0.7578096248100166
cleanStatic,selection,54,54.005194,6,7,1349879850,1350379850,5540201.312348,4572424.739113741,raw_power_only,0,5540201.312348
cleanStatic,selection,54,54.005194,6,7,1349879850,1350379850,5540201.312348,4572424.739113741,analytic_sparse_k3,3,0.18930761715079134
cleanStatic,selection,54,54.005194,6,7,1349879850,1350379850,5540201.312348,4572424.739113741,uniform_k3,3,0.7838760501044773
cleanStatic,selection,54,54.005194,6,7,1349879850,1350379850,5540201.312348,4572424.739113741,shuffled_k3,3,0.5624428900954306
cleanStatic,selection,54,54.005194,6,7,1349879850,1350379850,5540201.312348,4572424.739113741,analytic_sparse_k5,5,0.27008628718338
cleanStatic,selection,54,54.005194,6,7,1349879850,1350379850,5540201.312348,4572424.739113741,uniform_k5,5,0.4600378224886807
cleanStatic,selection,54,54.005194,6,7,1349879850,1350379850,5540201.312348,4572424.739113741,shuffled_k5,5,0.37543305142774597
cleanStatic,selection,54,54.005194,6,7,1349879850,1350379850,5540201.312348,4572424.739113741,analytic_sparse_k9,9,0.17142582969088815
cleanStatic,selection,54,54.005194,6,7,1349879850,1350379850,5540201.312348,4572424.739113741,uniform_k9,9,0.09482997957181095
cleanStatic,selection,54,54.005194,6,7,1349879850,1350379850,5540201.312348,4572424.739113741,shuffled_k9,9,0.12993683486998137
cleanStatic,selection,54,54.005194,6,7,1349879850,1350379850,5540201.312348,4572424.739113741,ai_sparse_k3,3,0.053131398937659696
cleanStatic,selection,54,54.005194,6,7,1349879850,1350379850,5540201.312348,4572424.739113741,pg_scc_k3,3,0.3230351290636349
cleanStatic,selection,54,54.005194,6,7,1349879850,1350379850,5540201.312348,4572424.739113741,ai_sparse_k5,5,0.11566125817058988
cleanStatic,selection,54,54.005194,6,7,1349879850,1350379850,5540201.312348,4572424.739113741,pg_scc_k5,5,0.16632370137045122
cleanStatic,selection,54,54.005194,6,7,1349879850,1350379850,5540201.312348,4572424.739113741,ai_sparse_k9,9,0.13381037630397014
cleanStatic,selection,54,54.005194,6,7,1349879850,1350379850,5540201.312348,4572424.739113741,pg_scc_k9,9,0.2221459128139582
cleanStatic,selection,54,54.005194,6,7,1349879850,1350379850,5540201.312348,4572424.739113741,epl3,3,0.6483157925383022
cleanStatic,selection,54,54.005194,6,7,1349879850,1350379850,5540201.312348,4572424.739113741,fixed9,9,0.4369230469009161
cleanStatic,selection,54,54.005194,6,7,1349879850,1350379850,5540201.312348,4572424.739113741,random1_k3,3,0.49259031770774486
cleanStatic,selection,54,54.005194,6,7,1349879850,1350379850,5540201.312348,4572424.739113741,random2_k3,3,0.19335394802150083
cleanStatic,selection,54,54.005194,6,7,1349879850,1350379850,5540201.312348,4572424.739113741,random3_k3,3,0.3780097546116737
cleanStatic,selection,54,54.005194,6,7,1349879850,1350379850,5540201.312348,4572424.739113741,random4_k3,3,0.4011955477128697
cleanStatic,selection,54,54.005194,6,7,1349879850,1350379850,5540201.312348,4572424.739113741,random5_k3,3,0.17380833807346263
cleanStatic,selection,54,54.005194,6,7,1349879850,1350379850,5540201.312348,4572424.739113741,random1_k5,5,0.3103112542752717
cleanStatic,selection,54,54.005194,6,7,1349879850,1350379850,5540201.312348,4572424.739113741,random2_k5,5,0.3835091404434109
cleanStatic,selection,54,54.005194,6,7,1349879850,1350379850,5540201.312348,4572424.739113741,random3_k5,5,0.6504731843181498
cleanStatic,selection,54,54.005194,6,7,1349879850,1350379850,5540201.312348,4572424.739113741,random4_k5,5,0.5767804182561439
cleanStatic,selection,54,54.005194,6,7,1349879850,1350379850,5540201.312348,4572424.739113741,random5_k5,5,0.13828829166413095
cleanStatic,selection,54,54.005194,6,7,1349879850,1350379850,5540201.312348,4572424.739113741,random1_k9,9,0.2398799857850492
cleanStatic,selection,54,54.005194,6,7,1349879850,1350379850,5540201.312348,4572424.739113741,random2_k9,9,0.20062435037557305
cleanStatic,selection,54,54.005194,6,7,1349879850,1350379850,5540201.312348,4572424.739113741,random3_k9,9,0.09948583187130065
cleanStatic,selection,54,54.005194,6,7,1349879850,1350379850,5540201.312348,4572424.739113741,random4_k9,9,0.3707897355916942
cleanStatic,selection,54,54.005194,6,7,1349879850,1350379850,5540201.312348,4572424.739113741,random5_k9,9,0.22524633869095606
cleanStatic,selection,54,53.99037404,7,10,1349509351,1350009351,5543428.008684,2090537.0006936681,dense_two_source_glrt,187,0.8736204343017866
cleanStatic,selection,54,53.99037404,7,10,1349509351,1350009351,5543428.008684,2090537.0006936681,dense_one_source_residual,187,3.747661988240159
cleanStatic,selection,54,53.99037404,7,10,1349509351,1350009351,5543428.008684,2090537.0006936681,raw_power_only,0,5543428.008684
cleanStatic,selection,54,53.99037404,7,10,1349509351,1350009351,5543428.008684,2090537.0006936681,analytic_sparse_k3,3,0.9910902981896368
cleanStatic,selection,54,53.99037404,7,10,1349509351,1350009351,5543428.008684,2090537.0006936681,uniform_k3,3,1.12794936668612
cleanStatic,selection,54,53.99037404,7,10,1349509351,1350009351,5543428.008684,2090537.0006936681,shuffled_k3,3,1.668497473775717
cleanStatic,selection,54,53.99037404,7,10,1349509351,1350009351,5543428.008684,2090537.0006936681,analytic_sparse_k5,5,1.0408882474340475
cleanStatic,selection,54,53.99037404,7,10,1349509351,1350009351,5543428.008684,2090537.0006936681,uniform_k5,5,1.4337325421005171
cleanStatic,selection,54,53.99037404,7,10,1349509351,1350009351,5543428.008684,2090537.0006936681,shuffled_k5,5,1.0439596431340488
cleanStatic,selection,54,53.99037404,7,10,1349509351,1350009351,5543428.008684,2090537.0006936681,analytic_sparse_k9,9,2.070561998529877
cleanStatic,selection,54,53.99037404,7,10,1349509351,1350009351,5543428.008684,2090537.0006936681,uniform_k9,9,0.683427114635714
cleanStatic,selection,54,53.99037404,7,10,1349509351,1350009351,5543428.008684,2090537.0006936681,shuffled_k9,9,1.3600339140817208
cleanStatic,selection,54,53.99037404,7,10,1349509351,1350009351,5543428.008684,2090537.0006936681,ai_sparse_k3,3,2.3045996216976223
cleanStatic,selection,54,53.99037404,7,10,1349509351,1350009351,5543428.008684,2090537.0006936681,pg_scc_k3,3,5.03332231251807
cleanStatic,selection,54,53.99037404,7,10,1349509351,1350009351,5543428.008684,2090537.0006936681,ai_sparse_k5,5,2.232253178415682
cleanStatic,selection,54,53.99037404,7,10,1349509351,1350009351,5543428.008684,2090537.0006936681,pg_scc_k5,5,1.95049663086359
cleanStatic,selection,54,53.99037404,7,10,1349509351,1350009351,5543428.008684,2090537.0006936681,ai_sparse_k9,9,1.7787007143215792
cleanStatic,selection,54,53.99037404,7,10,1349509351,1350009351,5543428.008684,2090537.0006936681,pg_scc_k9,9,1.6837400900789252
cleanStatic,selection,54,53.99037404,7,10,1349509351,1350009351,5543428.008684,2090537.0006936681,epl3,3,1.8790725129950239
cleanStatic,selection,54,53.99037404,7,10,1349509351,1350009351,5543428.008684,2090537.0006936681,fixed9,9,2.2307854579869693
cleanStatic,selection,54,53.99037404,7,10,1349509351,1350009351,5543428.008684,2090537.0006936681,random1_k3,3,3.212793777064564
cleanStatic,selection,54,53.99037404,7,10,1349509351,1350009351,5543428.008684,2090537.0006936681,random2_k3,3,1.6123336459143722
cleanStatic,selection,54,53.99037404,7,10,1349509351,1350009351,5543428.008684,2090537.0006936681,random3_k3,3,4.068240337096172
cleanStatic,selection,54,53.99037404,7,10,1349509351,1350009351,5543428.008684,2090537.0006936681,random4_k3,3,1.622287601689676
cleanStatic,selection,54,53.99037404,7,10,1349509351,1350009351,5543428.008684,2090537.0006936681,random5_k3,3,1.655632824262744
cleanStatic,selection,54,53.99037404,7,10,1349509351,1350009351,5543428.008684,2090537.0006936681,random1_k5,5,0.6288086325781468
cleanStatic,selection,54,53.99037404,7,10,1349509351,1350009351,5543428.008684,2090537.0006936681,random2_k5,5,1.3033111779823028
cleanStatic,selection,54,53.99037404,7,10,1349509351,1350009351,5543428.008684,2090537.0006936681,random3_k5,5,1.434994556227773
cleanStatic,selection,54,53.99037404,7,10,1349509351,1350009351,5543428.008684,2090537.0006936681,random4_k5,5,1.2942828723534145
cleanStatic,selection,54,53.99037404,7,10,1349509351,1350009351,5543428.008684,2090537.0006936681,random5_k5,5,1.6247367779453938
cleanStatic,selection,54,53.99037404,7,10,1349509351,1350009351,5543428.008684,2090537.0006936681,random1_k9,9,1.1491852866057681
cleanStatic,selection,54,53.99037404,7,10,1349509351,1350009351,5543428.008684,2090537.0006936681,random2_k9,9,1.2073909566340224
cleanStatic,selection,54,53.99037404,7,10,1349509351,1350009351,5543428.008684,2090537.0006936681,random3_k9,9,1.1508026433657434
cleanStatic,selection,54,53.99037404,7,10,1349509351,1350009351,5543428.008684,2090537.0006936681,random4_k9,9,1.3312234117694364
cleanStatic,selection,54,53.99037404,7,10,1349509351,1350009351,5543428.008684,2090537.0006936681,random5_k9,9,1.374176537621471
cleanStatic,selection,54,54.00467072,8,13,1349866768,1350366768,5539032.734424001,6440850.556412221,dense_two_source_glrt,187,0.0123530864930314
cleanStatic,selection,54,54.00467072,8,13,1349866768,1350366768,5539032.734424001,6440850.556412221,dense_one_source_residual,187,0.1491787895831987
cleanStatic,selection,54,54.00467072,8,13,1349866768,1350366768,5539032.734424001,6440850.556412221,raw_power_only,0,5539032.734424001
cleanStatic,selection,54,54.00467072,8,13,1349866768,1350366768,5539032.734424001,6440850.556412221,analytic_sparse_k3,3,0.003933052640957198
cleanStatic,selection,54,54.00467072,8,13,1349866768,1350366768,5539032.734424001,6440850.556412221,uniform_k3,3,0.1063946589888986
cleanStatic,selection,54,54.00467072,8,13,1349866768,1350366768,5539032.734424001,6440850.556412221,shuffled_k3,3,0.06584513266471435
cleanStatic,selection,54,54.00467072,8,13,1349866768,1350366768,5539032.734424001,6440850.556412221,analytic_sparse_k5,5,0.007241164290057894
cleanStatic,selection,54,54.00467072,8,13,1349866768,1350366768,5539032.734424001,6440850.556412221,uniform_k5,5,0.02100570568661342
cleanStatic,selection,54,54.00467072,8,13,1349866768,1350366768,5539032.734424001,6440850.556412221,shuffled_k5,5,0.04438077458454864
cleanStatic,selection,54,54.00467072,8,13,1349866768,1350366768,5539032.734424001,6440850.556412221,analytic_sparse_k9,9,0.010697223569799038
cleanStatic,selection,54,54.00467072,8,13,1349866768,1350366768,5539032.734424001,6440850.556412221,uniform_k9,9,0.030609569977831215
cleanStatic,selection,54,54.00467072,8,13,1349866768,1350366768,5539032.734424001,6440850.556412221,shuffled_k9,9,0.015839668553159117
cleanStatic,selection,54,54.00467072,8,13,1349866768,1350366768,5539032.734424001,6440850.556412221,ai_sparse_k3,3,0.051050331425292146
cleanStatic,selection,54,54.00467072,8,13,1349866768,1350366768,5539032.734424001,6440850.556412221,pg_scc_k3,3,0.028044797803377892
cleanStatic,selection,54,54.00467072,8,13,1349866768,1350366768,5539032.734424001,6440850.556412221,ai_sparse_k5,5,0.035517724487642476
cleanStatic,selection,54,54.00467072,8,13,1349866768,1350366768,5539032.734424001,6440850.556412221,pg_scc_k5,5,0.014405611100481618
cleanStatic,selection,54,54.00467072,8,13,1349866768,1350366768,5539032.734424001,6440850.556412221,ai_sparse_k9,9,0.025520463068731396
cleanStatic,selection,54,54.00467072,8,13,1349866768,1350366768,5539032.734424001,6440850.556412221,pg_scc_k9,9,0.02804685632441685
cleanStatic,selection,54,54.00467072,8,13,1349866768,1350366768,5539032.734424001,6440850.556412221,epl3,3,0.14473486330329668
cleanStatic,selection,54,54.00467072,8,13,1349866768,1350366768,5539032.734424001,6440850.556412221,fixed9,9,0.012069524055686533
cleanStatic,selection,54,54.00467072,8,13,1349866768,1350366768,5539032.734424001,6440850.556412221,random1_k3,3,0.0034193354438141776
cleanStatic,selection,54,54.00467072,8,13,1349866768,1350366768,5539032.734424001,6440850.556412221,random2_k3,3,0.14776373574264154
cleanStatic,selection,54,54.00467072,8,13,1349866768,1350366768,5539032.734424001,6440850.556412221,random3_k3,3,0.029484595699328497
cleanStatic,selection,54,54.00467072,8,13,1349866768,1350366768,5539032.734424001,6440850.556412221,random4_k3,3,0.17982646147270076
cleanStatic,selection,54,54.00467072,8,13,1349866768,1350366768,5539032.734424001,6440850.556412221,random5_k3,3,0.009357032201993602
cleanStatic,selection,54,54.00467072,8,13,1349866768,1350366768,5539032.734424001,6440850.556412221,random1_k5,5,0.04205932334579281
cleanStatic,selection,54,54.00467072,8,13,1349866768,1350366768,5539032.734424001,6440850.556412221,random2_k5,5,0.10516932747371728
cleanStatic,selection,54,54.00467072,8,13,1349866768,1350366768,5539032.734424001,6440850.556412221,random3_k5,5,0.018551290372341843
cleanStatic,selection,54,54.00467072,8,13,1349866768,1350366768,5539032.734424001,6440850.556412221,random4_k5,5,0.06863879752405053
cleanStatic,selection,54,54.00467072,8,13,1349866768,1350366768,5539032.734424001,6440850.556412221,random5_k5,5,0.07674154278761809
cleanStatic,selection,54,54.00467072,8,13,1349866768,1350366768,5539032.734424001,6440850.556412221,random1_k9,9,0.016155976594117924
cleanStatic,selection,54,54.00467072,8,13,1349866768,1350366768,5539032.734424001,6440850.556412221,random2_k9,9,0.016968896336258817
cleanStatic,selection,54,54.00467072,8,13,1349866768,1350366768,5539032.734424001,6440850.556412221,random3_k9,9,0.05735596671024637
cleanStatic,selection,54,54.00467072,8,13,1349866768,1350366768,5539032.734424001,6440850.556412221,random4_k9,9,0.09240056213423925
cleanStatic,selection,54,54.00467072,8,13,1349866768,1350366768,5539032.734424001,6440850.556412221,random5_k9,9,0.05303954899155335
cleanStatic,selection,54,53.99450556,9,19,1349612639,1350112639,5534892.712512,4726211.571710434,dense_two_source_glrt,187,0.028901393755341304
cleanStatic,selection,54,53.99450556,9,19,1349612639,1350112639,5534892.712512,4726211.571710434,dense_one_source_residual,187,0.3121230473805258
cleanStatic,selection,54,53.99450556,9,19,1349612639,1350112639,5534892.712512,4726211.571710434,raw_power_only,0,5534892.712512
cleanStatic,selection,54,53.99450556,9,19,1349612639,1350112639,5534892.712512,4726211.571710434,analytic_sparse_k3,3,0.06835653583325652
cleanStatic,selection,54,53.99450556,9,19,1349612639,1350112639,5534892.712512,4726211.571710434,uniform_k3,3,0.17450791469429597
cleanStatic,selection,54,53.99450556,9,19,1349612639,1350112639,5534892.712512,4726211.571710434,shuffled_k3,3,0.14237109366264802
cleanStatic,selection,54,53.99450556,9,19,1349612639,1350112639,5534892.712512,4726211.571710434,analytic_sparse_k5,5,0.08319206123778548
cleanStatic,selection,54,53.99450556,9,19,1349612639,1350112639,5534892.712512,4726211.571710434,uniform_k5,5,0.09118618578110906
cleanStatic,selection,54,53.99450556,9,19,1349612639,1350112639,5534892.712512,4726211.571710434,shuffled_k5,5,0.07030767603322388
cleanStatic,selection,54,53.99450556,9,19,1349612639,1350112639,5534892.712512,4726211.571710434,analytic_sparse_k9,9,0.08377296693805193
cleanStatic,selection,54,53.99450556,9,19,1349612639,1350112639,5534892.712512,4726211.571710434,uniform_k9,9,0.051982700144798805
cleanStatic,selection,54,53.99450556,9,19,1349612639,1350112639,5534892.712512,4726211.571710434,shuffled_k9,9,0.10624299217717091
cleanStatic,selection,54,53.99450556,9,19,1349612639,1350112639,5534892.712512,4726211.571710434,ai_sparse_k3,3,0.023858178446691972
cleanStatic,selection,54,53.99450556,9,19,1349612639,1350112639,5534892.712512,4726211.571710434,pg_scc_k3,3,0.17588630740981126
cleanStatic,selection,54,53.99450556,9,19,1349612639,1350112639,5534892.712512,4726211.571710434,ai_sparse_k5,5,0.049514704591204606
cleanStatic,selection,54,53.99450556,9,19,1349612639,1350112639,5534892.712512,4726211.571710434,pg_scc_k5,5,0.06947585411353116
cleanStatic,selection,54,53.99450556,9,19,1349612639,1350112639,5534892.712512,4726211.571710434,ai_sparse_k9,9,0.037929648789107824
cleanStatic,selection,54,53.99450556,9,19,1349612639,1350112639,5534892.712512,4726211.571710434,pg_scc_k9,9,0.06772284787049362
cleanStatic,selection,54,53.99450556,9,19,1349612639,1350112639,5534892.712512,4726211.571710434,epl3,3,0.17896576525937893
cleanStatic,selection,54,53.99450556,9,19,1349612639,1350112639,5534892.712512,4726211.571710434,fixed9,9,0.1575060976995635
cleanStatic,selection,54,53.99450556,9,19,1349612639,1350112639,5534892.712512,4726211.571710434,random1_k3,3,0.19340674424528434
cleanStatic,selection,54,53.99450556,9,19,1349612639,1350112639,5534892.712512,4726211.571710434,random2_k3,3,0.1856858800114953
cleanStatic,selection,54,53.99450556,9,19,1349612639,1350112639,5534892.712512,4726211.571710434,random3_k3,3,0.33701214552948394
cleanStatic,selection,54,53.99450556,9,19,1349612639,1350112639,5534892.712512,4726211.571710434,random4_k3,3,0.12903797390101304
cleanStatic,selection,54,53.99450556,9,19,1349612639,1350112639,5534892.712512,4726211.571710434,random5_k3,3,0.16659816372376
cleanStatic,selection,54,53.99450556,9,19,1349612639,1350112639,5534892.712512,4726211.571710434,random1_k5,5,0.18238067961354715
cleanStatic,selection,54,53.99450556,9,19,1349612639,1350112639,5534892.712512,4726211.571710434,random2_k5,5,0.18300849121604382
cleanStatic,selection,54,53.99450556,9,19,1349612639,1350112639,5534892.712512,4726211.571710434,random3_k5,5,0.13007545068187013
cleanStatic,selection,54,53.99450556,9,19,1349612639,1350112639,5534892.712512,4726211.571710434,random4_k5,5,0.05852055577232207
cleanStatic,selection,54,53.99450556,9,19,1349612639,1350112639,5534892.712512,4726211.571710434,random5_k5,5,0.156229719763982
cleanStatic,selection,54,53.99450556,9,19,1349612639,1350112639,5534892.712512,4726211.571710434,random1_k9,9,0.10153476874258954
cleanStatic,selection,54,53.99450556,9,19,1349612639,1350112639,5534892.712512,4726211.571710434,random2_k9,9,0.08943637001300381
cleanStatic,selection,54,53.99450556,9,19,1349612639,1350112639,5534892.712512,4726211.571710434,random3_k9,9,0.060530411221061495
cleanStatic,selection,54,53.99450556,9,19,1349612639,1350112639,5534892.712512,4726211.571710434,random4_k9,9,0.08312891069758027
cleanStatic,selection,54,53.99450556,9,19,1349612639,1350112639,5534892.712512,4726211.571710434,random5_k9,9,0.0730516678678564
cleanStatic,selection,54,53.99061628,10,23,1349515407,1350015407,5544552.602467999,6700127.285418943,dense_two_source_glrt,187,0.025019257769116926
cleanStatic,selection,54,53.99061628,10,23,1349515407,1350015407,5544552.602467999,6700127.285418943,dense_one_source_residual,187,0.10488344907393206
cleanStatic,selection,54,53.99061628,10,23,1349515407,1350015407,5544552.602467999,6700127.285418943,raw_power_only,0,5544552.602467999
cleanStatic,selection,54,53.99061628,10,23,1349515407,1350015407,5544552.602467999,6700127.285418943,analytic_sparse_k3,3,0.04436014705801681
cleanStatic,selection,54,53.99061628,10,23,1349515407,1350015407,5544552.602467999,6700127.285418943,uniform_k3,3,0.07072087557815249
cleanStatic,selection,54,53.99061628,10,23,1349515407,1350015407,5544552.602467999,6700127.285418943,shuffled_k3,3,0.020013293425489628
cleanStatic,selection,54,53.99061628,10,23,1349515407,1350015407,5544552.602467999,6700127.285418943,analytic_sparse_k5,5,0.025039473212509423
cleanStatic,selection,54,53.99061628,10,23,1349515407,1350015407,5544552.602467999,6700127.285418943,uniform_k5,5,0.033816929781292734
cleanStatic,selection,54,53.99061628,10,23,1349515407,1350015407,5544552.602467999,6700127.285418943,shuffled_k5,5,0.0386445507034681
cleanStatic,selection,54,53.99061628,10,23,1349515407,1350015407,5544552.602467999,6700127.285418943,analytic_sparse_k9,9,0.021189878044263984
cleanStatic,selection,54,53.99061628,10,23,1349515407,1350015407,5544552.602467999,6700127.285418943,uniform_k9,9,0.029599391000956456
cleanStatic,selection,54,53.99061628,10,23,1349515407,1350015407,5544552.602467999,6700127.285418943,shuffled_k9,9,0.024262420651987502
cleanStatic,selection,54,53.99061628,10,23,1349515407,1350015407,5544552.602467999,6700127.285418943,ai_sparse_k3,3,0.024207388127308025
cleanStatic,selection,54,53.99061628,10,23,1349515407,1350015407,5544552.602467999,6700127.285418943,pg_scc_k3,3,0.030914945067328697
cleanStatic,selection,54,53.99061628,10,23,1349515407,1350015407,5544552.602467999,6700127.285418943,ai_sparse_k5,5,0.006425243069399442
cleanStatic,selection,54,53.99061628,10,23,1349515407,1350015407,5544552.602467999,6700127.285418943,pg_scc_k5,5,0.010883030336979715
cleanStatic,selection,54,53.99061628,10,23,1349515407,1350015407,5544552.602467999,6700127.285418943,ai_sparse_k9,9,0.037814166576008806
cleanStatic,selection,54,53.99061628,10,23,1349515407,1350015407,5544552.602467999,6700127.285418943,pg_scc_k9,9,0.04224701431952041
cleanStatic,selection,54,53.99061628,10,23,1349515407,1350015407,5544552.602467999,6700127.285418943,epl3,3,0.01310180494433446
cleanStatic,selection,54,53.99061628,10,23,1349515407,1350015407,5544552.602467999,6700127.285418943,fixed9,9,0.022543882482694615
cleanStatic,selection,54,53.99061628,10,23,1349515407,1350015407,5544552.602467999,6700127.285418943,random1_k3,3,0.009067196846746152
cleanStatic,selection,54,53.99061628,10,23,1349515407,1350015407,5544552.602467999,6700127.285418943,random2_k3,3,0.037453884176908654
cleanStatic,selection,54,53.99061628,10,23,1349515407,1350015407,5544552.602467999,6700127.285418943,random3_k3,3,0.057346630564970476
cleanStatic,selection,54,53.99061628,10,23,1349515407,1350015407,5544552.602467999,6700127.285418943,random4_k3,3,0.010171619268156863
cleanStatic,selection,54,53.99061628,10,23,1349515407,1350015407,5544552.602467999,6700127.285418943,random5_k3,3,0.07097091193983558
cleanStatic,selection,54,53.99061628,10,23,1349515407,1350015407,5544552.602467999,6700127.285418943,random1_k5,5,0.05788881710262702
cleanStatic,selection,54,53.99061628,10,23,1349515407,1350015407,5544552.602467999,6700127.285418943,random2_k5,5,0.0351320460558051
cleanStatic,selection,54,53.99061628,10,23,1349515407,1350015407,5544552.602467999,6700127.285418943,random3_k5,5,0.08955196177818484
cleanStatic,selection,54,53.99061628,10,23,1349515407,1350015407,5544552.602467999,6700127.285418943,random4_k5,5,0.021769963836589645
cleanStatic,selection,54,53.99061628,10,23,1349515407,1350015407,5544552.602467999,6700127.285418943,random5_k5,5,0.04796162685879237
cleanStatic,selection,54,53.99061628,10,23,1349515407,1350015407,5544552.602467999,6700127.285418943,random1_k9,9,0.021018986090947878
cleanStatic,selection,54,53.99061628,10,23,1349515407,1350015407,5544552.602467999,6700127.285418943,random2_k9,9,0.025376934583820128
cleanStatic,selection,54,53.99061628,10,23,1349515407,1350015407,5544552.602467999,6700127.285418943,random3_k9,9,0.027188832255628688
cleanStatic,selection,54,53.99061628,10,23,1349515407,1350015407,5544552.602467999,6700127.285418943,random4_k9,9,0.046319167626349037
cleanStatic,selection,54,53.99061628,10,23,1349515407,1350015407,5544552.602467999,6700127.285418943,random5_k9,9,0.0065339037719383975
cleanStatic,selection,55,54.99430104,0,16,1374607526,1375107526,5518732.939951999,5327860.584286147,dense_two_source_glrt,187,0.07591404547442743
cleanStatic,selection,55,54.99430104,0,16,1374607526,1375107526,5518732.939951999,5327860.584286147,dense_one_source_residual,187,0.3826116229774165
cleanStatic,selection,55,54.99430104,0,16,1374607526,1375107526,5518732.939951999,5327860.584286147,raw_power_only,0,5518732.939951999
cleanStatic,selection,55,54.99430104,0,16,1374607526,1375107526,5518732.939951999,5327860.584286147,analytic_sparse_k3,3,0.12168221235687027
cleanStatic,selection,55,54.99430104,0,16,1374607526,1375107526,5518732.939951999,5327860.584286147,uniform_k3,3,0.12455638282509351
cleanStatic,selection,55,54.99430104,0,16,1374607526,1375107526,5518732.939951999,5327860.584286147,shuffled_k3,3,0.07258477155460238
cleanStatic,selection,55,54.99430104,0,16,1374607526,1375107526,5518732.939951999,5327860.584286147,analytic_sparse_k5,5,0.10479068767250203
cleanStatic,selection,55,54.99430104,0,16,1374607526,1375107526,5518732.939951999,5327860.584286147,uniform_k5,5,0.3073673359355138
cleanStatic,selection,55,54.99430104,0,16,1374607526,1375107526,5518732.939951999,5327860.584286147,shuffled_k5,5,0.08211813822260255
cleanStatic,selection,55,54.99430104,0,16,1374607526,1375107526,5518732.939951999,5327860.584286147,analytic_sparse_k9,9,0.10294430345988308
cleanStatic,selection,55,54.99430104,0,16,1374607526,1375107526,5518732.939951999,5327860.584286147,uniform_k9,9,0.20088939598277675
cleanStatic,selection,55,54.99430104,0,16,1374607526,1375107526,5518732.939951999,5327860.584286147,shuffled_k9,9,0.027746425472787124
cleanStatic,selection,55,54.99430104,0,16,1374607526,1375107526,5518732.939951999,5327860.584286147,ai_sparse_k3,3,0.19526548037523517
cleanStatic,selection,55,54.99430104,0,16,1374607526,1375107526,5518732.939951999,5327860.584286147,pg_scc_k3,3,0.3066818248149616
cleanStatic,selection,55,54.99430104,0,16,1374607526,1375107526,5518732.939951999,5327860.584286147,ai_sparse_k5,5,0.07533360247048038
cleanStatic,selection,55,54.99430104,0,16,1374607526,1375107526,5518732.939951999,5327860.584286147,pg_scc_k5,5,0.11722868365364474
cleanStatic,selection,55,54.99430104,0,16,1374607526,1375107526,5518732.939951999,5327860.584286147,ai_sparse_k9,9,0.12694491437347324
cleanStatic,selection,55,54.99430104,0,16,1374607526,1375107526,5518732.939951999,5327860.584286147,pg_scc_k9,9,0.14732727901456782
cleanStatic,selection,55,54.99430104,0,16,1374607526,1375107526,5518732.939951999,5327860.584286147,epl3,3,0.06895270069689258
cleanStatic,selection,55,54.99430104,0,16,1374607526,1375107526,5518732.939951999,5327860.584286147,fixed9,9,0.07321308284313645
cleanStatic,selection,55,54.99430104,0,16,1374607526,1375107526,5518732.939951999,5327860.584286147,random1_k3,3,0.4888047435907166
cleanStatic,selection,55,54.99430104,0,16,1374607526,1375107526,5518732.939951999,5327860.584286147,random2_k3,3,0.10869620320658928
cleanStatic,selection,55,54.99430104,0,16,1374607526,1375107526,5518732.939951999,5327860.584286147,random3_k3,3,0.13137582809952325
cleanStatic,selection,55,54.99430104,0,16,1374607526,1375107526,5518732.939951999,5327860.584286147,random4_k3,3,0.1964336621658234
cleanStatic,selection,55,54.99430104,0,16,1374607526,1375107526,5518732.939951999,5327860.584286147,random5_k3,3,0.19574541457970596
cleanStatic,selection,55,54.99430104,0,16,1374607526,1375107526,5518732.939951999,5327860.584286147,random1_k5,5,0.08867414367865603
cleanStatic,selection,55,54.99430104,0,16,1374607526,1375107526,5518732.939951999,5327860.584286147,random2_k5,5,0.08034417506486997
cleanStatic,selection,55,54.99430104,0,16,1374607526,1375107526,5518732.939951999,5327860.584286147,random3_k5,5,0.08614615130157546
cleanStatic,selection,55,54.99430104,0,16,1374607526,1375107526,5518732.939951999,5327860.584286147,random4_k5,5,0.09457212834048465
cleanStatic,selection,55,54.99430104,0,16,1374607526,1375107526,5518732.939951999,5327860.584286147,random5_k5,5,0.29130572804919785
cleanStatic,selection,55,54.99430104,0,16,1374607526,1375107526,5518732.939951999,5327860.584286147,random1_k9,9,0.053969083530009274
cleanStatic,selection,55,54.99430104,0,16,1374607526,1375107526,5518732.939951999,5327860.584286147,random2_k9,9,0.2136532959727907
cleanStatic,selection,55,54.99430104,0,16,1374607526,1375107526,5518732.939951999,5327860.584286147,random3_k9,9,0.21117776075296069
cleanStatic,selection,55,54.99430104,0,16,1374607526,1375107526,5518732.939951999,5327860.584286147,random4_k9,9,0.39726108825710266
cleanStatic,selection,55,54.99430104,0,16,1374607526,1375107526,5518732.939951999,5327860.584286147,random5_k9,9,0.376210614746354
cleanStatic,selection,55,54.99054252,2,3,1374513563,1375013563,5520310.83051,5853254.705567732,dense_two_source_glrt,187,0.03310657657768503
cleanStatic,selection,55,54.99054252,2,3,1374513563,1375013563,5520310.83051,5853254.705567732,dense_one_source_residual,187,0.21397131043743875
cleanStatic,selection,55,54.99054252,2,3,1374513563,1375013563,5520310.83051,5853254.705567732,raw_power_only,0,5520310.83051
cleanStatic,selection,55,54.99054252,2,3,1374513563,1375013563,5520310.83051,5853254.705567732,analytic_sparse_k3,3,0.0862897259505969
cleanStatic,selection,55,54.99054252,2,3,1374513563,1375013563,5520310.83051,5853254.705567732,uniform_k3,3,0.029731086654441675
cleanStatic,selection,55,54.99054252,2,3,1374513563,1375013563,5520310.83051,5853254.705567732,shuffled_k3,3,0.1759682745890918
cleanStatic,selection,55,54.99054252,2,3,1374513563,1375013563,5520310.83051,5853254.705567732,analytic_sparse_k5,5,0.1957269653711049
cleanStatic,selection,55,54.99054252,2,3,1374513563,1375013563,5520310.83051,5853254.705567732,uniform_k5,5,0.033119406491317324
cleanStatic,selection,55,54.99054252,2,3,1374513563,1375013563,5520310.83051,5853254.705567732,shuffled_k5,5,0.15272720880491744
cleanStatic,selection,55,54.99054252,2,3,1374513563,1375013563,5520310.83051,5853254.705567732,analytic_sparse_k9,9,0.12425302939288614
cleanStatic,selection,55,54.99054252,2,3,1374513563,1375013563,5520310.83051,5853254.705567732,uniform_k9,9,0.0244191914625964
cleanStatic,selection,55,54.99054252,2,3,1374513563,1375013563,5520310.83051,5853254.705567732,shuffled_k9,9,0.025995460215261595
cleanStatic,selection,55,54.99054252,2,3,1374513563,1375013563,5520310.83051,5853254.705567732,ai_sparse_k3,3,0.066211880420261
cleanStatic,selection,55,54.99054252,2,3,1374513563,1375013563,5520310.83051,5853254.705567732,pg_scc_k3,3,0.0795014854155517
cleanStatic,selection,55,54.99054252,2,3,1374513563,1375013563,5520310.83051,5853254.705567732,ai_sparse_k5,5,0.0740713163213014
cleanStatic,selection,55,54.99054252,2,3,1374513563,1375013563,5520310.83051,5853254.705567732,pg_scc_k5,5,0.12268598772244585
cleanStatic,selection,55,54.99054252,2,3,1374513563,1375013563,5520310.83051,5853254.705567732,ai_sparse_k9,9,0.05596454640602
cleanStatic,selection,55,54.99054252,2,3,1374513563,1375013563,5520310.83051,5853254.705567732,pg_scc_k9,9,0.11169294765724865
cleanStatic,selection,55,54.99054252,2,3,1374513563,1375013563,5520310.83051,5853254.705567732,epl3,3,0.042782903465129175
cleanStatic,selection,55,54.99054252,2,3,1374513563,1375013563,5520310.83051,5853254.705567732,fixed9,9,0.058383317370139194
cleanStatic,selection,55,54.99054252,2,3,1374513563,1375013563,5520310.83051,5853254.705567732,random1_k3,3,0.27350873758453265
cleanStatic,selection,55,54.99054252,2,3,1374513563,1375013563,5520310.83051,5853254.705567732,random2_k3,3,0.1427764353607787
cleanStatic,selection,55,54.99054252,2,3,1374513563,1375013563,5520310.83051,5853254.705567732,random3_k3,3,0.14223651609880258
cleanStatic,selection,55,54.99054252,2,3,1374513563,1375013563,5520310.83051,5853254.705567732,random4_k3,3,0.15595484258828932
cleanStatic,selection,55,54.99054252,2,3,1374513563,1375013563,5520310.83051,5853254.705567732,random5_k3,3,0.04137830029967669
cleanStatic,selection,55,54.99054252,2,3,1374513563,1375013563,5520310.83051,5853254.705567732,random1_k5,5,0.01864256383609215
cleanStatic,selection,55,54.99054252,2,3,1374513563,1375013563,5520310.83051,5853254.705567732,random2_k5,5,0.054416098326350706
cleanStatic,selection,55,54.99054252,2,3,1374513563,1375013563,5520310.83051,5853254.705567732,random3_k5,5,0.05297681386623295
cleanStatic,selection,55,54.99054252,2,3,1374513563,1375013563,5520310.83051,5853254.705567732,random4_k5,5,0.04580068588534526
cleanStatic,selection,55,54.99054252,2,3,1374513563,1375013563,5520310.83051,5853254.705567732,random5_k5,5,0.06789150695605248
cleanStatic,selection,55,54.99054252,2,3,1374513563,1375013563,5520310.83051,5853254.705567732,random1_k9,9,0.052237987437909306
cleanStatic,selection,55,54.99054252,2,3,1374513563,1375013563,5520310.83051,5853254.705567732,random2_k9,9,0.03058185278623693
cleanStatic,selection,55,54.99054252,2,3,1374513563,1375013563,5520310.83051,5853254.705567732,random3_k9,9,0.05628653435984507
cleanStatic,selection,55,54.99054252,2,3,1374513563,1375013563,5520310.83051,5853254.705567732,random4_k9,9,0.09412403723591993
cleanStatic,selection,55,54.99054252,2,3,1374513563,1375013563,5520310.83051,5853254.705567732,random5_k9,9,0.11750107274702458
cleanStatic,selection,55,54.99234924,3,20,1374558731,1375058731,5518494.961979999,1995994.3478576145,dense_two_source_glrt,187,0.6816945137797737
cleanStatic,selection,55,54.99234924,3,20,1374558731,1375058731,5518494.961979999,1995994.3478576145,dense_one_source_residual,187,3.0797859002605543
cleanStatic,selection,55,54.99234924,3,20,1374558731,1375058731,5518494.961979999,1995994.3478576145,raw_power_only,0,5518494.961979999
cleanStatic,selection,55,54.99234924,3,20,1374558731,1375058731,5518494.961979999,1995994.3478576145,analytic_sparse_k3,3,0.19085806412748849
cleanStatic,selection,55,54.99234924,3,20,1374558731,1375058731,5518494.961979999,1995994.3478576145,uniform_k3,3,1.177011196924713
cleanStatic,selection,55,54.99234924,3,20,1374558731,1375058731,5518494.961979999,1995994.3478576145,shuffled_k3,3,1.2877327718703537
cleanStatic,selection,55,54.99234924,3,20,1374558731,1375058731,5518494.961979999,1995994.3478576145,analytic_sparse_k5,5,0.6653217894428531
cleanStatic,selection,55,54.99234924,3,20,1374558731,1375058731,5518494.961979999,1995994.3478576145,uniform_k5,5,0.889082150017001
cleanStatic,selection,55,54.99234924,3,20,1374558731,1375058731,5518494.961979999,1995994.3478576145,shuffled_k5,5,1.3345416004892836
cleanStatic,selection,55,54.99234924,3,20,1374558731,1375058731,5518494.961979999,1995994.3478576145,analytic_sparse_k9,9,0.6491075996459384
cleanStatic,selection,55,54.99234924,3,20,1374558731,1375058731,5518494.961979999,1995994.3478576145,uniform_k9,9,0.62247366672971
cleanStatic,selection,55,54.99234924,3,20,1374558731,1375058731,5518494.961979999,1995994.3478576145,shuffled_k9,9,1.4019797844419186
cleanStatic,selection,55,54.99234924,3,20,1374558731,1375058731,5518494.961979999,1995994.3478576145,ai_sparse_k3,3,2.5159304935501936
cleanStatic,selection,55,54.99234924,3,20,1374558731,1375058731,5518494.961979999,1995994.3478576145,pg_scc_k3,3,1.0239134067982198
cleanStatic,selection,55,54.99234924,3,20,1374558731,1375058731,5518494.961979999,1995994.3478576145,ai_sparse_k5,5,2.8133724038295886
cleanStatic,selection,55,54.99234924,3,20,1374558731,1375058731,5518494.961979999,1995994.3478576145,pg_scc_k5,5,1.045083388458798
cleanStatic,selection,55,54.99234924,3,20,1374558731,1375058731,5518494.961979999,1995994.3478576145,ai_sparse_k9,9,3.1734871171662986
cleanStatic,selection,55,54.99234924,3,20,1374558731,1375058731,5518494.961979999,1995994.3478576145,pg_scc_k9,9,0.8978306100637674
cleanStatic,selection,55,54.99234924,3,20,1374558731,1375058731,5518494.961979999,1995994.3478576145,epl3,3,2.2669253598967387
cleanStatic,selection,55,54.99234924,3,20,1374558731,1375058731,5518494.961979999,1995994.3478576145,fixed9,9,2.9326847787391532
cleanStatic,selection,55,54.99234924,3,20,1374558731,1375058731,5518494.961979999,1995994.3478576145,random1_k3,3,1.692150235672645
cleanStatic,selection,55,54.99234924,3,20,1374558731,1375058731,5518494.961979999,1995994.3478576145,random2_k3,3,1.5095369550034399
cleanStatic,selection,55,54.99234924,3,20,1374558731,1375058731,5518494.961979999,1995994.3478576145,random3_k3,3,0.9549674466928956
cleanStatic,selection,55,54.99234924,3,20,1374558731,1375058731,5518494.961979999,1995994.3478576145,random4_k3,3,0.6372158303418112
cleanStatic,selection,55,54.99234924,3,20,1374558731,1375058731,5518494.961979999,1995994.3478576145,random5_k3,3,1.8988748113495857
cleanStatic,selection,55,54.99234924,3,20,1374558731,1375058731,5518494.961979999,1995994.3478576145,random1_k5,5,1.2273924177678108
cleanStatic,selection,55,54.99234924,3,20,1374558731,1375058731,5518494.961979999,1995994.3478576145,random2_k5,5,0.6510718689069787
cleanStatic,selection,55,54.99234924,3,20,1374558731,1375058731,5518494.961979999,1995994.3478576145,random3_k5,5,1.7816781115844915
cleanStatic,selection,55,54.99234924,3,20,1374558731,1375058731,5518494.961979999,1995994.3478576145,random4_k5,5,1.628230332599602
cleanStatic,selection,55,54.99234924,3,20,1374558731,1375058731,5518494.961979999,1995994.3478576145,random5_k5,5,2.211186445303747
cleanStatic,selection,55,54.99234924,3,20,1374558731,1375058731,5518494.961979999,1995994.3478576145,random1_k9,9,2.244518464635349
cleanStatic,selection,55,54.99234924,3,20,1374558731,1375058731,5518494.961979999,1995994.3478576145,random2_k9,9,0.6516200222525291
cleanStatic,selection,55,54.99234924,3,20,1374558731,1375058731,5518494.961979999,1995994.3478576145,random3_k9,9,1.489853274432705
cleanStatic,selection,55,54.99234924,3,20,1374558731,1375058731,5518494.961979999,1995994.3478576145,random4_k9,9,1.1115473848543405
cleanStatic,selection,55,54.99234924,3,20,1374558731,1375058731,5518494.961979999,1995994.3478576145,random5_k9,9,0.7709126705426763
cleanStatic,selection,55,55.26765972,4,30,1381441493,1381941493,5538799.615162,2100894.9440086596,dense_two_source_glrt,187,0.34605507712320954
cleanStatic,selection,55,55.26765972,4,30,1381441493,1381941493,5538799.615162,2100894.9440086596,dense_one_source_residual,187,1.62414222307061
cleanStatic,selection,55,55.26765972,4,30,1381441493,1381941493,5538799.615162,2100894.9440086596,raw_power_only,0,5538799.615162
cleanStatic,selection,55,55.26765972,4,30,1381441493,1381941493,5538799.615162,2100894.9440086596,analytic_sparse_k3,3,1.4006486159635632
cleanStatic,selection,55,55.26765972,4,30,1381441493,1381941493,5538799.615162,2100894.9440086596,uniform_k3,3,1.3995265725919541
cleanStatic,selection,55,55.26765972,4,30,1381441493,1381941493,5538799.615162,2100894.9440086596,shuffled_k3,3,1.9360370162342049
cleanStatic,selection,55,55.26765972,4,30,1381441493,1381941493,5538799.615162,2100894.9440086596,analytic_sparse_k5,5,1.1752734017477438
cleanStatic,selection,55,55.26765972,4,30,1381441493,1381941493,5538799.615162,2100894.9440086596,uniform_k5,5,1.5182889144086773
cleanStatic,selection,55,55.26765972,4,30,1381441493,1381941493,5538799.615162,2100894.9440086596,shuffled_k5,5,0.9644777427228041
cleanStatic,selection,55,55.26765972,4,30,1381441493,1381941493,5538799.615162,2100894.9440086596,analytic_sparse_k9,9,0.6462665076621649
cleanStatic,selection,55,55.26765972,4,30,1381441493,1381941493,5538799.615162,2100894.9440086596,uniform_k9,9,0.7259504296649312
cleanStatic,selection,55,55.26765972,4,30,1381441493,1381941493,5538799.615162,2100894.9440086596,shuffled_k9,9,0.47080604425999845
cleanStatic,selection,55,55.26765972,4,30,1381441493,1381941493,5538799.615162,2100894.9440086596,ai_sparse_k3,3,0.11844726651154848
cleanStatic,selection,55,55.26765972,4,30,1381441493,1381941493,5538799.615162,2100894.9440086596,pg_scc_k3,3,0.0065220398316753045
cleanStatic,selection,55,55.26765972,4,30,1381441493,1381941493,5538799.615162,2100894.9440086596,ai_sparse_k5,5,0.3028169115634266
cleanStatic,selection,55,55.26765972,4,30,1381441493,1381941493,5538799.615162,2100894.9440086596,pg_scc_k5,5,0.09473674197001779
cleanStatic,selection,55,55.26765972,4,30,1381441493,1381941493,5538799.615162,2100894.9440086596,ai_sparse_k9,9,0.5861383252566432
cleanStatic,selection,55,55.26765972,4,30,1381441493,1381941493,5538799.615162,2100894.9440086596,pg_scc_k9,9,0.1951380116919807
cleanStatic,selection,55,55.26765972,4,30,1381441493,1381941493,5538799.615162,2100894.9440086596,epl3,3,1.6700475082294213
cleanStatic,selection,55,55.26765972,4,30,1381441493,1381941493,5538799.615162,2100894.9440086596,fixed9,9,0.9769696550399498
cleanStatic,selection,55,55.26765972,4,30,1381441493,1381941493,5538799.615162,2100894.9440086596,random1_k3,3,0.7506104809458108
cleanStatic,selection,55,55.26765972,4,30,1381441493,1381941493,5538799.615162,2100894.9440086596,random2_k3,3,0.28186962097810153
cleanStatic,selection,55,55.26765972,4,30,1381441493,1381941493,5538799.615162,2100894.9440086596,random3_k3,3,0.46989969968121575
cleanStatic,selection,55,55.26765972,4,30,1381441493,1381941493,5538799.615162,2100894.9440086596,random4_k3,3,0.5163034760205526
cleanStatic,selection,55,55.26765972,4,30,1381441493,1381941493,5538799.615162,2100894.9440086596,random5_k3,3,1.5658072910796375
cleanStatic,selection,55,55.26765972,4,30,1381441493,1381941493,5538799.615162,2100894.9440086596,random1_k5,5,0.18128429583784963
cleanStatic,selection,55,55.26765972,4,30,1381441493,1381941493,5538799.615162,2100894.9440086596,random2_k5,5,0.4055932159816641
cleanStatic,selection,55,55.26765972,4,30,1381441493,1381941493,5538799.615162,2100894.9440086596,random3_k5,5,0.8435214213987144
cleanStatic,selection,55,55.26765972,4,30,1381441493,1381941493,5538799.615162,2100894.9440086596,random4_k5,5,0.9616808614063777
cleanStatic,selection,55,55.26765972,4,30,1381441493,1381941493,5538799.615162,2100894.9440086596,random5_k5,5,0.14340807387472507
cleanStatic,selection,55,55.26765972,4,30,1381441493,1381941493,5538799.615162,2100894.9440086596,random1_k9,9,0.8982627171019915
cleanStatic,selection,55,55.26765972,4,30,1381441493,1381941493,5538799.615162,2100894.9440086596,random2_k9,9,0.7595215327437587
cleanStatic,selection,55,55.26765972,4,30,1381441493,1381941493,5538799.615162,2100894.9440086596,random3_k9,9,0.40146168313670283
cleanStatic,selection,55,55.26765972,4,30,1381441493,1381941493,5538799.615162,2100894.9440086596,random4_k9,9,0.3305449151055932
cleanStatic,selection,55,55.26765972,4,30,1381441493,1381941493,5538799.615162,2100894.9440086596,random5_k9,9,0.3330423581175632
cleanStatic,selection,55,54.99066,5,6,1374516500,1375016500,5519801.71606,4591997.07507549,dense_two_source_glrt,187,0.10404689891852548
cleanStatic,selection,55,54.99066,5,6,1374516500,1375016500,5519801.71606,4591997.07507549,dense_one_source_residual,187,0.5475723120001905
cleanStatic,selection,55,54.99066,5,6,1374516500,1375016500,5519801.71606,4591997.07507549,raw_power_only,0,5519801.71606
cleanStatic,selection,55,54.99066,5,6,1374516500,1375016500,5519801.71606,4591997.07507549,analytic_sparse_k3,3,0.06962777234939743
cleanStatic,selection,55,54.99066,5,6,1374516500,1375016500,5519801.71606,4591997.07507549,uniform_k3,3,0.29117843187765685
cleanStatic,selection,55,54.99066,5,6,1374516500,1375016500,5519801.71606,4591997.07507549,shuffled_k3,3,0.034893565008979235
cleanStatic,selection,55,54.99066,5,6,1374516500,1375016500,5519801.71606,4591997.07507549,analytic_sparse_k5,5,0.0735112931784826
cleanStatic,selection,55,54.99066,5,6,1374516500,1375016500,5519801.71606,4591997.07507549,uniform_k5,5,0.35692448372920527
cleanStatic,selection,55,54.99066,5,6,1374516500,1375016500,5519801.71606,4591997.07507549,shuffled_k5,5,0.15366468822940732
cleanStatic,selection,55,54.99066,5,6,1374516500,1375016500,5519801.71606,4591997.07507549,analytic_sparse_k9,9,0.15894726922603702
cleanStatic,selection,55,54.99066,5,6,1374516500,1375016500,5519801.71606,4591997.07507549,uniform_k9,9,0.10849794984007675
cleanStatic,selection,55,54.99066,5,6,1374516500,1375016500,5519801.71606,4591997.07507549,shuffled_k9,9,0.27868901961949877
cleanStatic,selection,55,54.99066,5,6,1374516500,1375016500,5519801.71606,4591997.07507549,ai_sparse_k3,3,0.5663581413775128
cleanStatic,selection,55,54.99066,5,6,1374516500,1375016500,5519801.71606,4591997.07507549,pg_scc_k3,3,0.6406131964100777
cleanStatic,selection,55,54.99066,5,6,1374516500,1375016500,5519801.71606,4591997.07507549,ai_sparse_k5,5,0.3718659391985296
cleanStatic,selection,55,54.99066,5,6,1374516500,1375016500,5519801.71606,4591997.07507549,pg_scc_k5,5,0.3812709468305117
cleanStatic,selection,55,54.99066,5,6,1374516500,1375016500,5519801.71606,4591997.07507549,ai_sparse_k9,9,0.13556106314419494
cleanStatic,selection,55,54.99066,5,6,1374516500,1375016500,5519801.71606,4591997.07507549,pg_scc_k9,9,0.2654909490591677
cleanStatic,selection,55,54.99066,5,6,1374516500,1375016500,5519801.71606,4591997.07507549,epl3,3,0.4705867350102058
cleanStatic,selection,55,54.99066,5,6,1374516500,1375016500,5519801.71606,4591997.07507549,fixed9,9,0.21058285669162932
cleanStatic,selection,55,54.99066,5,6,1374516500,1375016500,5519801.71606,4591997.07507549,random1_k3,3,0.7268364234241691
cleanStatic,selection,55,54.99066,5,6,1374516500,1375016500,5519801.71606,4591997.07507549,random2_k3,3,0.3042865944242142
cleanStatic,selection,55,54.99066,5,6,1374516500,1375016500,5519801.71606,4591997.07507549,random3_k3,3,0.10294813815415382
cleanStatic,selection,55,54.99066,5,6,1374516500,1375016500,5519801.71606,4591997.07507549,random4_k3,3,0.2660598615297937
cleanStatic,selection,55,54.99066,5,6,1374516500,1375016500,5519801.71606,4591997.07507549,random5_k3,3,0.27122341179942433
cleanStatic,selection,55,54.99066,5,6,1374516500,1375016500,5519801.71606,4591997.07507549,random1_k5,5,0.14070890140939926
cleanStatic,selection,55,54.99066,5,6,1374516500,1375016500,5519801.71606,4591997.07507549,random2_k5,5,0.3481217871288075
cleanStatic,selection,55,54.99066,5,6,1374516500,1375016500,5519801.71606,4591997.07507549,random3_k5,5,0.2407017439273568
cleanStatic,selection,55,54.99066,5,6,1374516500,1375016500,5519801.71606,4591997.07507549,random4_k5,5,0.37323000614911606
cleanStatic,selection,55,54.99066,5,6,1374516500,1375016500,5519801.71606,4591997.07507549,random5_k5,5,0.3949372201360063
cleanStatic,selection,55,54.99066,5,6,1374516500,1375016500,5519801.71606,4591997.07507549,random1_k9,9,0.38845718833754933
cleanStatic,selection,55,54.99066,5,6,1374516500,1375016500,5519801.71606,4591997.07507549,random2_k9,9,0.15850872943094738
cleanStatic,selection,55,54.99066,5,6,1374516500,1375016500,5519801.71606,4591997.07507549,random3_k9,9,0.357826979201686
cleanStatic,selection,55,54.99066,5,6,1374516500,1375016500,5519801.71606,4591997.07507549,random4_k9,9,0.30561253189380067
cleanStatic,selection,55,54.99066,5,6,1374516500,1375016500,5519801.71606,4591997.07507549,random5_k9,9,0.3911931047441261
cleanStatic,selection,55,54.99219284,6,7,1374554821,1375054821,5517826.2430879995,4525056.582797801,dense_two_source_glrt,187,0.2480590147040314
cleanStatic,selection,55,54.99219284,6,7,1374554821,1375054821,5517826.2430879995,4525056.582797801,dense_one_source_residual,187,1.4366742132564405
cleanStatic,selection,55,54.99219284,6,7,1374554821,1375054821,5517826.2430879995,4525056.582797801,raw_power_only,0,5517826.2430879995
cleanStatic,selection,55,54.99219284,6,7,1374554821,1375054821,5517826.2430879995,4525056.582797801,analytic_sparse_k3,3,0.35658109656425374
cleanStatic,selection,55,54.99219284,6,7,1374554821,1375054821,5517826.2430879995,4525056.582797801,uniform_k3,3,0.7470590487657542
cleanStatic,selection,55,54.99219284,6,7,1374554821,1375054821,5517826.2430879995,4525056.582797801,shuffled_k3,3,0.7391177442960966
cleanStatic,selection,55,54.99219284,6,7,1374554821,1375054821,5517826.2430879995,4525056.582797801,analytic_sparse_k5,5,0.4982712145980267
cleanStatic,selection,55,54.99219284,6,7,1374554821,1375054821,5517826.2430879995,4525056.582797801,uniform_k5,5,0.39966479526366444
cleanStatic,selection,55,54.99219284,6,7,1374554821,1375054821,5517826.2430879995,4525056.582797801,shuffled_k5,5,1.2607901096504348
cleanStatic,selection,55,54.99219284,6,7,1374554821,1375054821,5517826.2430879995,4525056.582797801,analytic_sparse_k9,9,0.5900359157669813
cleanStatic,selection,55,54.99219284,6,7,1374554821,1375054821,5517826.2430879995,4525056.582797801,uniform_k9,9,0.08029040425957924
cleanStatic,selection,55,54.99219284,6,7,1374554821,1375054821,5517826.2430879995,4525056.582797801,shuffled_k9,9,0.9644561524551973
cleanStatic,selection,55,54.99219284,6,7,1374554821,1375054821,5517826.2430879995,4525056.582797801,ai_sparse_k3,3,1.1448787740992716
cleanStatic,selection,55,54.99219284,6,7,1374554821,1375054821,5517826.2430879995,4525056.582797801,pg_scc_k3,3,0.6869387768937162
cleanStatic,selection,55,54.99219284,6,7,1374554821,1375054821,5517826.2430879995,4525056.582797801,ai_sparse_k5,5,0.7981830635915895
cleanStatic,selection,55,54.99219284,6,7,1374554821,1375054821,5517826.2430879995,4525056.582797801,pg_scc_k5,5,0.9377297551660835
cleanStatic,selection,55,54.99219284,6,7,1374554821,1375054821,5517826.2430879995,4525056.582797801,ai_sparse_k9,9,0.7394592824503827
cleanStatic,selection,55,54.99219284,6,7,1374554821,1375054821,5517826.2430879995,4525056.582797801,pg_scc_k9,9,0.9280778915913392
cleanStatic,selection,55,54.99219284,6,7,1374554821,1375054821,5517826.2430879995,4525056.582797801,epl3,3,1.2027087473318168
cleanStatic,selection,55,54.99219284,6,7,1374554821,1375054821,5517826.2430879995,4525056.582797801,fixed9,9,1.1881396016863013
cleanStatic,selection,55,54.99219284,6,7,1374554821,1375054821,5517826.2430879995,4525056.582797801,random1_k3,3,1.3609066071319178
cleanStatic,selection,55,54.99219284,6,7,1374554821,1375054821,5517826.2430879995,4525056.582797801,random2_k3,3,0.821849385151264
cleanStatic,selection,55,54.99219284,6,7,1374554821,1375054821,5517826.2430879995,4525056.582797801,random3_k3,3,0.819153858655274
cleanStatic,selection,55,54.99219284,6,7,1374554821,1375054821,5517826.2430879995,4525056.582797801,random4_k3,3,0.5619825680188034
cleanStatic,selection,55,54.99219284,6,7,1374554821,1375054821,5517826.2430879995,4525056.582797801,random5_k3,3,0.48685940940494493
cleanStatic,selection,55,54.99219284,6,7,1374554821,1375054821,5517826.2430879995,4525056.582797801,random1_k5,5,0.5533490395271005
cleanStatic,selection,55,54.99219284,6,7,1374554821,1375054821,5517826.2430879995,4525056.582797801,random2_k5,5,0.6017430801727723
cleanStatic,selection,55,54.99219284,6,7,1374554821,1375054821,5517826.2430879995,4525056.582797801,random3_k5,5,0.6197056018457291
cleanStatic,selection,55,54.99219284,6,7,1374554821,1375054821,5517826.2430879995,4525056.582797801,random4_k5,5,0.1351291630171702
cleanStatic,selection,55,54.99219284,6,7,1374554821,1375054821,5517826.2430879995,4525056.582797801,random5_k5,5,0.8757133191262969
cleanStatic,selection,55,54.99219284,6,7,1374554821,1375054821,5517826.2430879995,4525056.582797801,random1_k9,9,0.7697479474841332
cleanStatic,selection,55,54.99219284,6,7,1374554821,1375054821,5517826.2430879995,4525056.582797801,random2_k9,9,0.195965649317191
cleanStatic,selection,55,54.99219284,6,7,1374554821,1375054821,5517826.2430879995,4525056.582797801,random3_k9,9,0.7915065729250403
cleanStatic,selection,55,54.99219284,6,7,1374554821,1375054821,5517826.2430879995,4525056.582797801,random4_k9,9,0.4546858130426753
cleanStatic,selection,55,54.99219284,6,7,1374554821,1375054821,5517826.2430879995,4525056.582797801,random5_k9,9,0.747042359394308
cleanStatic,selection,55,54.99037364,7,10,1374509341,1375009341,5520842.392417999,1950836.3839321348,dense_two_source_glrt,187,0.8675894560038389
cleanStatic,selection,55,54.99037364,7,10,1374509341,1375009341,5520842.392417999,1950836.3839321348,dense_one_source_residual,187,2.979166092424971
cleanStatic,selection,55,54.99037364,7,10,1374509341,1375009341,5520842.392417999,1950836.3839321348,raw_power_only,0,5520842.392417999
cleanStatic,selection,55,54.99037364,7,10,1374509341,1375009341,5520842.392417999,1950836.3839321348,analytic_sparse_k3,3,0.21131747127391076
cleanStatic,selection,55,54.99037364,7,10,1374509341,1375009341,5520842.392417999,1950836.3839321348,uniform_k3,3,0.751311471983882
cleanStatic,selection,55,54.99037364,7,10,1374509341,1375009341,5520842.392417999,1950836.3839321348,shuffled_k3,3,0.4866467018706709
cleanStatic,selection,55,54.99037364,7,10,1374509341,1375009341,5520842.392417999,1950836.3839321348,analytic_sparse_k5,5,1.16830477181202
cleanStatic,selection,55,54.99037364,7,10,1374509341,1375009341,5520842.392417999,1950836.3839321348,uniform_k5,5,1.0450272362515418
cleanStatic,selection,55,54.99037364,7,10,1374509341,1375009341,5520842.392417999,1950836.3839321348,shuffled_k5,5,0.9465212157816255
cleanStatic,selection,55,54.99037364,7,10,1374509341,1375009341,5520842.392417999,1950836.3839321348,analytic_sparse_k9,9,0.8545743091806197
cleanStatic,selection,55,54.99037364,7,10,1374509341,1375009341,5520842.392417999,1950836.3839321348,uniform_k9,9,0.38818370705827693
cleanStatic,selection,55,54.99037364,7,10,1374509341,1375009341,5520842.392417999,1950836.3839321348,shuffled_k9,9,2.807135239786126
cleanStatic,selection,55,54.99037364,7,10,1374509341,1375009341,5520842.392417999,1950836.3839321348,ai_sparse_k3,3,4.67546205422326
cleanStatic,selection,55,54.99037364,7,10,1374509341,1375009341,5520842.392417999,1950836.3839321348,pg_scc_k3,3,3.2369445621326816
cleanStatic,selection,55,54.99037364,7,10,1374509341,1375009341,5520842.392417999,1950836.3839321348,ai_sparse_k5,5,2.2858514454259757
cleanStatic,selection,55,54.99037364,7,10,1374509341,1375009341,5520842.392417999,1950836.3839321348,pg_scc_k5,5,0.5858020746644975
cleanStatic,selection,55,54.99037364,7,10,1374509341,1375009341,5520842.392417999,1950836.3839321348,ai_sparse_k9,9,1.703791940336774
cleanStatic,selection,55,54.99037364,7,10,1374509341,1375009341,5520842.392417999,1950836.3839321348,pg_scc_k9,9,0.6809185538211762
cleanStatic,selection,55,54.99037364,7,10,1374509341,1375009341,5520842.392417999,1950836.3839321348,epl3,3,2.383447580088905
cleanStatic,selection,55,54.99037364,7,10,1374509341,1375009341,5520842.392417999,1950836.3839321348,fixed9,9,2.5504786996717153
cleanStatic,selection,55,54.99037364,7,10,1374509341,1375009341,5520842.392417999,1950836.3839321348,random1_k3,3,2.4232060997349687
cleanStatic,selection,55,54.99037364,7,10,1374509341,1375009341,5520842.392417999,1950836.3839321348,random2_k3,3,1.0955271807233302
cleanStatic,selection,55,54.99037364,7,10,1374509341,1375009341,5520842.392417999,1950836.3839321348,random3_k3,3,3.330868604410769
cleanStatic,selection,55,54.99037364,7,10,1374509341,1375009341,5520842.392417999,1950836.3839321348,random4_k3,3,0.6356037471080783
cleanStatic,selection,55,54.99037364,7,10,1374509341,1375009341,5520842.392417999,1950836.3839321348,random5_k3,3,0.44945344763412143
cleanStatic,selection,55,54.99037364,7,10,1374509341,1375009341,5520842.392417999,1950836.3839321348,random1_k5,5,1.2172884501913066
cleanStatic,selection,55,54.99037364,7,10,1374509341,1375009341,5520842.392417999,1950836.3839321348,random2_k5,5,0.37654178275628036
cleanStatic,selection,55,54.99037364,7,10,1374509341,1375009341,5520842.392417999,1950836.3839321348,random3_k5,5,1.1094433150846732
cleanStatic,selection,55,54.99037364,7,10,1374509341,1375009341,5520842.392417999,1950836.3839321348,random4_k5,5,0.45847999831226155
cleanStatic,selection,55,54.99037364,7,10,1374509341,1375009341,5520842.392417999,1950836.3839321348,random5_k5,5,2.7618463201038455
cleanStatic,selection,55,54.99037364,7,10,1374509341,1375009341,5520842.392417999,1950836.3839321348,random1_k9,9,2.9263278256852003
cleanStatic,selection,55,54.99037364,7,10,1374509341,1375009341,5520842.392417999,1950836.3839321348,random2_k9,9,1.1878365479657522
cleanStatic,selection,55,54.99037364,7,10,1374509341,1375009341,5520842.392417999,1950836.3839321348,random3_k9,9,2.5200213948894024
cleanStatic,selection,55,54.99037364,7,10,1374509341,1375009341,5520842.392417999,1950836.3839321348,random4_k9,9,2.054335565394111
cleanStatic,selection,55,54.99037364,7,10,1374509341,1375009341,5520842.392417999,1950836.3839321348,random5_k9,9,0.9175482560868957
cleanStatic,selection,55,55.00466956,8,13,1374866739,1375366739,5512280.7130539995,6224008.017437524,dense_two_source_glrt,187,0.04842655964690005
cleanStatic,selection,55,55.00466956,8,13,1374866739,1375366739,5512280.7130539995,6224008.017437524,dense_one_source_residual,187,0.24786459071211123
cleanStatic,selection,55,55.00466956,8,13,1374866739,1375366739,5512280.7130539995,6224008.017437524,raw_power_only,0,5512280.7130539995
cleanStatic,selection,55,55.00466956,8,13,1374866739,1375366739,5512280.7130539995,6224008.017437524,analytic_sparse_k3,3,0.06823083189329271
cleanStatic,selection,55,55.00466956,8,13,1374866739,1375366739,5512280.7130539995,6224008.017437524,uniform_k3,3,0.2086490928914836
cleanStatic,selection,55,55.00466956,8,13,1374866739,1375366739,5512280.7130539995,6224008.017437524,shuffled_k3,3,0.08193965303185752
cleanStatic,selection,55,55.00466956,8,13,1374866739,1375366739,5512280.7130539995,6224008.017437524,analytic_sparse_k5,5,0.07185928181726468
cleanStatic,selection,55,55.00466956,8,13,1374866739,1375366739,5512280.7130539995,6224008.017437524,uniform_k5,5,0.07606380353940165
cleanStatic,selection,55,55.00466956,8,13,1374866739,1375366739,5512280.7130539995,6224008.017437524,shuffled_k5,5,0.10230751277963138
cleanStatic,selection,55,55.00466956,8,13,1374866739,1375366739,5512280.7130539995,6224008.017437524,analytic_sparse_k9,9,0.05907227689167511
cleanStatic,selection,55,55.00466956,8,13,1374866739,1375366739,5512280.7130539995,6224008.017437524,uniform_k9,9,0.0627719209141091
cleanStatic,selection,55,55.00466956,8,13,1374866739,1375366739,5512280.7130539995,6224008.017437524,shuffled_k9,9,0.14242872342970828
cleanStatic,selection,55,55.00466956,8,13,1374866739,1375366739,5512280.7130539995,6224008.017437524,ai_sparse_k3,3,0.1315219420061868
cleanStatic,selection,55,55.00466956,8,13,1374866739,1375366739,5512280.7130539995,6224008.017437524,pg_scc_k3,3,0.20292554924021353
cleanStatic,selection,55,55.00466956,8,13,1374866739,1375366739,5512280.7130539995,6224008.017437524,ai_sparse_k5,5,0.13595288000040018
cleanStatic,selection,55,55.00466956,8,13,1374866739,1375366739,5512280.7130539995,6224008.017437524,pg_scc_k5,5,0.13923822483082807
cleanStatic,selection,55,55.00466956,8,13,1374866739,1375366739,5512280.7130539995,6224008.017437524,ai_sparse_k9,9,0.064728004459592
cleanStatic,selection,55,55.00466956,8,13,1374866739,1375366739,5512280.7130539995,6224008.017437524,pg_scc_k9,9,0.13722106358708588
cleanStatic,selection,55,55.00466956,8,13,1374866739,1375366739,5512280.7130539995,6224008.017437524,epl3,3,0.18558341715309776
cleanStatic,selection,55,55.00466956,8,13,1374866739,1375366739,5512280.7130539995,6224008.017437524,fixed9,9,0.22405912961817048
cleanStatic,selection,55,55.00466956,8,13,1374866739,1375366739,5512280.7130539995,6224008.017437524,random1_k3,3,0.060026541511669036
cleanStatic,selection,55,55.00466956,8,13,1374866739,1375366739,5512280.7130539995,6224008.017437524,random2_k3,3,0.117594106689903
cleanStatic,selection,55,55.00466956,8,13,1374866739,1375366739,5512280.7130539995,6224008.017437524,random3_k3,3,0.5611309060137986
cleanStatic,selection,55,55.00466956,8,13,1374866739,1375366739,5512280.7130539995,6224008.017437524,random4_k3,3,0.11540506466665285
cleanStatic,selection,55,55.00466956,8,13,1374866739,1375366739,5512280.7130539995,6224008.017437524,random5_k3,3,0.040083076467508055
cleanStatic,selection,55,55.00466956,8,13,1374866739,1375366739,5512280.7130539995,6224008.017437524,random1_k5,5,0.05304902393086599
cleanStatic,selection,55,55.00466956,8,13,1374866739,1375366739,5512280.7130539995,6224008.017437524,random2_k5,5,0.2644708168680139
cleanStatic,selection,55,55.00466956,8,13,1374866739,1375366739,5512280.7130539995,6224008.017437524,random3_k5,5,0.13439253431543324
cleanStatic,selection,55,55.00466956,8,13,1374866739,1375366739,5512280.7130539995,6224008.017437524,random4_k5,5,0.08361208599704459
cleanStatic,selection,55,55.00466956,8,13,1374866739,1375366739,5512280.7130539995,6224008.017437524,random5_k5,5,0.04138998706992143
cleanStatic,selection,55,55.00466956,8,13,1374866739,1375366739,5512280.7130539995,6224008.017437524,random1_k9,9,0.08480237567663501
cleanStatic,selection,55,55.00466956,8,13,1374866739,1375366739,5512280.7130539995,6224008.017437524,random2_k9,9,0.12096672992995483
cleanStatic,selection,55,55.00466956,8,13,1374866739,1375366739,5512280.7130539995,6224008.017437524,random3_k9,9,0.05711088496900421
cleanStatic,selection,55,55.00466956,8,13,1374866739,1375366739,5512280.7130539995,6224008.017437524,random4_k9,9,0.027950754664657598
cleanStatic,selection,55,55.00466956,8,13,1374866739,1375366739,5512280.7130539995,6224008.017437524,random5_k9,9,0.06813172656532844
cleanStatic,selection,55,54.99050392,9,19,1374512598,1375012598,5520136.187072,4719569.413705954,dense_two_source_glrt,187,0.03896820630730216
cleanStatic,selection,55,54.99050392,9,19,1374512598,1375012598,5520136.187072,4719569.413705954,dense_one_source_residual,187,0.2140316419198641
cleanStatic,selection,55,54.99050392,9,19,1374512598,1375012598,5520136.187072,4719569.413705954,raw_power_only,0,5520136.187072
cleanStatic,selection,55,54.99050392,9,19,1374512598,1375012598,5520136.187072,4719569.413705954,analytic_sparse_k3,3,0.09112469000359529
cleanStatic,selection,55,54.99050392,9,19,1374512598,1375012598,5520136.187072,4719569.413705954,uniform_k3,3,0.35920978421861505
cleanStatic,selection,55,54.99050392,9,19,1374512598,1375012598,5520136.187072,4719569.413705954,shuffled_k3,3,0.3498396390464202
cleanStatic,selection,55,54.99050392,9,19,1374512598,1375012598,5520136.187072,4719569.413705954,analytic_sparse_k5,5,0.11156148396733667
cleanStatic,selection,55,54.99050392,9,19,1374512598,1375012598,5520136.187072,4719569.413705954,uniform_k5,5,0.3109134945268817
cleanStatic,selection,55,54.99050392,9,19,1374512598,1375012598,5520136.187072,4719569.413705954,shuffled_k5,5,0.13131705043919162
cleanStatic,selection,55,54.99050392,9,19,1374512598,1375012598,5520136.187072,4719569.413705954,analytic_sparse_k9,9,0.0659543218950119
cleanStatic,selection,55,54.99050392,9,19,1374512598,1375012598,5520136.187072,4719569.413705954,uniform_k9,9,0.09544563690010678
cleanStatic,selection,55,54.99050392,9,19,1374512598,1375012598,5520136.187072,4719569.413705954,shuffled_k9,9,0.06485088765817065
cleanStatic,selection,55,54.99050392,9,19,1374512598,1375012598,5520136.187072,4719569.413705954,ai_sparse_k3,3,0.1091486317820138
cleanStatic,selection,55,54.99050392,9,19,1374512598,1375012598,5520136.187072,4719569.413705954,pg_scc_k3,3,0.024294358534337927
cleanStatic,selection,55,54.99050392,9,19,1374512598,1375012598,5520136.187072,4719569.413705954,ai_sparse_k5,5,0.17858318901612075
cleanStatic,selection,55,54.99050392,9,19,1374512598,1375012598,5520136.187072,4719569.413705954,pg_scc_k5,5,0.05304060369755046
cleanStatic,selection,55,54.99050392,9,19,1374512598,1375012598,5520136.187072,4719569.413705954,ai_sparse_k9,9,0.06425037827273934
cleanStatic,selection,55,54.99050392,9,19,1374512598,1375012598,5520136.187072,4719569.413705954,pg_scc_k9,9,0.0778600594263206
cleanStatic,selection,55,54.99050392,9,19,1374512598,1375012598,5520136.187072,4719569.413705954,epl3,3,0.2367574006608928
cleanStatic,selection,55,54.99050392,9,19,1374512598,1375012598,5520136.187072,4719569.413705954,fixed9,9,0.13619824551377524
cleanStatic,selection,55,54.99050392,9,19,1374512598,1375012598,5520136.187072,4719569.413705954,random1_k3,3,0.1270005847176772
cleanStatic,selection,55,54.99050392,9,19,1374512598,1375012598,5520136.187072,4719569.413705954,random2_k3,3,0.018701837929991163
cleanStatic,selection,55,54.99050392,9,19,1374512598,1375012598,5520136.187072,4719569.413705954,random3_k3,3,0.04009968568213892
cleanStatic,selection,55,54.99050392,9,19,1374512598,1375012598,5520136.187072,4719569.413705954,random4_k3,3,0.12500853049016894
cleanStatic,selection,55,54.99050392,9,19,1374512598,1375012598,5520136.187072,4719569.413705954,random5_k3,3,0.10561769654367759
cleanStatic,selection,55,54.99050392,9,19,1374512598,1375012598,5520136.187072,4719569.413705954,random1_k5,5,0.08281713302422805
cleanStatic,selection,55,54.99050392,9,19,1374512598,1375012598,5520136.187072,4719569.413705954,random2_k5,5,0.1367364669507681
cleanStatic,selection,55,54.99050392,9,19,1374512598,1375012598,5520136.187072,4719569.413705954,random3_k5,5,0.18424323711958346
cleanStatic,selection,55,54.99050392,9,19,1374512598,1375012598,5520136.187072,4719569.413705954,random4_k5,5,0.1420913020785254
cleanStatic,selection,55,54.99050392,9,19,1374512598,1375012598,5520136.187072,4719569.413705954,random5_k5,5,0.09504883704720862
cleanStatic,selection,55,54.99050392,9,19,1374512598,1375012598,5520136.187072,4719569.413705954,random1_k9,9,0.12618915896849903
cleanStatic,selection,55,54.99050392,9,19,1374512598,1375012598,5520136.187072,4719569.413705954,random2_k9,9,0.016835533077868323
cleanStatic,selection,55,54.99050392,9,19,1374512598,1375012598,5520136.187072,4719569.413705954,random3_k9,9,0.04572914427321684
cleanStatic,selection,55,54.99050392,9,19,1374512598,1375012598,5520136.187072,4719569.413705954,random4_k9,9,0.008309493926572264
cleanStatic,selection,55,54.99050392,9,19,1374512598,1375012598,5520136.187072,4719569.413705954,random5_k9,9,0.05683303070826012
cleanStatic,selection,55,54.99061656,10,23,1374515414,1375015414,5520411.125149999,6644967.363352835,dense_two_source_glrt,187,0.03285039221256102
cleanStatic,selection,55,54.99061656,10,23,1374515414,1375015414,5520411.125149999,6644967.363352835,dense_one_source_residual,187,0.18733565048273274
cleanStatic,selection,55,54.99061656,10,23,1374515414,1375015414,5520411.125149999,6644967.363352835,raw_power_only,0,5520411.125149999
cleanStatic,selection,55,54.99061656,10,23,1374515414,1375015414,5520411.125149999,6644967.363352835,analytic_sparse_k3,3,0.11438982248946294
cleanStatic,selection,55,54.99061656,10,23,1374515414,1375015414,5520411.125149999,6644967.363352835,uniform_k3,3,0.07246894771053147
cleanStatic,selection,55,54.99061656,10,23,1374515414,1375015414,5520411.125149999,6644967.363352835,shuffled_k3,3,0.023266403322662
cleanStatic,selection,55,54.99061656,10,23,1374515414,1375015414,5520411.125149999,6644967.363352835,analytic_sparse_k5,5,0.07364940343699582
cleanStatic,selection,55,54.99061656,10,23,1374515414,1375015414,5520411.125149999,6644967.363352835,uniform_k5,5,0.07474597481879085
cleanStatic,selection,55,54.99061656,10,23,1374515414,1375015414,5520411.125149999,6644967.363352835,shuffled_k5,5,0.045296501768256815
cleanStatic,selection,55,54.99061656,10,23,1374515414,1375015414,5520411.125149999,6644967.363352835,analytic_sparse_k9,9,0.05988357120316095
cleanStatic,selection,55,54.99061656,10,23,1374515414,1375015414,5520411.125149999,6644967.363352835,uniform_k9,9,0.04867735147987403
cleanStatic,selection,55,54.99061656,10,23,1374515414,1375015414,5520411.125149999,6644967.363352835,shuffled_k9,9,0.09745116901528274
cleanStatic,selection,55,54.99061656,10,23,1374515414,1375015414,5520411.125149999,6644967.363352835,ai_sparse_k3,3,0.1294462054134823
cleanStatic,selection,55,54.99061656,10,23,1374515414,1375015414,5520411.125149999,6644967.363352835,pg_scc_k3,3,0.33911005723628285
cleanStatic,selection,55,54.99061656,10,23,1374515414,1375015414,5520411.125149999,6644967.363352835,ai_sparse_k5,5,0.10791842996544676
cleanStatic,selection,55,54.99061656,10,23,1374515414,1375015414,5520411.125149999,6644967.363352835,pg_scc_k5,5,0.1526191201520696
cleanStatic,selection,55,54.99061656,10,23,1374515414,1375015414,5520411.125149999,6644967.363352835,ai_sparse_k9,9,0.11224467083765062
cleanStatic,selection,55,54.99061656,10,23,1374515414,1375015414,5520411.125149999,6644967.363352835,pg_scc_k9,9,0.15616126918562762
cleanStatic,selection,55,54.99061656,10,23,1374515414,1375015414,5520411.125149999,6644967.363352835,epl3,3,0.08139936611756887
cleanStatic,selection,55,54.99061656,10,23,1374515414,1375015414,5520411.125149999,6644967.363352835,fixed9,9,0.0747586988761572
cleanStatic,selection,55,54.99061656,10,23,1374515414,1375015414,5520411.125149999,6644967.363352835,random1_k3,3,0.11737037697243725
cleanStatic,selection,55,54.99061656,10,23,1374515414,1375015414,5520411.125149999,6644967.363352835,random2_k3,3,0.15076904596159893
cleanStatic,selection,55,54.99061656,10,23,1374515414,1375015414,5520411.125149999,6644967.363352835,random3_k3,3,0.07772828472990008
cleanStatic,selection,55,54.99061656,10,23,1374515414,1375015414,5520411.125149999,6644967.363352835,random4_k3,3,0.16672985340868493
cleanStatic,selection,55,54.99061656,10,23,1374515414,1375015414,5520411.125149999,6644967.363352835,random5_k3,3,0.04761072552267461
cleanStatic,selection,55,54.99061656,10,23,1374515414,1375015414,5520411.125149999,6644967.363352835,random1_k5,5,0.08523601996517746
cleanStatic,selection,55,54.99061656,10,23,1374515414,1375015414,5520411.125149999,6644967.363352835,random2_k5,5,0.05501669603374102
cleanStatic,selection,55,54.99061656,10,23,1374515414,1375015414,5520411.125149999,6644967.363352835,random3_k5,5,0.0888847021487389
cleanStatic,selection,55,54.99061656,10,23,1374515414,1375015414,5520411.125149999,6644967.363352835,random4_k5,5,0.11117787678032295
cleanStatic,selection,55,54.99061656,10,23,1374515414,1375015414,5520411.125149999,6644967.363352835,random5_k5,5,0.12165768508322894
cleanStatic,selection,55,54.99061656,10,23,1374515414,1375015414,5520411.125149999,6644967.363352835,random1_k9,9,0.06501984426395625
cleanStatic,selection,55,54.99061656,10,23,1374515414,1375015414,5520411.125149999,6644967.363352835,random2_k9,9,0.046523911392799176
cleanStatic,selection,55,54.99061656,10,23,1374515414,1375015414,5520411.125149999,6644967.363352835,random3_k9,9,0.06223372423397796
cleanStatic,selection,55,54.99061656,10,23,1374515414,1375015414,5520411.125149999,6644967.363352835,random4_k9,9,0.07741828860660901
cleanStatic,selection,55,54.99061656,10,23,1374515414,1375015414,5520411.125149999,6644967.363352835,random5_k9,9,0.15338120612601944
cleanStatic,selection,57,56.9903046,0,16,1424507615,1425007615,5541490.460926,5198307.170561539,dense_two_source_glrt,187,0.03240905970585683
cleanStatic,selection,57,56.9903046,0,16,1424507615,1425007615,5541490.460926,5198307.170561539,dense_one_source_residual,187,0.3150769648757417
cleanStatic,selection,57,56.9903046,0,16,1424507615,1425007615,5541490.460926,5198307.170561539,raw_power_only,0,5541490.460926
cleanStatic,selection,57,56.9903046,0,16,1424507615,1425007615,5541490.460926,5198307.170561539,analytic_sparse_k3,3,0.035304028468146766
cleanStatic,selection,57,56.9903046,0,16,1424507615,1425007615,5541490.460926,5198307.170561539,uniform_k3,3,0.3329313135531951
cleanStatic,selection,57,56.9903046,0,16,1424507615,1425007615,5541490.460926,5198307.170561539,shuffled_k3,3,0.062026928459076924
cleanStatic,selection,57,56.9903046,0,16,1424507615,1425007615,5541490.460926,5198307.170561539,analytic_sparse_k5,5,0.11229861330953146
cleanStatic,selection,57,56.9903046,0,16,1424507615,1425007615,5541490.460926,5198307.170561539,uniform_k5,5,0.15305124991708
cleanStatic,selection,57,56.9903046,0,16,1424507615,1425007615,5541490.460926,5198307.170561539,shuffled_k5,5,0.3365838973094695
cleanStatic,selection,57,56.9903046,0,16,1424507615,1425007615,5541490.460926,5198307.170561539,analytic_sparse_k9,9,0.12542327625620295
cleanStatic,selection,57,56.9903046,0,16,1424507615,1425007615,5541490.460926,5198307.170561539,uniform_k9,9,0.12851984361956548
cleanStatic,selection,57,56.9903046,0,16,1424507615,1425007615,5541490.460926,5198307.170561539,shuffled_k9,9,0.1007916119331959
cleanStatic,selection,57,56.9903046,0,16,1424507615,1425007615,5541490.460926,5198307.170561539,ai_sparse_k3,3,0.28910829850246306
cleanStatic,selection,57,56.9903046,0,16,1424507615,1425007615,5541490.460926,5198307.170561539,pg_scc_k3,3,0.19172070093531637
cleanStatic,selection,57,56.9903046,0,16,1424507615,1425007615,5541490.460926,5198307.170561539,ai_sparse_k5,5,0.3217913769039126
cleanStatic,selection,57,56.9903046,0,16,1424507615,1425007615,5541490.460926,5198307.170561539,pg_scc_k5,5,0.18442384409275733
cleanStatic,selection,57,56.9903046,0,16,1424507615,1425007615,5541490.460926,5198307.170561539,ai_sparse_k9,9,0.10856916279949311
cleanStatic,selection,57,56.9903046,0,16,1424507615,1425007615,5541490.460926,5198307.170561539,pg_scc_k9,9,0.09987665670208368
cleanStatic,selection,57,56.9903046,0,16,1424507615,1425007615,5541490.460926,5198307.170561539,epl3,3,0.15904296357192163
cleanStatic,selection,57,56.9903046,0,16,1424507615,1425007615,5541490.460926,5198307.170561539,fixed9,9,0.11696797426528462
cleanStatic,selection,57,56.9903046,0,16,1424507615,1425007615,5541490.460926,5198307.170561539,random1_k3,3,0.24163267298803046
cleanStatic,selection,57,56.9903046,0,16,1424507615,1425007615,5541490.460926,5198307.170561539,random2_k3,3,0.20892193137474535
cleanStatic,selection,57,56.9903046,0,16,1424507615,1425007615,5541490.460926,5198307.170561539,random3_k3,3,0.08826431421071003
cleanStatic,selection,57,56.9903046,0,16,1424507615,1425007615,5541490.460926,5198307.170561539,random4_k3,3,0.2633692901046667
cleanStatic,selection,57,56.9903046,0,16,1424507615,1425007615,5541490.460926,5198307.170561539,random5_k3,3,0.00659999256567113
cleanStatic,selection,57,56.9903046,0,16,1424507615,1425007615,5541490.460926,5198307.170561539,random1_k5,5,0.12788707167048785
cleanStatic,selection,57,56.9903046,0,16,1424507615,1425007615,5541490.460926,5198307.170561539,random2_k5,5,0.1504016052654789
cleanStatic,selection,57,56.9903046,0,16,1424507615,1425007615,5541490.460926,5198307.170561539,random3_k5,5,0.09654843817436005
cleanStatic,selection,57,56.9903046,0,16,1424507615,1425007615,5541490.460926,5198307.170561539,random4_k5,5,0.019935152609728925
cleanStatic,selection,57,56.9903046,0,16,1424507615,1425007615,5541490.460926,5198307.170561539,random5_k5,5,0.0912934599490067
cleanStatic,selection,57,56.9903046,0,16,1424507615,1425007615,5541490.460926,5198307.170561539,random1_k9,9,0.2550368987730529
cleanStatic,selection,57,56.9903046,0,16,1424507615,1425007615,5541490.460926,5198307.170561539,random2_k9,9,0.0735867928966025
cleanStatic,selection,57,56.9903046,0,16,1424507615,1425007615,5541490.460926,5198307.170561539,random3_k9,9,0.1286196942316767
cleanStatic,selection,57,56.9903046,0,16,1424507615,1425007615,5541490.460926,5198307.170561539,random4_k9,9,0.03252504549597167
cleanStatic,selection,57,56.9903046,0,16,1424507615,1425007615,5541490.460926,5198307.170561539,random5_k9,9,0.06838620289646001
cleanStatic,selection,57,56.9905416,2,3,1424513540,1425013540,5541185.62515,5898273.039271761,dense_two_source_glrt,187,0.07687495814583557
cleanStatic,selection,57,56.9905416,2,3,1424513540,1425013540,5541185.62515,5898273.039271761,dense_one_source_residual,187,0.5076075923359379
cleanStatic,selection,57,56.9905416,2,3,1424513540,1425013540,5541185.62515,5898273.039271761,raw_power_only,0,5541185.62515
cleanStatic,selection,57,56.9905416,2,3,1424513540,1425013540,5541185.62515,5898273.039271761,analytic_sparse_k3,3,0.03070366313725298
cleanStatic,selection,57,56.9905416,2,3,1424513540,1425013540,5541185.62515,5898273.039271761,uniform_k3,3,0.2553859193944349
cleanStatic,selection,57,56.9905416,2,3,1424513540,1425013540,5541185.62515,5898273.039271761,shuffled_k3,3,0.057158713657295336
cleanStatic,selection,57,56.9905416,2,3,1424513540,1425013540,5541185.62515,5898273.039271761,analytic_sparse_k5,5,0.12495381190429429
cleanStatic,selection,57,56.9905416,2,3,1424513540,1425013540,5541185.62515,5898273.039271761,uniform_k5,5,0.2982963638773544
cleanStatic,selection,57,56.9905416,2,3,1424513540,1425013540,5541185.62515,5898273.039271761,shuffled_k5,5,0.13595988067160727
cleanStatic,selection,57,56.9905416,2,3,1424513540,1425013540,5541185.62515,5898273.039271761,analytic_sparse_k9,9,0.04637456712311586
cleanStatic,selection,57,56.9905416,2,3,1424513540,1425013540,5541185.62515,5898273.039271761,uniform_k9,9,0.015330881782262828
cleanStatic,selection,57,56.9905416,2,3,1424513540,1425013540,5541185.62515,5898273.039271761,shuffled_k9,9,0.4030266335697992
cleanStatic,selection,57,56.9905416,2,3,1424513540,1425013540,5541185.62515,5898273.039271761,ai_sparse_k3,3,0.23083582211253084
cleanStatic,selection,57,56.9905416,2,3,1424513540,1425013540,5541185.62515,5898273.039271761,pg_scc_k3,3,0.3318190080470212
cleanStatic,selection,57,56.9905416,2,3,1424513540,1425013540,5541185.62515,5898273.039271761,ai_sparse_k5,5,0.2688367870356284
cleanStatic,selection,57,56.9905416,2,3,1424513540,1425013540,5541185.62515,5898273.039271761,pg_scc_k5,5,0.17875010024771093
cleanStatic,selection,57,56.9905416,2,3,1424513540,1425013540,5541185.62515,5898273.039271761,ai_sparse_k9,9,0.2618220803915652
cleanStatic,selection,57,56.9905416,2,3,1424513540,1425013540,5541185.62515,5898273.039271761,pg_scc_k9,9,0.12779724306659734
cleanStatic,selection,57,56.9905416,2,3,1424513540,1425013540,5541185.62515,5898273.039271761,epl3,3,0.711322252949074
cleanStatic,selection,57,56.9905416,2,3,1424513540,1425013540,5541185.62515,5898273.039271761,fixed9,9,0.4332303075109915
cleanStatic,selection,57,56.9905416,2,3,1424513540,1425013540,5541185.62515,5898273.039271761,random1_k3,3,0.45727644172472254
cleanStatic,selection,57,56.9905416,2,3,1424513540,1425013540,5541185.62515,5898273.039271761,random2_k3,3,0.15342318181707648
cleanStatic,selection,57,56.9905416,2,3,1424513540,1425013540,5541185.62515,5898273.039271761,random3_k3,3,0.29478783022071764
cleanStatic,selection,57,56.9905416,2,3,1424513540,1425013540,5541185.62515,5898273.039271761,random4_k3,3,0.4787269590656394
cleanStatic,selection,57,56.9905416,2,3,1424513540,1425013540,5541185.62515,5898273.039271761,random5_k3,3,0.03816091768305216
cleanStatic,selection,57,56.9905416,2,3,1424513540,1425013540,5541185.62515,5898273.039271761,random1_k5,5,0.21016977547653787
cleanStatic,selection,57,56.9905416,2,3,1424513540,1425013540,5541185.62515,5898273.039271761,random2_k5,5,0.09799943526947752
cleanStatic,selection,57,56.9905416,2,3,1424513540,1425013540,5541185.62515,5898273.039271761,random3_k5,5,0.1334596287956836
cleanStatic,selection,57,56.9905416,2,3,1424513540,1425013540,5541185.62515,5898273.039271761,random4_k5,5,0.3141448528279004
cleanStatic,selection,57,56.9905416,2,3,1424513540,1425013540,5541185.62515,5898273.039271761,random5_k5,5,0.2687891271394105
cleanStatic,selection,57,56.9905416,2,3,1424513540,1425013540,5541185.62515,5898273.039271761,random1_k9,9,0.08758814679128303
cleanStatic,selection,57,56.9905416,2,3,1424513540,1425013540,5541185.62515,5898273.039271761,random2_k9,9,0.10770928102067787
cleanStatic,selection,57,56.9905416,2,3,1424513540,1425013540,5541185.62515,5898273.039271761,random3_k9,9,0.276091750427607
cleanStatic,selection,57,56.9905416,2,3,1424513540,1425013540,5541185.62515,5898273.039271761,random4_k9,9,0.29852876696000386
cleanStatic,selection,57,56.9905416,2,3,1424513540,1425013540,5541185.62515,5898273.039271761,random5_k9,9,0.37726419107344394
cleanStatic,selection,57,57.00535304,3,20,1424883826,1425383826,5518842.839018,2160623.4506424936,dense_two_source_glrt,187,0.4010974603128936
cleanStatic,selection,57,57.00535304,3,20,1424883826,1425383826,5518842.839018,2160623.4506424936,dense_one_source_residual,187,1.748535556243655
cleanStatic,selection,57,57.00535304,3,20,1424883826,1425383826,5518842.839018,2160623.4506424936,raw_power_only,0,5518842.839018
cleanStatic,selection,57,57.00535304,3,20,1424883826,1425383826,5518842.839018,2160623.4506424936,analytic_sparse_k3,3,3.2213158328132927
cleanStatic,selection,57,57.00535304,3,20,1424883826,1425383826,5518842.839018,2160623.4506424936,uniform_k3,3,1.1638659191623548
cleanStatic,selection,57,57.00535304,3,20,1424883826,1425383826,5518842.839018,2160623.4506424936,shuffled_k3,3,1.3068759993288583
cleanStatic,selection,57,57.00535304,3,20,1424883826,1425383826,5518842.839018,2160623.4506424936,analytic_sparse_k5,5,1.8109128763099733
cleanStatic,selection,57,57.00535304,3,20,1424883826,1425383826,5518842.839018,2160623.4506424936,uniform_k5,5,1.3462578479561242
cleanStatic,selection,57,57.00535304,3,20,1424883826,1425383826,5518842.839018,2160623.4506424936,shuffled_k5,5,0.3131116083541965
cleanStatic,selection,57,57.00535304,3,20,1424883826,1425383826,5518842.839018,2160623.4506424936,analytic_sparse_k9,9,0.8248718539762341
cleanStatic,selection,57,57.00535304,3,20,1424883826,1425383826,5518842.839018,2160623.4506424936,uniform_k9,9,0.6275881410248583
cleanStatic,selection,57,57.00535304,3,20,1424883826,1425383826,5518842.839018,2160623.4506424936,shuffled_k9,9,0.3202102198138898
cleanStatic,selection,57,57.00535304,3,20,1424883826,1425383826,5518842.839018,2160623.4506424936,ai_sparse_k3,3,0.6701816885438202
cleanStatic,selection,57,57.00535304,3,20,1424883826,1425383826,5518842.839018,2160623.4506424936,pg_scc_k3,3,2.293185758925818
cleanStatic,selection,57,57.00535304,3,20,1424883826,1425383826,5518842.839018,2160623.4506424936,ai_sparse_k5,5,0.6406481743567135
cleanStatic,selection,57,57.00535304,3,20,1424883826,1425383826,5518842.839018,2160623.4506424936,pg_scc_k5,5,1.0826010034551397
cleanStatic,selection,57,57.00535304,3,20,1424883826,1425383826,5518842.839018,2160623.4506424936,ai_sparse_k9,9,0.8807694628170107
cleanStatic,selection,57,57.00535304,3,20,1424883826,1425383826,5518842.839018,2160623.4506424936,pg_scc_k9,9,0.834272921451935
cleanStatic,selection,57,57.00535304,3,20,1424883826,1425383826,5518842.839018,2160623.4506424936,epl3,3,0.7092883888963496
cleanStatic,selection,57,57.00535304,3,20,1424883826,1425383826,5518842.839018,2160623.4506424936,fixed9,9,0.3919924431888021
cleanStatic,selection,57,57.00535304,3,20,1424883826,1425383826,5518842.839018,2160623.4506424936,random1_k3,3,0.5554123542729869
cleanStatic,selection,57,57.00535304,3,20,1424883826,1425383826,5518842.839018,2160623.4506424936,random2_k3,3,0.05942753507607044
cleanStatic,selection,57,57.00535304,3,20,1424883826,1425383826,5518842.839018,2160623.4506424936,random3_k3,3,0.5856441562134934
cleanStatic,selection,57,57.00535304,3,20,1424883826,1425383826,5518842.839018,2160623.4506424936,random4_k3,3,2.3142129648470156
cleanStatic,selection,57,57.00535304,3,20,1424883826,1425383826,5518842.839018,2160623.4506424936,random5_k3,3,1.6076109545764459
cleanStatic,selection,57,57.00535304,3,20,1424883826,1425383826,5518842.839018,2160623.4506424936,random1_k5,5,0.6505220630458872
cleanStatic,selection,57,57.00535304,3,20,1424883826,1425383826,5518842.839018,2160623.4506424936,random2_k5,5,0.4432275414161861
cleanStatic,selection,57,57.00535304,3,20,1424883826,1425383826,5518842.839018,2160623.4506424936,random3_k5,5,0.13775741869094088
cleanStatic,selection,57,57.00535304,3,20,1424883826,1425383826,5518842.839018,2160623.4506424936,random4_k5,5,1.283468347838366
cleanStatic,selection,57,57.00535304,3,20,1424883826,1425383826,5518842.839018,2160623.4506424936,random5_k5,5,0.8064146564125177
cleanStatic,selection,57,57.00535304,3,20,1424883826,1425383826,5518842.839018,2160623.4506424936,random1_k9,9,0.589467585498843
cleanStatic,selection,57,57.00535304,3,20,1424883826,1425383826,5518842.839018,2160623.4506424936,random2_k9,9,0.9046264671006201
cleanStatic,selection,57,57.00535304,3,20,1424883826,1425383826,5518842.839018,2160623.4506424936,random3_k9,9,0.3474827382096461
cleanStatic,selection,57,57.00535304,3,20,1424883826,1425383826,5518842.839018,2160623.4506424936,random4_k9,9,0.6530433835498022
cleanStatic,selection,57,57.00535304,3,20,1424883826,1425383826,5518842.839018,2160623.4506424936,random5_k9,9,0.4845096717964966
cleanStatic,selection,57,57.0156634,4,30,1425141585,1425641585,5506443.252851998,2043358.0765429675,dense_two_source_glrt,187,2.223859749349022
cleanStatic,selection,57,57.0156634,4,30,1425141585,1425641585,5506443.252851998,2043358.0765429675,dense_one_source_residual,187,7.551976317093579
cleanStatic,selection,57,57.0156634,4,30,1425141585,1425641585,5506443.252851998,2043358.0765429675,raw_power_only,0,5506443.252851998
cleanStatic,selection,57,57.0156634,4,30,1425141585,1425641585,5506443.252851998,2043358.0765429675,analytic_sparse_k3,3,5.886003867095826
cleanStatic,selection,57,57.0156634,4,30,1425141585,1425641585,5506443.252851998,2043358.0765429675,uniform_k3,3,2.0984577862267666
cleanStatic,selection,57,57.0156634,4,30,1425141585,1425641585,5506443.252851998,2043358.0765429675,shuffled_k3,3,4.218124815366026
cleanStatic,selection,57,57.0156634,4,30,1425141585,1425641585,5506443.252851998,2043358.0765429675,analytic_sparse_k5,5,6.565873911988268
cleanStatic,selection,57,57.0156634,4,30,1425141585,1425641585,5506443.252851998,2043358.0765429675,uniform_k5,5,1.6224071696486297
cleanStatic,selection,57,57.0156634,4,30,1425141585,1425641585,5506443.252851998,2043358.0765429675,shuffled_k5,5,2.4200723133340234
cleanStatic,selection,57,57.0156634,4,30,1425141585,1425641585,5506443.252851998,2043358.0765429675,analytic_sparse_k9,9,4.821380366671416
cleanStatic,selection,57,57.0156634,4,30,1425141585,1425641585,5506443.252851998,2043358.0765429675,uniform_k9,9,0.6399328136658227
cleanStatic,selection,57,57.0156634,4,30,1425141585,1425641585,5506443.252851998,2043358.0765429675,shuffled_k9,9,5.238269114243277
cleanStatic,selection,57,57.0156634,4,30,1425141585,1425641585,5506443.252851998,2043358.0765429675,ai_sparse_k3,3,6.266916741760362
cleanStatic,selection,57,57.0156634,4,30,1425141585,1425641585,5506443.252851998,2043358.0765429675,pg_scc_k3,3,15.937312603027095
cleanStatic,selection,57,57.0156634,4,30,1425141585,1425641585,5506443.252851998,2043358.0765429675,ai_sparse_k5,5,5.7110767684670565
cleanStatic,selection,57,57.0156634,4,30,1425141585,1425641585,5506443.252851998,2043358.0765429675,pg_scc_k5,5,5.289479738030133
cleanStatic,selection,57,57.0156634,4,30,1425141585,1425641585,5506443.252851998,2043358.0765429675,ai_sparse_k9,9,6.460235013204872
cleanStatic,selection,57,57.0156634,4,30,1425141585,1425641585,5506443.252851998,2043358.0765429675,pg_scc_k9,9,5.490484146531037
cleanStatic,selection,57,57.0156634,4,30,1425141585,1425641585,5506443.252851998,2043358.0765429675,epl3,3,5.815097217644471
cleanStatic,selection,57,57.0156634,4,30,1425141585,1425641585,5506443.252851998,2043358.0765429675,fixed9,9,5.1108359810531745
cleanStatic,selection,57,57.0156634,4,30,1425141585,1425641585,5506443.252851998,2043358.0765429675,random1_k3,3,6.0155187897539655
cleanStatic,selection,57,57.0156634,4,30,1425141585,1425641585,5506443.252851998,2043358.0765429675,random2_k3,3,5.9729445132491215
cleanStatic,selection,57,57.0156634,4,30,1425141585,1425641585,5506443.252851998,2043358.0765429675,random3_k3,3,7.79663667574822
cleanStatic,selection,57,57.0156634,4,30,1425141585,1425641585,5506443.252851998,2043358.0765429675,random4_k3,3,3.5089028566832834
cleanStatic,selection,57,57.0156634,4,30,1425141585,1425641585,5506443.252851998,2043358.0765429675,random5_k3,3,2.985420194582032
cleanStatic,selection,57,57.0156634,4,30,1425141585,1425641585,5506443.252851998,2043358.0765429675,random1_k5,5,3.3459656668024182
cleanStatic,selection,57,57.0156634,4,30,1425141585,1425641585,5506443.252851998,2043358.0765429675,random2_k5,5,2.457877967961901
cleanStatic,selection,57,57.0156634,4,30,1425141585,1425641585,5506443.252851998,2043358.0765429675,random3_k5,5,3.9835479029845233
cleanStatic,selection,57,57.0156634,4,30,1425141585,1425641585,5506443.252851998,2043358.0765429675,random4_k5,5,4.755614352668933
cleanStatic,selection,57,57.0156634,4,30,1425141585,1425641585,5506443.252851998,2043358.0765429675,random5_k5,5,0.9084639608800629
cleanStatic,selection,57,57.0156634,4,30,1425141585,1425641585,5506443.252851998,2043358.0765429675,random1_k9,9,3.768910525605535
cleanStatic,selection,57,57.0156634,4,30,1425141585,1425641585,5506443.252851998,2043358.0765429675,random2_k9,9,2.6846634988367604
cleanStatic,selection,57,57.0156634,4,30,1425141585,1425641585,5506443.252851998,2043358.0765429675,random3_k9,9,1.0924188961436339
cleanStatic,selection,57,57.0156634,4,30,1425141585,1425641585,5506443.252851998,2043358.0765429675,random4_k9,9,1.1432355961164578
cleanStatic,selection,57,57.0156634,4,30,1425141585,1425641585,5506443.252851998,2043358.0765429675,random5_k9,9,1.9731676465734311
cleanStatic,selection,57,56.99066068,5,6,1424516517,1425016517,5540305.0041000005,4529355.557393858,dense_two_source_glrt,187,0.1223948422274761
cleanStatic,selection,57,56.99066068,5,6,1424516517,1425016517,5540305.0041000005,4529355.557393858,dense_one_source_residual,187,0.6060391826427801
cleanStatic,selection,57,56.99066068,5,6,1424516517,1425016517,5540305.0041000005,4529355.557393858,raw_power_only,0,5540305.0041000005
cleanStatic,selection,57,56.99066068,5,6,1424516517,1425016517,5540305.0041000005,4529355.557393858,analytic_sparse_k3,3,0.5625423145349268
cleanStatic,selection,57,56.99066068,5,6,1424516517,1425016517,5540305.0041000005,4529355.557393858,uniform_k3,3,0.03789308962691342
cleanStatic,selection,57,56.99066068,5,6,1424516517,1425016517,5540305.0041000005,4529355.557393858,shuffled_k3,3,0.27482793290426955
cleanStatic,selection,57,56.99066068,5,6,1424516517,1425016517,5540305.0041000005,4529355.557393858,analytic_sparse_k5,5,0.7681247745059373
cleanStatic,selection,57,56.99066068,5,6,1424516517,1425016517,5540305.0041000005,4529355.557393858,uniform_k5,5,0.31740278242269937
cleanStatic,selection,57,56.99066068,5,6,1424516517,1425016517,5540305.0041000005,4529355.557393858,shuffled_k5,5,0.449528698579645
cleanStatic,selection,57,56.99066068,5,6,1424516517,1425016517,5540305.0041000005,4529355.557393858,analytic_sparse_k9,9,0.5022730148330099
cleanStatic,selection,57,56.99066068,5,6,1424516517,1425016517,5540305.0041000005,4529355.557393858,uniform_k9,9,0.13903184057087448
cleanStatic,selection,57,56.99066068,5,6,1424516517,1425016517,5540305.0041000005,4529355.557393858,shuffled_k9,9,0.04312178847429335
cleanStatic,selection,57,56.99066068,5,6,1424516517,1425016517,5540305.0041000005,4529355.557393858,ai_sparse_k3,3,0.23953472385493244
cleanStatic,selection,57,56.99066068,5,6,1424516517,1425016517,5540305.0041000005,4529355.557393858,pg_scc_k3,3,0.06757149627831767
cleanStatic,selection,57,56.99066068,5,6,1424516517,1425016517,5540305.0041000005,4529355.557393858,ai_sparse_k5,5,0.06970233737928785
cleanStatic,selection,57,56.99066068,5,6,1424516517,1425016517,5540305.0041000005,4529355.557393858,pg_scc_k5,5,0.2505010692420037
cleanStatic,selection,57,56.99066068,5,6,1424516517,1425016517,5540305.0041000005,4529355.557393858,ai_sparse_k9,9,0.08445951631586872
cleanStatic,selection,57,56.99066068,5,6,1424516517,1425016517,5540305.0041000005,4529355.557393858,pg_scc_k9,9,0.2821126121034542
cleanStatic,selection,57,56.99066068,5,6,1424516517,1425016517,5540305.0041000005,4529355.557393858,epl3,3,0.17927060162560463
cleanStatic,selection,57,56.99066068,5,6,1424516517,1425016517,5540305.0041000005,4529355.557393858,fixed9,9,0.12641658827546357
cleanStatic,selection,57,56.99066068,5,6,1424516517,1425016517,5540305.0041000005,4529355.557393858,random1_k3,3,0.6868843082112681
cleanStatic,selection,57,56.99066068,5,6,1424516517,1425016517,5540305.0041000005,4529355.557393858,random2_k3,3,1.14876665231394
cleanStatic,selection,57,56.99066068,5,6,1424516517,1425016517,5540305.0041000005,4529355.557393858,random3_k3,3,0.5735135062311486
cleanStatic,selection,57,56.99066068,5,6,1424516517,1425016517,5540305.0041000005,4529355.557393858,random4_k3,3,0.06891542523224091
cleanStatic,selection,57,56.99066068,5,6,1424516517,1425016517,5540305.0041000005,4529355.557393858,random5_k3,3,0.999878043552525
cleanStatic,selection,57,56.99066068,5,6,1424516517,1425016517,5540305.0041000005,4529355.557393858,random1_k5,5,0.17916399388546206
cleanStatic,selection,57,56.99066068,5,6,1424516517,1425016517,5540305.0041000005,4529355.557393858,random2_k5,5,0.40204810562722104
cleanStatic,selection,57,56.99066068,5,6,1424516517,1425016517,5540305.0041000005,4529355.557393858,random3_k5,5,0.015239206870719418
cleanStatic,selection,57,56.99066068,5,6,1424516517,1425016517,5540305.0041000005,4529355.557393858,random4_k5,5,0.03221654150345817
cleanStatic,selection,57,56.99066068,5,6,1424516517,1425016517,5540305.0041000005,4529355.557393858,random5_k5,5,0.23317712474108862
cleanStatic,selection,57,56.99066068,5,6,1424516517,1425016517,5540305.0041000005,4529355.557393858,random1_k9,9,0.16031205896946604
cleanStatic,selection,57,56.99066068,5,6,1424516517,1425016517,5540305.0041000005,4529355.557393858,random2_k9,9,0.6978584322952224
cleanStatic,selection,57,56.99066068,5,6,1424516517,1425016517,5540305.0041000005,4529355.557393858,random3_k9,9,0.2653218225368507
cleanStatic,selection,57,56.99066068,5,6,1424516517,1425016517,5540305.0041000005,4529355.557393858,random4_k9,9,0.2429022508210701
cleanStatic,selection,57,56.99066068,5,6,1424516517,1425016517,5540305.0041000005,4529355.557393858,random5_k9,9,0.04590167313448444
cleanStatic,selection,57,57.00319048,6,7,1424829762,1425329762,5514586.531402001,4662580.527028473,dense_two_source_glrt,187,0.10188956050097339
cleanStatic,selection,57,57.00319048,6,7,1424829762,1425329762,5514586.531402001,4662580.527028473,dense_one_source_residual,187,0.8303188879981903
cleanStatic,selection,57,57.00319048,6,7,1424829762,1425329762,5514586.531402001,4662580.527028473,raw_power_only,0,5514586.531402001
cleanStatic,selection,57,57.00319048,6,7,1424829762,1425329762,5514586.531402001,4662580.527028473,analytic_sparse_k3,3,0.22578266015232473
cleanStatic,selection,57,57.00319048,6,7,1424829762,1425329762,5514586.531402001,4662580.527028473,uniform_k3,3,1.1425506313959817
cleanStatic,selection,57,57.00319048,6,7,1424829762,1425329762,5514586.531402001,4662580.527028473,shuffled_k3,3,0.6528352619333195
cleanStatic,selection,57,57.00319048,6,7,1424829762,1425329762,5514586.531402001,4662580.527028473,analytic_sparse_k5,5,0.4717819166716691
cleanStatic,selection,57,57.00319048,6,7,1424829762,1425329762,5514586.531402001,4662580.527028473,uniform_k5,5,0.8473703719172073
cleanStatic,selection,57,57.00319048,6,7,1424829762,1425329762,5514586.531402001,4662580.527028473,shuffled_k5,5,0.4340722299001881
cleanStatic,selection,57,57.00319048,6,7,1424829762,1425329762,5514586.531402001,4662580.527028473,analytic_sparse_k9,9,0.3356087883692006
cleanStatic,selection,57,57.00319048,6,7,1424829762,1425329762,5514586.531402001,4662580.527028473,uniform_k9,9,0.09447378913654417
cleanStatic,selection,57,57.00319048,6,7,1424829762,1425329762,5514586.531402001,4662580.527028473,shuffled_k9,9,0.10639067123643883
cleanStatic,selection,57,57.00319048,6,7,1424829762,1425329762,5514586.531402001,4662580.527028473,ai_sparse_k3,3,0.188749335869879
cleanStatic,selection,57,57.00319048,6,7,1424829762,1425329762,5514586.531402001,4662580.527028473,pg_scc_k3,3,0.2668113273929831
cleanStatic,selection,57,57.00319048,6,7,1424829762,1425329762,5514586.531402001,4662580.527028473,ai_sparse_k5,5,0.024640868476415334
cleanStatic,selection,57,57.00319048,6,7,1424829762,1425329762,5514586.531402001,4662580.527028473,pg_scc_k5,5,0.08854876698281781
cleanStatic,selection,57,57.00319048,6,7,1424829762,1425329762,5514586.531402001,4662580.527028473,ai_sparse_k9,9,0.03597639342435789
cleanStatic,selection,57,57.00319048,6,7,1424829762,1425329762,5514586.531402001,4662580.527028473,pg_scc_k9,9,0.07389090879178409
cleanStatic,selection,57,57.00319048,6,7,1424829762,1425329762,5514586.531402001,4662580.527028473,epl3,3,0.33550727017790877
cleanStatic,selection,57,57.00319048,6,7,1424829762,1425329762,5514586.531402001,4662580.527028473,fixed9,9,0.041110358927962366
cleanStatic,selection,57,57.00319048,6,7,1424829762,1425329762,5514586.531402001,4662580.527028473,random1_k3,3,0.8939534216241602
cleanStatic,selection,57,57.00319048,6,7,1424829762,1425329762,5514586.531402001,4662580.527028473,random2_k3,3,0.39368692040173064
cleanStatic,selection,57,57.00319048,6,7,1424829762,1425329762,5514586.531402001,4662580.527028473,random3_k3,3,0.20464896863689078
cleanStatic,selection,57,57.00319048,6,7,1424829762,1425329762,5514586.531402001,4662580.527028473,random4_k3,3,0.9121866927771173
cleanStatic,selection,57,57.00319048,6,7,1424829762,1425329762,5514586.531402001,4662580.527028473,random5_k3,3,0.2273264785452506
cleanStatic,selection,57,57.00319048,6,7,1424829762,1425329762,5514586.531402001,4662580.527028473,random1_k5,5,0.264088506179091
cleanStatic,selection,57,57.00319048,6,7,1424829762,1425329762,5514586.531402001,4662580.527028473,random2_k5,5,0.2697360627456817
cleanStatic,selection,57,57.00319048,6,7,1424829762,1425329762,5514586.531402001,4662580.527028473,random3_k5,5,0.27340166105254926
cleanStatic,selection,57,57.00319048,6,7,1424829762,1425329762,5514586.531402001,4662580.527028473,random4_k5,5,0.25682728879363725
cleanStatic,selection,57,57.00319048,6,7,1424829762,1425329762,5514586.531402001,4662580.527028473,random5_k5,5,0.17740610489003555
cleanStatic,selection,57,57.00319048,6,7,1424829762,1425329762,5514586.531402001,4662580.527028473,random1_k9,9,0.3170019032049093
cleanStatic,selection,57,57.00319048,6,7,1424829762,1425329762,5514586.531402001,4662580.527028473,random2_k9,9,0.08110161129116743
cleanStatic,selection,57,57.00319048,6,7,1424829762,1425329762,5514586.531402001,4662580.527028473,random3_k9,9,0.11828676565391444
cleanStatic,selection,57,57.00319048,6,7,1424829762,1425329762,5514586.531402001,4662580.527028473,random4_k9,9,0.23311434578792894
cleanStatic,selection,57,57.00319048,6,7,1424829762,1425329762,5514586.531402001,4662580.527028473,random5_k9,9,0.17365939903449096
cleanStatic,selection,57,56.99237284,7,10,1424559321,1425059321,5543212.235259999,2161062.8723772364,dense_two_source_glrt,187,0.7536478294521969
cleanStatic,selection,57,56.99237284,7,10,1424559321,1425059321,5543212.235259999,2161062.8723772364,dense_one_source_residual,187,2.706535504391899
cleanStatic,selection,57,56.99237284,7,10,1424559321,1425059321,5543212.235259999,2161062.8723772364,raw_power_only,0,5543212.235259999
cleanStatic,selection,57,56.99237284,7,10,1424559321,1425059321,5543212.235259999,2161062.8723772364,analytic_sparse_k3,3,0.15516790100689806
cleanStatic,selection,57,56.99237284,7,10,1424559321,1425059321,5543212.235259999,2161062.8723772364,uniform_k3,3,0.5543773844674399
cleanStatic,selection,57,56.99237284,7,10,1424559321,1425059321,5543212.235259999,2161062.8723772364,shuffled_k3,3,1.0315224795672697
cleanStatic,selection,57,56.99237284,7,10,1424559321,1425059321,5543212.235259999,2161062.8723772364,analytic_sparse_k5,5,0.45141027662745337
cleanStatic,selection,57,56.99237284,7,10,1424559321,1425059321,5543212.235259999,2161062.8723772364,uniform_k5,5,0.5844200444303137
cleanStatic,selection,57,56.99237284,7,10,1424559321,1425059321,5543212.235259999,2161062.8723772364,shuffled_k5,5,1.1634602948382877
cleanStatic,selection,57,56.99237284,7,10,1424559321,1425059321,5543212.235259999,2161062.8723772364,analytic_sparse_k9,9,1.1027632372069804
cleanStatic,selection,57,56.99237284,7,10,1424559321,1425059321,5543212.235259999,2161062.8723772364,uniform_k9,9,0.3522287535680332
cleanStatic,selection,57,56.99237284,7,10,1424559321,1425059321,5543212.235259999,2161062.8723772364,shuffled_k9,9,1.4818307585916353
cleanStatic,selection,57,56.99237284,7,10,1424559321,1425059321,5543212.235259999,2161062.8723772364,ai_sparse_k3,3,2.338838140870838
cleanStatic,selection,57,56.99237284,7,10,1424559321,1425059321,5543212.235259999,2161062.8723772364,pg_scc_k3,3,3.953443621694225
cleanStatic,selection,57,56.99237284,7,10,1424559321,1425059321,5543212.235259999,2161062.8723772364,ai_sparse_k5,5,3.4036738481526188
cleanStatic,selection,57,56.99237284,7,10,1424559321,1425059321,5543212.235259999,2161062.8723772364,pg_scc_k5,5,1.1718023448664767
cleanStatic,selection,57,56.99237284,7,10,1424559321,1425059321,5543212.235259999,2161062.8723772364,ai_sparse_k9,9,4.309652131754761
cleanStatic,selection,57,56.99237284,7,10,1424559321,1425059321,5543212.235259999,2161062.8723772364,pg_scc_k9,9,1.3660965717869535
cleanStatic,selection,57,56.99237284,7,10,1424559321,1425059321,5543212.235259999,2161062.8723772364,epl3,3,0.622398041506433
cleanStatic,selection,57,56.99237284,7,10,1424559321,1425059321,5543212.235259999,2161062.8723772364,fixed9,9,3.157008937372038
cleanStatic,selection,57,56.99237284,7,10,1424559321,1425059321,5543212.235259999,2161062.8723772364,random1_k3,3,0.8313214749632597
cleanStatic,selection,57,56.99237284,7,10,1424559321,1425059321,5543212.235259999,2161062.8723772364,random2_k3,3,1.1745009550177008
cleanStatic,selection,57,56.99237284,7,10,1424559321,1425059321,5543212.235259999,2161062.8723772364,random3_k3,3,4.689528629090775
cleanStatic,selection,57,56.99237284,7,10,1424559321,1425059321,5543212.235259999,2161062.8723772364,random4_k3,3,1.13525226579857
cleanStatic,selection,57,56.99237284,7,10,1424559321,1425059321,5543212.235259999,2161062.8723772364,random5_k3,3,0.3033055579321745
cleanStatic,selection,57,56.99237284,7,10,1424559321,1425059321,5543212.235259999,2161062.8723772364,random1_k5,5,0.5256575660610157
cleanStatic,selection,57,56.99237284,7,10,1424559321,1425059321,5543212.235259999,2161062.8723772364,random2_k5,5,1.1553499291666796
cleanStatic,selection,57,56.99237284,7,10,1424559321,1425059321,5543212.235259999,2161062.8723772364,random3_k5,5,0.6939148072077403
cleanStatic,selection,57,56.99237284,7,10,1424559321,1425059321,5543212.235259999,2161062.8723772364,random4_k5,5,0.9554486832675859
cleanStatic,selection,57,56.99237284,7,10,1424559321,1425059321,5543212.235259999,2161062.8723772364,random5_k5,5,0.3581867593716243
cleanStatic,selection,57,56.99237284,7,10,1424559321,1425059321,5543212.235259999,2161062.8723772364,random1_k9,9,0.9545764016616543
cleanStatic,selection,57,56.99237284,7,10,1424559321,1425059321,5543212.235259999,2161062.8723772364,random2_k9,9,0.9803466602121875
cleanStatic,selection,57,56.99237284,7,10,1424559321,1425059321,5543212.235259999,2161062.8723772364,random3_k9,9,0.7659163980849768
cleanStatic,selection,57,56.99237284,7,10,1424559321,1425059321,5543212.235259999,2161062.8723772364,random4_k9,9,1.2504779591843587
cleanStatic,selection,57,56.99237284,7,10,1424559321,1425059321,5543212.235259999,2161062.8723772364,random5_k9,9,0.6678927180357925
cleanStatic,selection,57,57.00766724,8,13,1424941681,1425441681,5507873.201994,6220968.943211772,dense_two_source_glrt,187,0.09364066482597888
cleanStatic,selection,57,57.00766724,8,13,1424941681,1425441681,5507873.201994,6220968.943211772,dense_one_source_residual,187,0.3526909387913083
cleanStatic,selection,57,57.00766724,8,13,1424941681,1425441681,5507873.201994,6220968.943211772,raw_power_only,0,5507873.201994
cleanStatic,selection,57,57.00766724,8,13,1424941681,1425441681,5507873.201994,6220968.943211772,analytic_sparse_k3,3,0.114462427396064
cleanStatic,selection,57,57.00766724,8,13,1424941681,1425441681,5507873.201994,6220968.943211772,uniform_k3,3,0.24683750810467567
cleanStatic,selection,57,57.00766724,8,13,1424941681,1425441681,5507873.201994,6220968.943211772,shuffled_k3,3,0.05229264735960045
cleanStatic,selection,57,57.00766724,8,13,1424941681,1425441681,5507873.201994,6220968.943211772,analytic_sparse_k5,5,0.11425093831924
cleanStatic,selection,57,57.00766724,8,13,1424941681,1425441681,5507873.201994,6220968.943211772,uniform_k5,5,0.09689200869746262
cleanStatic,selection,57,57.00766724,8,13,1424941681,1425441681,5507873.201994,6220968.943211772,shuffled_k5,5,0.21556855865339936
cleanStatic,selection,57,57.00766724,8,13,1424941681,1425441681,5507873.201994,6220968.943211772,analytic_sparse_k9,9,0.13186246327182763
cleanStatic,selection,57,57.00766724,8,13,1424941681,1425441681,5507873.201994,6220968.943211772,uniform_k9,9,0.115652822986778
cleanStatic,selection,57,57.00766724,8,13,1424941681,1425441681,5507873.201994,6220968.943211772,shuffled_k9,9,0.07454243243455026
cleanStatic,selection,57,57.00766724,8,13,1424941681,1425441681,5507873.201994,6220968.943211772,ai_sparse_k3,3,0.3778330650955932
cleanStatic,selection,57,57.00766724,8,13,1424941681,1425441681,5507873.201994,6220968.943211772,pg_scc_k3,3,0.3210206105012784
cleanStatic,selection,57,57.00766724,8,13,1424941681,1425441681,5507873.201994,6220968.943211772,ai_sparse_k5,5,0.4508348810182149
cleanStatic,selection,57,57.00766724,8,13,1424941681,1425441681,5507873.201994,6220968.943211772,pg_scc_k5,5,0.3020165714090074
cleanStatic,selection,57,57.00766724,8,13,1424941681,1425441681,5507873.201994,6220968.943211772,ai_sparse_k9,9,0.27361055454594474
cleanStatic,selection,57,57.00766724,8,13,1424941681,1425441681,5507873.201994,6220968.943211772,pg_scc_k9,9,0.22872861764124622
cleanStatic,selection,57,57.00766724,8,13,1424941681,1425441681,5507873.201994,6220968.943211772,epl3,3,0.13018301213885272
cleanStatic,selection,57,57.00766724,8,13,1424941681,1425441681,5507873.201994,6220968.943211772,fixed9,9,0.09231109772304776
cleanStatic,selection,57,57.00766724,8,13,1424941681,1425441681,5507873.201994,6220968.943211772,random1_k3,3,0.010591909922780572
cleanStatic,selection,57,57.00766724,8,13,1424941681,1425441681,5507873.201994,6220968.943211772,random2_k3,3,0.1992507737968547
cleanStatic,selection,57,57.00766724,8,13,1424941681,1425441681,5507873.201994,6220968.943211772,random3_k3,3,0.353361279026001
cleanStatic,selection,57,57.00766724,8,13,1424941681,1425441681,5507873.201994,6220968.943211772,random4_k3,3,0.2509963557673402
cleanStatic,selection,57,57.00766724,8,13,1424941681,1425441681,5507873.201994,6220968.943211772,random5_k3,3,0.1607502226085731
cleanStatic,selection,57,57.00766724,8,13,1424941681,1425441681,5507873.201994,6220968.943211772,random1_k5,5,0.22188012039109933
cleanStatic,selection,57,57.00766724,8,13,1424941681,1425441681,5507873.201994,6220968.943211772,random2_k5,5,0.242492051228092
cleanStatic,selection,57,57.00766724,8,13,1424941681,1425441681,5507873.201994,6220968.943211772,random3_k5,5,0.21670493721960069
cleanStatic,selection,57,57.00766724,8,13,1424941681,1425441681,5507873.201994,6220968.943211772,random4_k5,5,0.05749865915070358
cleanStatic,selection,57,57.00766724,8,13,1424941681,1425441681,5507873.201994,6220968.943211772,random5_k5,5,0.14947589342451656
cleanStatic,selection,57,57.00766724,8,13,1424941681,1425441681,5507873.201994,6220968.943211772,random1_k9,9,0.31329143716685687
cleanStatic,selection,57,57.00766724,8,13,1424941681,1425441681,5507873.201994,6220968.943211772,random2_k9,9,0.138608632478847
cleanStatic,selection,57,57.00766724,8,13,1424941681,1425441681,5507873.201994,6220968.943211772,random3_k9,9,0.04058444703548996
cleanStatic,selection,57,57.00766724,8,13,1424941681,1425441681,5507873.201994,6220968.943211772,random4_k9,9,0.08449918414029829
cleanStatic,selection,57,57.00766724,8,13,1424941681,1425441681,5507873.201994,6220968.943211772,random5_k9,9,0.0499499471897268
cleanStatic,selection,57,56.9955006,9,19,1424637515,1425137515,5545115.5978419995,4587410.644669118,dense_two_source_glrt,187,0.27860550447789795
cleanStatic,selection,57,56.9955006,9,19,1424637515,1425137515,5545115.5978419995,4587410.644669118,dense_one_source_residual,187,1.2749809819374693
cleanStatic,selection,57,56.9955006,9,19,1424637515,1425137515,5545115.5978419995,4587410.644669118,raw_power_only,0,5545115.5978419995
cleanStatic,selection,57,56.9955006,9,19,1424637515,1425137515,5545115.5978419995,4587410.644669118,analytic_sparse_k3,3,0.10390698135016237
cleanStatic,selection,57,56.9955006,9,19,1424637515,1425137515,5545115.5978419995,4587410.644669118,uniform_k3,3,0.2323992488025838
cleanStatic,selection,57,56.9955006,9,19,1424637515,1425137515,5545115.5978419995,4587410.644669118,shuffled_k3,3,0.3962949273685954
cleanStatic,selection,57,56.9955006,9,19,1424637515,1425137515,5545115.5978419995,4587410.644669118,analytic_sparse_k5,5,0.1332476419177647
cleanStatic,selection,57,56.9955006,9,19,1424637515,1425137515,5545115.5978419995,4587410.644669118,uniform_k5,5,0.13746074182628973
cleanStatic,selection,57,56.9955006,9,19,1424637515,1425137515,5545115.5978419995,4587410.644669118,shuffled_k5,5,0.21485306064400095
cleanStatic,selection,57,56.9955006,9,19,1424637515,1425137515,5545115.5978419995,4587410.644669118,analytic_sparse_k9,9,0.6510776880181973
cleanStatic,selection,57,56.9955006,9,19,1424637515,1425137515,5545115.5978419995,4587410.644669118,uniform_k9,9,0.053181437468970354
cleanStatic,selection,57,56.9955006,9,19,1424637515,1425137515,5545115.5978419995,4587410.644669118,shuffled_k9,9,1.1360428062648293
cleanStatic,selection,57,56.9955006,9,19,1424637515,1425137515,5545115.5978419995,4587410.644669118,ai_sparse_k3,3,2.597798638283369
cleanStatic,selection,57,56.9955006,9,19,1424637515,1425137515,5545115.5978419995,4587410.644669118,pg_scc_k3,3,2.8915546384270456
cleanStatic,selection,57,56.9955006,9,19,1424637515,1425137515,5545115.5978419995,4587410.644669118,ai_sparse_k5,5,1.9000292092861923
cleanStatic,selection,57,56.9955006,9,19,1424637515,1425137515,5545115.5978419995,4587410.644669118,pg_scc_k5,5,0.6296432513116589
cleanStatic,selection,57,56.9955006,9,19,1424637515,1425137515,5545115.5978419995,4587410.644669118,ai_sparse_k9,9,1.7020989388743222
cleanStatic,selection,57,56.9955006,9,19,1424637515,1425137515,5545115.5978419995,4587410.644669118,pg_scc_k9,9,0.8218519293944309
cleanStatic,selection,57,56.9955006,9,19,1424637515,1425137515,5545115.5978419995,4587410.644669118,epl3,3,1.167715125224978
cleanStatic,selection,57,56.9955006,9,19,1424637515,1425137515,5545115.5978419995,4587410.644669118,fixed9,9,1.5945956160940493
cleanStatic,selection,57,56.9955006,9,19,1424637515,1425137515,5545115.5978419995,4587410.644669118,random1_k3,3,1.485561676366544
cleanStatic,selection,57,56.9955006,9,19,1424637515,1425137515,5545115.5978419995,4587410.644669118,random2_k3,3,0.3432725604849902
cleanStatic,selection,57,56.9955006,9,19,1424637515,1425137515,5545115.5978419995,4587410.644669118,random3_k3,3,1.3887672102197708
cleanStatic,selection,57,56.9955006,9,19,1424637515,1425137515,5545115.5978419995,4587410.644669118,random4_k3,3,0.15820756481435952
cleanStatic,selection,57,56.9955006,9,19,1424637515,1425137515,5545115.5978419995,4587410.644669118,random5_k3,3,0.14274515071020966
cleanStatic,selection,57,56.9955006,9,19,1424637515,1425137515,5545115.5978419995,4587410.644669118,random1_k5,5,0.5209997443011973
cleanStatic,selection,57,56.9955006,9,19,1424637515,1425137515,5545115.5978419995,4587410.644669118,random2_k5,5,0.3362317087867087
cleanStatic,selection,57,56.9955006,9,19,1424637515,1425137515,5545115.5978419995,4587410.644669118,random3_k5,5,0.7128981866937477
cleanStatic,selection,57,56.9955006,9,19,1424637515,1425137515,5545115.5978419995,4587410.644669118,random4_k5,5,0.5975552331316857
cleanStatic,selection,57,56.9955006,9,19,1424637515,1425137515,5545115.5978419995,4587410.644669118,random5_k5,5,0.3702854839071884
cleanStatic,selection,57,56.9955006,9,19,1424637515,1425137515,5545115.5978419995,4587410.644669118,random1_k9,9,0.6991713947653291
cleanStatic,selection,57,56.9955006,9,19,1424637515,1425137515,5545115.5978419995,4587410.644669118,random2_k9,9,0.25808627971806647
cleanStatic,selection,57,56.9955006,9,19,1424637515,1425137515,5545115.5978419995,4587410.644669118,random3_k9,9,0.5939277484597345
cleanStatic,selection,57,56.9955006,9,19,1424637515,1425137515,5545115.5978419995,4587410.644669118,random4_k9,9,0.4690082418521515
cleanStatic,selection,57,56.9955006,9,19,1424637515,1425137515,5545115.5978419995,4587410.644669118,random5_k9,9,0.5128638817106013
cleanStatic,selection,57,56.99061716,10,23,1424515429,1425015429,5541134.69022,6612658.77628571,dense_two_source_glrt,187,0.06507796015453832
cleanStatic,selection,57,56.99061716,10,23,1424515429,1425015429,5541134.69022,6612658.77628571,dense_one_source_residual,187,0.16942540063127753
cleanStatic,selection,57,56.99061716,10,23,1424515429,1425015429,5541134.69022,6612658.77628571,raw_power_only,0,5541134.69022
cleanStatic,selection,57,56.99061716,10,23,1424515429,1425015429,5541134.69022,6612658.77628571,analytic_sparse_k3,3,0.10622379338391234
cleanStatic,selection,57,56.99061716,10,23,1424515429,1425015429,5541134.69022,6612658.77628571,uniform_k3,3,0.029922895618211168
cleanStatic,selection,57,56.99061716,10,23,1424515429,1425015429,5541134.69022,6612658.77628571,shuffled_k3,3,0.016232002697253726
cleanStatic,selection,57,56.99061716,10,23,1424515429,1425015429,5541134.69022,6612658.77628571,analytic_sparse_k5,5,0.0590193967815791
cleanStatic,selection,57,56.99061716,10,23,1424515429,1425015429,5541134.69022,6612658.77628571,uniform_k5,5,0.03873351058806971
cleanStatic,selection,57,56.99061716,10,23,1424515429,1425015429,5541134.69022,6612658.77628571,shuffled_k5,5,0.08864554030215019
cleanStatic,selection,57,56.99061716,10,23,1424515429,1425015429,5541134.69022,6612658.77628571,analytic_sparse_k9,9,0.06283480057939289
cleanStatic,selection,57,56.99061716,10,23,1424515429,1425015429,5541134.69022,6612658.77628571,uniform_k9,9,0.030369586851937986
cleanStatic,selection,57,56.99061716,10,23,1424515429,1425015429,5541134.69022,6612658.77628571,shuffled_k9,9,0.026925542449975495
cleanStatic,selection,57,56.99061716,10,23,1424515429,1425015429,5541134.69022,6612658.77628571,ai_sparse_k3,3,0.06790397174744332
cleanStatic,selection,57,56.99061716,10,23,1424515429,1425015429,5541134.69022,6612658.77628571,pg_scc_k3,3,0.13701306893530588
cleanStatic,selection,57,56.99061716,10,23,1424515429,1425015429,5541134.69022,6612658.77628571,ai_sparse_k5,5,0.041015302666245035
cleanStatic,selection,57,56.99061716,10,23,1424515429,1425015429,5541134.69022,6612658.77628571,pg_scc_k5,5,0.06925247430644287
cleanStatic,selection,57,56.99061716,10,23,1424515429,1425015429,5541134.69022,6612658.77628571,ai_sparse_k9,9,0.04700211441744666
cleanStatic,selection,57,56.99061716,10,23,1424515429,1425015429,5541134.69022,6612658.77628571,pg_scc_k9,9,0.07520014155971194
cleanStatic,selection,57,56.99061716,10,23,1424515429,1425015429,5541134.69022,6612658.77628571,epl3,3,0.03584023449503126
cleanStatic,selection,57,56.99061716,10,23,1424515429,1425015429,5541134.69022,6612658.77628571,fixed9,9,0.03897847075794252
cleanStatic,selection,57,56.99061716,10,23,1424515429,1425015429,5541134.69022,6612658.77628571,random1_k3,3,0.024575971743914547
cleanStatic,selection,57,56.99061716,10,23,1424515429,1425015429,5541134.69022,6612658.77628571,random2_k3,3,0.12196585581308939
cleanStatic,selection,57,56.99061716,10,23,1424515429,1425015429,5541134.69022,6612658.77628571,random3_k3,3,0.038064960590033024
cleanStatic,selection,57,56.99061716,10,23,1424515429,1425015429,5541134.69022,6612658.77628571,random4_k3,3,0.14915046220539582
cleanStatic,selection,57,56.99061716,10,23,1424515429,1425015429,5541134.69022,6612658.77628571,random5_k3,3,0.22108799134837231
cleanStatic,selection,57,56.99061716,10,23,1424515429,1425015429,5541134.69022,6612658.77628571,random1_k5,5,0.07701108635727312
cleanStatic,selection,57,56.99061716,10,23,1424515429,1425015429,5541134.69022,6612658.77628571,random2_k5,5,0.06725677497085222
cleanStatic,selection,57,56.99061716,10,23,1424515429,1425015429,5541134.69022,6612658.77628571,random3_k5,5,0.09972234164150373
cleanStatic,selection,57,56.99061716,10,23,1424515429,1425015429,5541134.69022,6612658.77628571,random4_k5,5,0.09864164988125979
cleanStatic,selection,57,56.99061716,10,23,1424515429,1425015429,5541134.69022,6612658.77628571,random5_k5,5,0.06832090057303518
cleanStatic,selection,57,56.99061716,10,23,1424515429,1425015429,5541134.69022,6612658.77628571,random1_k9,9,0.09026056779401327
cleanStatic,selection,57,56.99061716,10,23,1424515429,1425015429,5541134.69022,6612658.77628571,random2_k9,9,0.10195504873448943
cleanStatic,selection,57,56.99061716,10,23,1424515429,1425015429,5541134.69022,6612658.77628571,random3_k9,9,0.02800389317017893
cleanStatic,selection,57,56.99061716,10,23,1424515429,1425015429,5541134.69022,6612658.77628571,random4_k9,9,0.11687620870909726
cleanStatic,selection,57,56.99061716,10,23,1424515429,1425015429,5541134.69022,6612658.77628571,random5_k9,9,0.024618920091916335
cleanStatic,selection,58,58.0013064,0,16,1449782660,1450282660,5572231.767172,5147031.177164509,dense_two_source_glrt,187,0.0710902292339514
cleanStatic,selection,58,58.0013064,0,16,1449782660,1450282660,5572231.767172,5147031.177164509,dense_one_source_residual,187,0.3596560683031304
cleanStatic,selection,58,58.0013064,0,16,1449782660,1450282660,5572231.767172,5147031.177164509,raw_power_only,0,5572231.767172
cleanStatic,selection,58,58.0013064,0,16,1449782660,1450282660,5572231.767172,5147031.177164509,analytic_sparse_k3,3,0.042181817669222195
cleanStatic,selection,58,58.0013064,0,16,1449782660,1450282660,5572231.767172,5147031.177164509,uniform_k3,3,0.029962045601254535
cleanStatic,selection,58,58.0013064,0,16,1449782660,1450282660,5572231.767172,5147031.177164509,shuffled_k3,3,0.040404036521683444
cleanStatic,selection,58,58.0013064,0,16,1449782660,1450282660,5572231.767172,5147031.177164509,analytic_sparse_k5,5,0.0391327165374286
cleanStatic,selection,58,58.0013064,0,16,1449782660,1450282660,5572231.767172,5147031.177164509,uniform_k5,5,0.08519820000109798
cleanStatic,selection,58,58.0013064,0,16,1449782660,1450282660,5572231.767172,5147031.177164509,shuffled_k5,5,0.06219384083320787
cleanStatic,selection,58,58.0013064,0,16,1449782660,1450282660,5572231.767172,5147031.177164509,analytic_sparse_k9,9,0.07437368689572688
cleanStatic,selection,58,58.0013064,0,16,1449782660,1450282660,5572231.767172,5147031.177164509,uniform_k9,9,0.0511990191314052
cleanStatic,selection,58,58.0013064,0,16,1449782660,1450282660,5572231.767172,5147031.177164509,shuffled_k9,9,0.1686923404951285
cleanStatic,selection,58,58.0013064,0,16,1449782660,1450282660,5572231.767172,5147031.177164509,ai_sparse_k3,3,0.1664669263433561
cleanStatic,selection,58,58.0013064,0,16,1449782660,1450282660,5572231.767172,5147031.177164509,pg_scc_k3,3,0.26044357497289555
cleanStatic,selection,58,58.0013064,0,16,1449782660,1450282660,5572231.767172,5147031.177164509,ai_sparse_k5,5,0.18337458012439753
cleanStatic,selection,58,58.0013064,0,16,1449782660,1450282660,5572231.767172,5147031.177164509,pg_scc_k5,5,0.07828210148035086
cleanStatic,selection,58,58.0013064,0,16,1449782660,1450282660,5572231.767172,5147031.177164509,ai_sparse_k9,9,0.16048325634222793
cleanStatic,selection,58,58.0013064,0,16,1449782660,1450282660,5572231.767172,5147031.177164509,pg_scc_k9,9,0.08080517484963218
cleanStatic,selection,58,58.0013064,0,16,1449782660,1450282660,5572231.767172,5147031.177164509,epl3,3,0.15373584614883531
cleanStatic,selection,58,58.0013064,0,16,1449782660,1450282660,5572231.767172,5147031.177164509,fixed9,9,0.3917137203793457
cleanStatic,selection,58,58.0013064,0,16,1449782660,1450282660,5572231.767172,5147031.177164509,random1_k3,3,0.20183759014225325
cleanStatic,selection,58,58.0013064,0,16,1449782660,1450282660,5572231.767172,5147031.177164509,random2_k3,3,0.11266706086192246
cleanStatic,selection,58,58.0013064,0,16,1449782660,1450282660,5572231.767172,5147031.177164509,random3_k3,3,0.20290498066299836
cleanStatic,selection,58,58.0013064,0,16,1449782660,1450282660,5572231.767172,5147031.177164509,random4_k3,3,0.22100110805488427
cleanStatic,selection,58,58.0013064,0,16,1449782660,1450282660,5572231.767172,5147031.177164509,random5_k3,3,0.1386102661144665
cleanStatic,selection,58,58.0013064,0,16,1449782660,1450282660,5572231.767172,5147031.177164509,random1_k5,5,0.1369032058438208
cleanStatic,selection,58,58.0013064,0,16,1449782660,1450282660,5572231.767172,5147031.177164509,random2_k5,5,0.02265783404264419
cleanStatic,selection,58,58.0013064,0,16,1449782660,1450282660,5572231.767172,5147031.177164509,random3_k5,5,0.17347379851157968
cleanStatic,selection,58,58.0013064,0,16,1449782660,1450282660,5572231.767172,5147031.177164509,random4_k5,5,0.29535099615996663
cleanStatic,selection,58,58.0013064,0,16,1449782660,1450282660,5572231.767172,5147031.177164509,random5_k5,5,0.23554914894599693
cleanStatic,selection,58,58.0013064,0,16,1449782660,1450282660,5572231.767172,5147031.177164509,random1_k9,9,0.11931732896652253
cleanStatic,selection,58,58.0013064,0,16,1449782660,1450282660,5572231.767172,5147031.177164509,random2_k9,9,0.10761463602681309
cleanStatic,selection,58,58.0013064,0,16,1449782660,1450282660,5572231.767172,5147031.177164509,random3_k9,9,0.23083625875265965
cleanStatic,selection,58,58.0013064,0,16,1449782660,1450282660,5572231.767172,5147031.177164509,random4_k9,9,0.21169266006344672
cleanStatic,selection,58,58.0013064,0,16,1449782660,1450282660,5572231.767172,5147031.177164509,random5_k9,9,0.19525480327370173
cleanStatic,selection,58,57.99054112,2,3,1449513528,1450013528,5576243.874245999,5952532.102297661,dense_two_source_glrt,187,0.0995218396985642
cleanStatic,selection,58,57.99054112,2,3,1449513528,1450013528,5576243.874245999,5952532.102297661,dense_one_source_residual,187,0.43554402307607226
cleanStatic,selection,58,57.99054112,2,3,1449513528,1450013528,5576243.874245999,5952532.102297661,raw_power_only,0,5576243.874245999
cleanStatic,selection,58,57.99054112,2,3,1449513528,1450013528,5576243.874245999,5952532.102297661,analytic_sparse_k3,3,0.13407725442745147
cleanStatic,selection,58,57.99054112,2,3,1449513528,1450013528,5576243.874245999,5952532.102297661,uniform_k3,3,0.18075789086803232
cleanStatic,selection,58,57.99054112,2,3,1449513528,1450013528,5576243.874245999,5952532.102297661,shuffled_k3,3,0.3732281397571198
cleanStatic,selection,58,57.99054112,2,3,1449513528,1450013528,5576243.874245999,5952532.102297661,analytic_sparse_k5,5,0.15311995593574051
cleanStatic,selection,58,57.99054112,2,3,1449513528,1450013528,5576243.874245999,5952532.102297661,uniform_k5,5,0.11245362458548228
cleanStatic,selection,58,57.99054112,2,3,1449513528,1450013528,5576243.874245999,5952532.102297661,shuffled_k5,5,0.1392249472336518
cleanStatic,selection,58,57.99054112,2,3,1449513528,1450013528,5576243.874245999,5952532.102297661,analytic_sparse_k9,9,0.15433904976054358
cleanStatic,selection,58,57.99054112,2,3,1449513528,1450013528,5576243.874245999,5952532.102297661,uniform_k9,9,0.15131654864204724
cleanStatic,selection,58,57.99054112,2,3,1449513528,1450013528,5576243.874245999,5952532.102297661,shuffled_k9,9,0.16886497209609358
cleanStatic,selection,58,57.99054112,2,3,1449513528,1450013528,5576243.874245999,5952532.102297661,ai_sparse_k3,3,0.3688005091757693
cleanStatic,selection,58,57.99054112,2,3,1449513528,1450013528,5576243.874245999,5952532.102297661,pg_scc_k3,3,0.16793218076183977
cleanStatic,selection,58,57.99054112,2,3,1449513528,1450013528,5576243.874245999,5952532.102297661,ai_sparse_k5,5,0.36234202554906547
cleanStatic,selection,58,57.99054112,2,3,1449513528,1450013528,5576243.874245999,5952532.102297661,pg_scc_k5,5,0.17262692281361064
cleanStatic,selection,58,57.99054112,2,3,1449513528,1450013528,5576243.874245999,5952532.102297661,ai_sparse_k9,9,0.2671531152211277
cleanStatic,selection,58,57.99054112,2,3,1449513528,1450013528,5576243.874245999,5952532.102297661,pg_scc_k9,9,0.16836938340810367
cleanStatic,selection,58,57.99054112,2,3,1449513528,1450013528,5576243.874245999,5952532.102297661,epl3,3,0.20117614510728377
cleanStatic,selection,58,57.99054112,2,3,1449513528,1450013528,5576243.874245999,5952532.102297661,fixed9,9,0.1534966071524969
cleanStatic,selection,58,57.99054112,2,3,1449513528,1450013528,5576243.874245999,5952532.102297661,random1_k3,3,0.33914814364712825
cleanStatic,selection,58,57.99054112,2,3,1449513528,1450013528,5576243.874245999,5952532.102297661,random2_k3,3,0.14553387548503904
cleanStatic,selection,58,57.99054112,2,3,1449513528,1450013528,5576243.874245999,5952532.102297661,random3_k3,3,0.3191174630778774
cleanStatic,selection,58,57.99054112,2,3,1449513528,1450013528,5576243.874245999,5952532.102297661,random4_k3,3,0.3317654325521285
cleanStatic,selection,58,57.99054112,2,3,1449513528,1450013528,5576243.874245999,5952532.102297661,random5_k3,3,0.22708122072319778
cleanStatic,selection,58,57.99054112,2,3,1449513528,1450013528,5576243.874245999,5952532.102297661,random1_k5,5,0.10345953838729824
cleanStatic,selection,58,57.99054112,2,3,1449513528,1450013528,5576243.874245999,5952532.102297661,random2_k5,5,0.17321538821516408
cleanStatic,selection,58,57.99054112,2,3,1449513528,1450013528,5576243.874245999,5952532.102297661,random3_k5,5,0.19083806716737653
cleanStatic,selection,58,57.99054112,2,3,1449513528,1450013528,5576243.874245999,5952532.102297661,random4_k5,5,0.23724878332365998
cleanStatic,selection,58,57.99054112,2,3,1449513528,1450013528,5576243.874245999,5952532.102297661,random5_k5,5,0.23595343028915866
cleanStatic,selection,58,57.99054112,2,3,1449513528,1450013528,5576243.874245999,5952532.102297661,random1_k9,9,0.13594368404952514
cleanStatic,selection,58,57.99054112,2,3,1449513528,1450013528,5576243.874245999,5952532.102297661,random2_k9,9,0.1026650166170958
cleanStatic,selection,58,57.99054112,2,3,1449513528,1450013528,5576243.874245999,5952532.102297661,random3_k9,9,0.22966793799354657
cleanStatic,selection,58,57.99054112,2,3,1449513528,1450013528,5576243.874245999,5952532.102297661,random4_k9,9,0.10833488998432259
cleanStatic,selection,58,57.99054112,2,3,1449513528,1450013528,5576243.874245999,5952532.102297661,random5_k9,9,0.22461644918798124
cleanStatic,selection,58,58.00035492,3,20,1449758873,1450258873,5571063.8939620005,2288324.017851311,dense_two_source_glrt,187,0.054005219466283415
cleanStatic,selection,58,58.00035492,3,20,1449758873,1450258873,5571063.8939620005,2288324.017851311,dense_one_source_residual,187,2.3023305601136284
cleanStatic,selection,58,58.00035492,3,20,1449758873,1450258873,5571063.8939620005,2288324.017851311,raw_power_only,0,5571063.8939620005
cleanStatic,selection,58,58.00035492,3,20,1449758873,1450258873,5571063.8939620005,2288324.017851311,analytic_sparse_k3,3,0.7446164788875397
cleanStatic,selection,58,58.00035492,3,20,1449758873,1450258873,5571063.8939620005,2288324.017851311,uniform_k3,3,0.6515887122318899
cleanStatic,selection,58,58.00035492,3,20,1449758873,1450258873,5571063.8939620005,2288324.017851311,shuffled_k3,3,2.482671148023508
cleanStatic,selection,58,58.00035492,3,20,1449758873,1450258873,5571063.8939620005,2288324.017851311,analytic_sparse_k5,5,2.0496132592005347
cleanStatic,selection,58,58.00035492,3,20,1449758873,1450258873,5571063.8939620005,2288324.017851311,uniform_k5,5,1.285632515153087
cleanStatic,selection,58,58.00035492,3,20,1449758873,1450258873,5571063.8939620005,2288324.017851311,shuffled_k5,5,1.6448839160819682
cleanStatic,selection,58,58.00035492,3,20,1449758873,1450258873,5571063.8939620005,2288324.017851311,analytic_sparse_k9,9,0.7612132102213588
cleanStatic,selection,58,58.00035492,3,20,1449758873,1450258873,5571063.8939620005,2288324.017851311,uniform_k9,9,0.10904109616135058
cleanStatic,selection,58,58.00035492,3,20,1449758873,1450258873,5571063.8939620005,2288324.017851311,shuffled_k9,9,0.40449640766017225
cleanStatic,selection,58,58.00035492,3,20,1449758873,1450258873,5571063.8939620005,2288324.017851311,ai_sparse_k3,3,0.5456711560110769
cleanStatic,selection,58,58.00035492,3,20,1449758873,1450258873,5571063.8939620005,2288324.017851311,pg_scc_k3,3,0.39419629470582435
cleanStatic,selection,58,58.00035492,3,20,1449758873,1450258873,5571063.8939620005,2288324.017851311,ai_sparse_k5,5,0.37828823391998057
cleanStatic,selection,58,58.00035492,3,20,1449758873,1450258873,5571063.8939620005,2288324.017851311,pg_scc_k5,5,0.45481186765265624
cleanStatic,selection,58,58.00035492,3,20,1449758873,1450258873,5571063.8939620005,2288324.017851311,ai_sparse_k9,9,0.3267897938137098
cleanStatic,selection,58,58.00035492,3,20,1449758873,1450258873,5571063.8939620005,2288324.017851311,pg_scc_k9,9,0.15464414998476242
cleanStatic,selection,58,58.00035492,3,20,1449758873,1450258873,5571063.8939620005,2288324.017851311,epl3,3,1.6358872733683658
cleanStatic,selection,58,58.00035492,3,20,1449758873,1450258873,5571063.8939620005,2288324.017851311,fixed9,9,0.3098047307594726
cleanStatic,selection,58,58.00035492,3,20,1449758873,1450258873,5571063.8939620005,2288324.017851311,random1_k3,3,3.1582200335231883
cleanStatic,selection,58,58.00035492,3,20,1449758873,1450258873,5571063.8939620005,2288324.017851311,random2_k3,3,3.2087293679793505
cleanStatic,selection,58,58.00035492,3,20,1449758873,1450258873,5571063.8939620005,2288324.017851311,random3_k3,3,0.35717898580210367
cleanStatic,selection,58,58.00035492,3,20,1449758873,1450258873,5571063.8939620005,2288324.017851311,random4_k3,3,1.4177694218374537
cleanStatic,selection,58,58.00035492,3,20,1449758873,1450258873,5571063.8939620005,2288324.017851311,random5_k3,3,2.113810460138789
cleanStatic,selection,58,58.00035492,3,20,1449758873,1450258873,5571063.8939620005,2288324.017851311,random1_k5,5,1.018061786329665
cleanStatic,selection,58,58.00035492,3,20,1449758873,1450258873,5571063.8939620005,2288324.017851311,random2_k5,5,0.4238637176839813
cleanStatic,selection,58,58.00035492,3,20,1449758873,1450258873,5571063.8939620005,2288324.017851311,random3_k5,5,0.42797939903426113
cleanStatic,selection,58,58.00035492,3,20,1449758873,1450258873,5571063.8939620005,2288324.017851311,random4_k5,5,0.38120350355617827
cleanStatic,selection,58,58.00035492,3,20,1449758873,1450258873,5571063.8939620005,2288324.017851311,random5_k5,5,1.7422147664808485
cleanStatic,selection,58,58.00035492,3,20,1449758873,1450258873,5571063.8939620005,2288324.017851311,random1_k9,9,0.35035732585734514
cleanStatic,selection,58,58.00035492,3,20,1449758873,1450258873,5571063.8939620005,2288324.017851311,random2_k9,9,0.8467265599398099
cleanStatic,selection,58,58.00035492,3,20,1449758873,1450258873,5571063.8939620005,2288324.017851311,random3_k9,9,0.8903595313533764
cleanStatic,selection,58,58.00035492,3,20,1449758873,1450258873,5571063.8939620005,2288324.017851311,random4_k9,9,1.036299509510351
cleanStatic,selection,58,58.00035492,3,20,1449758873,1450258873,5571063.8939620005,2288324.017851311,random5_k9,9,1.2101261073181961
cleanStatic,selection,58,58.1546658,4,30,1453616645,1454116645,5556220.455002,1963936.7071784295,dense_two_source_glrt,187,0.5248372961112949
cleanStatic,selection,58,58.1546658,4,30,1453616645,1454116645,5556220.455002,1963936.7071784295,dense_one_source_residual,187,3.563967835231159
cleanStatic,selection,58,58.1546658,4,30,1453616645,1454116645,5556220.455002,1963936.7071784295,raw_power_only,0,5556220.455002
cleanStatic,selection,58,58.1546658,4,30,1453616645,1454116645,5556220.455002,1963936.7071784295,analytic_sparse_k3,3,1.748446664034102
cleanStatic,selection,58,58.1546658,4,30,1453616645,1454116645,5556220.455002,1963936.7071784295,uniform_k3,3,1.3052520619762495
cleanStatic,selection,58,58.1546658,4,30,1453616645,1454116645,5556220.455002,1963936.7071784295,shuffled_k3,3,1.4557965027295026
cleanStatic,selection,58,58.1546658,4,30,1453616645,1454116645,5556220.455002,1963936.7071784295,analytic_sparse_k5,5,1.2816276234542863
cleanStatic,selection,58,58.1546658,4,30,1453616645,1454116645,5556220.455002,1963936.7071784295,uniform_k5,5,0.6031492962211746
cleanStatic,selection,58,58.1546658,4,30,1453616645,1454116645,5556220.455002,1963936.7071784295,shuffled_k5,5,1.631831258729036
cleanStatic,selection,58,58.1546658,4,30,1453616645,1454116645,5556220.455002,1963936.7071784295,analytic_sparse_k9,9,1.5781387611301874
cleanStatic,selection,58,58.1546658,4,30,1453616645,1454116645,5556220.455002,1963936.7071784295,uniform_k9,9,0.4144353705015994
cleanStatic,selection,58,58.1546658,4,30,1453616645,1454116645,5556220.455002,1963936.7071784295,shuffled_k9,9,1.7416495656282593
cleanStatic,selection,58,58.1546658,4,30,1453616645,1454116645,5556220.455002,1963936.7071784295,ai_sparse_k3,3,3.4697530016669345
cleanStatic,selection,58,58.1546658,4,30,1453616645,1454116645,5556220.455002,1963936.7071784295,pg_scc_k3,3,4.528046344130062
cleanStatic,selection,58,58.1546658,4,30,1453616645,1454116645,5556220.455002,1963936.7071784295,ai_sparse_k5,5,4.093162313104704
cleanStatic,selection,58,58.1546658,4,30,1453616645,1454116645,5556220.455002,1963936.7071784295,pg_scc_k5,5,2.7220387242342885
cleanStatic,selection,58,58.1546658,4,30,1453616645,1454116645,5556220.455002,1963936.7071784295,ai_sparse_k9,9,1.8964494981054558
cleanStatic,selection,58,58.1546658,4,30,1453616645,1454116645,5556220.455002,1963936.7071784295,pg_scc_k9,9,1.4671373736163202
cleanStatic,selection,58,58.1546658,4,30,1453616645,1454116645,5556220.455002,1963936.7071784295,epl3,3,2.833247310411221
cleanStatic,selection,58,58.1546658,4,30,1453616645,1454116645,5556220.455002,1963936.7071784295,fixed9,9,2.745595605461822
cleanStatic,selection,58,58.1546658,4,30,1453616645,1454116645,5556220.455002,1963936.7071784295,random1_k3,3,1.925952708959873
cleanStatic,selection,58,58.1546658,4,30,1453616645,1454116645,5556220.455002,1963936.7071784295,random2_k3,3,2.5298465957467435
cleanStatic,selection,58,58.1546658,4,30,1453616645,1454116645,5556220.455002,1963936.7071784295,random3_k3,3,5.473669805863547
cleanStatic,selection,58,58.1546658,4,30,1453616645,1454116645,5556220.455002,1963936.7071784295,random4_k3,3,2.2106668954240134
cleanStatic,selection,58,58.1546658,4,30,1453616645,1454116645,5556220.455002,1963936.7071784295,random5_k3,3,2.346408480385613
cleanStatic,selection,58,58.1546658,4,30,1453616645,1454116645,5556220.455002,1963936.7071784295,random1_k5,5,0.8818140244175308
cleanStatic,selection,58,58.1546658,4,30,1453616645,1454116645,5556220.455002,1963936.7071784295,random2_k5,5,0.9570515869468998
cleanStatic,selection,58,58.1546658,4,30,1453616645,1454116645,5556220.455002,1963936.7071784295,random3_k5,5,1.1638715068133834
cleanStatic,selection,58,58.1546658,4,30,1453616645,1454116645,5556220.455002,1963936.7071784295,random4_k5,5,1.790739647232511
cleanStatic,selection,58,58.1546658,4,30,1453616645,1454116645,5556220.455002,1963936.7071784295,random5_k5,5,1.6062843247612897
cleanStatic,selection,58,58.1546658,4,30,1453616645,1454116645,5556220.455002,1963936.7071784295,random1_k9,9,1.9890876618514572
cleanStatic,selection,58,58.1546658,4,30,1453616645,1454116645,5556220.455002,1963936.7071784295,random2_k9,9,1.5818952553598062
cleanStatic,selection,58,58.1546658,4,30,1453616645,1454116645,5556220.455002,1963936.7071784295,random3_k9,9,2.4268104543899884
cleanStatic,selection,58,58.1546658,4,30,1453616645,1454116645,5556220.455002,1963936.7071784295,random4_k9,9,1.5862499105535854
cleanStatic,selection,58,58.1546658,4,30,1453616645,1454116645,5556220.455002,1963936.7071784295,random5_k9,9,0.5499944454793648
cleanStatic,selection,58,57.99066104,5,6,1449516526,1450016526,5576284.682906,4605398.87124822,dense_two_source_glrt,187,0.1431369744003218
cleanStatic,selection,58,57.99066104,5,6,1449516526,1450016526,5576284.682906,4605398.87124822,dense_one_source_residual,187,0.49603514879019306
cleanStatic,selection,58,57.99066104,5,6,1449516526,1450016526,5576284.682906,4605398.87124822,raw_power_only,0,5576284.682906
cleanStatic,selection,58,57.99066104,5,6,1449516526,1450016526,5576284.682906,4605398.87124822,analytic_sparse_k3,3,0.663733880443638
cleanStatic,selection,58,57.99066104,5,6,1449516526,1450016526,5576284.682906,4605398.87124822,uniform_k3,3,0.20589445051099564
cleanStatic,selection,58,57.99066104,5,6,1449516526,1450016526,5576284.682906,4605398.87124822,shuffled_k3,3,0.5897844175332595
cleanStatic,selection,58,57.99066104,5,6,1449516526,1450016526,5576284.682906,4605398.87124822,analytic_sparse_k5,5,0.558143534813984
cleanStatic,selection,58,57.99066104,5,6,1449516526,1450016526,5576284.682906,4605398.87124822,uniform_k5,5,0.15660834516616898
cleanStatic,selection,58,57.99066104,5,6,1449516526,1450016526,5576284.682906,4605398.87124822,shuffled_k5,5,0.1066072955300645
cleanStatic,selection,58,57.99066104,5,6,1449516526,1450016526,5576284.682906,4605398.87124822,analytic_sparse_k9,9,0.39668412115853585
cleanStatic,selection,58,57.99066104,5,6,1449516526,1450016526,5576284.682906,4605398.87124822,uniform_k9,9,0.2558306008897655
cleanStatic,selection,58,57.99066104,5,6,1449516526,1450016526,5576284.682906,4605398.87124822,shuffled_k9,9,0.33627374245993213
cleanStatic,selection,58,57.99066104,5,6,1449516526,1450016526,5576284.682906,4605398.87124822,ai_sparse_k3,3,0.13435553592745733
cleanStatic,selection,58,57.99066104,5,6,1449516526,1450016526,5576284.682906,4605398.87124822,pg_scc_k3,3,0.03083941687246394
cleanStatic,selection,58,57.99066104,5,6,1449516526,1450016526,5576284.682906,4605398.87124822,ai_sparse_k5,5,0.1904192743797289
cleanStatic,selection,58,57.99066104,5,6,1449516526,1450016526,5576284.682906,4605398.87124822,pg_scc_k5,5,0.06670524348593823
cleanStatic,selection,58,57.99066104,5,6,1449516526,1450016526,5576284.682906,4605398.87124822,ai_sparse_k9,9,0.10783973199854033
cleanStatic,selection,58,57.99066104,5,6,1449516526,1450016526,5576284.682906,4605398.87124822,pg_scc_k9,9,0.15025427387543583
cleanStatic,selection,58,57.99066104,5,6,1449516526,1450016526,5576284.682906,4605398.87124822,epl3,3,0.7262554840918453
cleanStatic,selection,58,57.99066104,5,6,1449516526,1450016526,5576284.682906,4605398.87124822,fixed9,9,0.21485162897722332
cleanStatic,selection,58,57.99066104,5,6,1449516526,1450016526,5576284.682906,4605398.87124822,random1_k3,3,0.4399653174088824
cleanStatic,selection,58,57.99066104,5,6,1449516526,1450016526,5576284.682906,4605398.87124822,random2_k3,3,0.22176114382152376
cleanStatic,selection,58,57.99066104,5,6,1449516526,1450016526,5576284.682906,4605398.87124822,random3_k3,3,0.491192957955149
cleanStatic,selection,58,57.99066104,5,6,1449516526,1450016526,5576284.682906,4605398.87124822,random4_k3,3,0.26080018250920606
cleanStatic,selection,58,57.99066104,5,6,1449516526,1450016526,5576284.682906,4605398.87124822,random5_k3,3,0.15546429017309213
cleanStatic,selection,58,57.99066104,5,6,1449516526,1450016526,5576284.682906,4605398.87124822,random1_k5,5,0.4296842052012101
cleanStatic,selection,58,57.99066104,5,6,1449516526,1450016526,5576284.682906,4605398.87124822,random2_k5,5,0.2025714333268755
cleanStatic,selection,58,57.99066104,5,6,1449516526,1450016526,5576284.682906,4605398.87124822,random3_k5,5,0.09492089422837394
cleanStatic,selection,58,57.99066104,5,6,1449516526,1450016526,5576284.682906,4605398.87124822,random4_k5,5,0.22305539345581696
cleanStatic,selection,58,57.99066104,5,6,1449516526,1450016526,5576284.682906,4605398.87124822,random5_k5,5,0.15915477159543678
cleanStatic,selection,58,57.99066104,5,6,1449516526,1450016526,5576284.682906,4605398.87124822,random1_k9,9,0.20039939007543472
cleanStatic,selection,58,57.99066104,5,6,1449516526,1450016526,5576284.682906,4605398.87124822,random2_k9,9,0.46359552729288406
cleanStatic,selection,58,57.99066104,5,6,1449516526,1450016526,5576284.682906,4605398.87124822,random3_k9,9,0.15869035066414958
cleanStatic,selection,58,57.99066104,5,6,1449516526,1450016526,5576284.682906,4605398.87124822,random4_k9,9,0.18424960310664898
cleanStatic,selection,58,57.99066104,5,6,1449516526,1450016526,5576284.682906,4605398.87124822,random5_k9,9,0.21321099368534824
cleanStatic,selection,58,57.99018932,6,7,1449504733,1450004733,5578302.665798,4886212.491129562,dense_two_source_glrt,187,0.11006014992031479
cleanStatic,selection,58,57.99018932,6,7,1449504733,1450004733,5578302.665798,4886212.491129562,dense_one_source_residual,187,1.4463187787155272
cleanStatic,selection,58,57.99018932,6,7,1449504733,1450004733,5578302.665798,4886212.491129562,raw_power_only,0,5578302.665798
cleanStatic,selection,58,57.99018932,6,7,1449504733,1450004733,5578302.665798,4886212.491129562,analytic_sparse_k3,3,1.055346374578596
cleanStatic,selection,58,57.99018932,6,7,1449504733,1450004733,5578302.665798,4886212.491129562,uniform_k3,3,2.4234795075143745
cleanStatic,selection,58,57.99018932,6,7,1449504733,1450004733,5578302.665798,4886212.491129562,shuffled_k3,3,0.6204299517519996
cleanStatic,selection,58,57.99018932,6,7,1449504733,1450004733,5578302.665798,4886212.491129562,analytic_sparse_k5,5,1.0950135662068943
cleanStatic,selection,58,57.99018932,6,7,1449504733,1450004733,5578302.665798,4886212.491129562,uniform_k5,5,1.999426924178925
cleanStatic,selection,58,57.99018932,6,7,1449504733,1450004733,5578302.665798,4886212.491129562,shuffled_k5,5,0.5387035262102972
cleanStatic,selection,58,57.99018932,6,7,1449504733,1450004733,5578302.665798,4886212.491129562,analytic_sparse_k9,9,0.5925857329870542
cleanStatic,selection,58,57.99018932,6,7,1449504733,1450004733,5578302.665798,4886212.491129562,uniform_k9,9,0.0710948766642707
cleanStatic,selection,58,57.99018932,6,7,1449504733,1450004733,5578302.665798,4886212.491129562,shuffled_k9,9,0.3355191087057092
cleanStatic,selection,58,57.99018932,6,7,1449504733,1450004733,5578302.665798,4886212.491129562,ai_sparse_k3,3,0.42933376913159843
cleanStatic,selection,58,57.99018932,6,7,1449504733,1450004733,5578302.665798,4886212.491129562,pg_scc_k3,3,0.23627127128160783
cleanStatic,selection,58,57.99018932,6,7,1449504733,1450004733,5578302.665798,4886212.491129562,ai_sparse_k5,5,0.07342661481965074
cleanStatic,selection,58,57.99018932,6,7,1449504733,1450004733,5578302.665798,4886212.491129562,pg_scc_k5,5,0.13114937937820362
cleanStatic,selection,58,57.99018932,6,7,1449504733,1450004733,5578302.665798,4886212.491129562,ai_sparse_k9,9,0.04767782616396711
cleanStatic,selection,58,57.99018932,6,7,1449504733,1450004733,5578302.665798,4886212.491129562,pg_scc_k9,9,0.1580124979192716
cleanStatic,selection,58,57.99018932,6,7,1449504733,1450004733,5578302.665798,4886212.491129562,epl3,3,1.2157077660128082
cleanStatic,selection,58,57.99018932,6,7,1449504733,1450004733,5578302.665798,4886212.491129562,fixed9,9,0.2546833811241009
cleanStatic,selection,58,57.99018932,6,7,1449504733,1450004733,5578302.665798,4886212.491129562,random1_k3,3,0.9045362087495135
cleanStatic,selection,58,57.99018932,6,7,1449504733,1450004733,5578302.665798,4886212.491129562,random2_k3,3,0.9225060785106706
cleanStatic,selection,58,57.99018932,6,7,1449504733,1450004733,5578302.665798,4886212.491129562,random3_k3,3,0.4195248276880497
cleanStatic,selection,58,57.99018932,6,7,1449504733,1450004733,5578302.665798,4886212.491129562,random4_k3,3,1.010894267669879
cleanStatic,selection,58,57.99018932,6,7,1449504733,1450004733,5578302.665798,4886212.491129562,random5_k3,3,1.133711450787857
cleanStatic,selection,58,57.99018932,6,7,1449504733,1450004733,5578302.665798,4886212.491129562,random1_k5,5,0.6110715767126894
cleanStatic,selection,58,57.99018932,6,7,1449504733,1450004733,5578302.665798,4886212.491129562,random2_k5,5,0.32525056189305096
cleanStatic,selection,58,57.99018932,6,7,1449504733,1450004733,5578302.665798,4886212.491129562,random3_k5,5,0.5086474447385945
cleanStatic,selection,58,57.99018932,6,7,1449504733,1450004733,5578302.665798,4886212.491129562,random4_k5,5,0.6569733630566414
cleanStatic,selection,58,57.99018932,6,7,1449504733,1450004733,5578302.665798,4886212.491129562,random5_k5,5,0.6937361619458299
cleanStatic,selection,58,57.99018932,6,7,1449504733,1450004733,5578302.665798,4886212.491129562,random1_k9,9,0.23527896556685274
cleanStatic,selection,58,57.99018932,6,7,1449504733,1450004733,5578302.665798,4886212.491129562,random2_k9,9,0.349719060603594
cleanStatic,selection,58,57.99018932,6,7,1449504733,1450004733,5578302.665798,4886212.491129562,random3_k9,9,0.3927217639212251
cleanStatic,selection,58,57.99018932,6,7,1449504733,1450004733,5578302.665798,4886212.491129562,random4_k9,9,0.7127187938515528
cleanStatic,selection,58,57.99018932,6,7,1449504733,1450004733,5578302.665798,4886212.491129562,random5_k9,9,0.2949095740862389
cleanStatic,selection,58,57.99037248,7,10,1449509312,1450009312,5577583.393358,2217710.5176952835,dense_two_source_glrt,187,0.634108452902502
cleanStatic,selection,58,57.99037248,7,10,1449509312,1450009312,5577583.393358,2217710.5176952835,dense_one_source_residual,187,1.6904320528342989
cleanStatic,selection,58,57.99037248,7,10,1449509312,1450009312,5577583.393358,2217710.5176952835,raw_power_only,0,5577583.393358
cleanStatic,selection,58,57.99037248,7,10,1449509312,1450009312,5577583.393358,2217710.5176952835,analytic_sparse_k3,3,0.22255957247204491
cleanStatic,selection,58,57.99037248,7,10,1449509312,1450009312,5577583.393358,2217710.5176952835,uniform_k3,3,0.8450409370970459
cleanStatic,selection,58,57.99037248,7,10,1449509312,1450009312,5577583.393358,2217710.5176952835,shuffled_k3,3,0.6831364514619268
cleanStatic,selection,58,57.99037248,7,10,1449509312,1450009312,5577583.393358,2217710.5176952835,analytic_sparse_k5,5,0.21214375919886228
cleanStatic,selection,58,57.99037248,7,10,1449509312,1450009312,5577583.393358,2217710.5176952835,uniform_k5,5,0.13919659981765964
cleanStatic,selection,58,57.99037248,7,10,1449509312,1450009312,5577583.393358,2217710.5176952835,shuffled_k5,5,0.5407980350096194
cleanStatic,selection,58,57.99037248,7,10,1449509312,1450009312,5577583.393358,2217710.5176952835,analytic_sparse_k9,9,0.38466065203103716
cleanStatic,selection,58,57.99037248,7,10,1449509312,1450009312,5577583.393358,2217710.5176952835,uniform_k9,9,0.6559430284842449
cleanStatic,selection,58,57.99037248,7,10,1449509312,1450009312,5577583.393358,2217710.5176952835,shuffled_k9,9,1.2999813278852468
cleanStatic,selection,58,57.99037248,7,10,1449509312,1450009312,5577583.393358,2217710.5176952835,ai_sparse_k3,3,1.0011163925247233
cleanStatic,selection,58,57.99037248,7,10,1449509312,1450009312,5577583.393358,2217710.5176952835,pg_scc_k3,3,0.6203987288567386
cleanStatic,selection,58,57.99037248,7,10,1449509312,1450009312,5577583.393358,2217710.5176952835,ai_sparse_k5,5,1.277921197459897
cleanStatic,selection,58,57.99037248,7,10,1449509312,1450009312,5577583.393358,2217710.5176952835,pg_scc_k5,5,0.5097929113443103
cleanStatic,selection,58,57.99037248,7,10,1449509312,1450009312,5577583.393358,2217710.5176952835,ai_sparse_k9,9,0.8465094041413329
cleanStatic,selection,58,57.99037248,7,10,1449509312,1450009312,5577583.393358,2217710.5176952835,pg_scc_k9,9,0.6840486685164885
cleanStatic,selection,58,57.99037248,7,10,1449509312,1450009312,5577583.393358,2217710.5176952835,epl3,3,2.75933541957752
cleanStatic,selection,58,57.99037248,7,10,1449509312,1450009312,5577583.393358,2217710.5176952835,fixed9,9,0.5980143323801271
cleanStatic,selection,58,57.99037248,7,10,1449509312,1450009312,5577583.393358,2217710.5176952835,random1_k3,3,1.626560003337242
cleanStatic,selection,58,57.99037248,7,10,1449509312,1450009312,5577583.393358,2217710.5176952835,random2_k3,3,0.6767226200832651
cleanStatic,selection,58,57.99037248,7,10,1449509312,1450009312,5577583.393358,2217710.5176952835,random3_k3,3,0.6177442264395657
cleanStatic,selection,58,57.99037248,7,10,1449509312,1450009312,5577583.393358,2217710.5176952835,random4_k3,3,0.3786793833590007
cleanStatic,selection,58,57.99037248,7,10,1449509312,1450009312,5577583.393358,2217710.5176952835,random5_k3,3,0.08501898860017176
cleanStatic,selection,58,57.99037248,7,10,1449509312,1450009312,5577583.393358,2217710.5176952835,random1_k5,5,0.42117501639229243
cleanStatic,selection,58,57.99037248,7,10,1449509312,1450009312,5577583.393358,2217710.5176952835,random2_k5,5,0.23940876756371915
cleanStatic,selection,58,57.99037248,7,10,1449509312,1450009312,5577583.393358,2217710.5176952835,random3_k5,5,1.024067164813357
cleanStatic,selection,58,57.99037248,7,10,1449509312,1450009312,5577583.393358,2217710.5176952835,random4_k5,5,0.25548988876525336
cleanStatic,selection,58,57.99037248,7,10,1449509312,1450009312,5577583.393358,2217710.5176952835,random5_k5,5,1.770922140014576
cleanStatic,selection,58,57.99037248,7,10,1449509312,1450009312,5577583.393358,2217710.5176952835,random1_k9,9,0.7661390617089131
cleanStatic,selection,58,57.99037248,7,10,1449509312,1450009312,5577583.393358,2217710.5176952835,random2_k9,9,1.2110466394270785
cleanStatic,selection,58,57.99037248,7,10,1449509312,1450009312,5577583.393358,2217710.5176952835,random3_k9,9,1.6804125783028026
cleanStatic,selection,58,57.99037248,7,10,1449509312,1450009312,5577583.393358,2217710.5176952835,random4_k9,9,1.2287071516033365
cleanStatic,selection,58,57.99037248,7,10,1449509312,1450009312,5577583.393358,2217710.5176952835,random5_k9,9,0.9944807361379042
cleanStatic,selection,58,57.99066612,8,13,1449516653,1450016653,5576217.443384,6474594.879435697,dense_two_source_glrt,187,0.16628585190257078
cleanStatic,selection,58,57.99066612,8,13,1449516653,1450016653,5576217.443384,6474594.879435697,dense_one_source_residual,187,0.5814013529989279
cleanStatic,selection,58,57.99066612,8,13,1449516653,1450016653,5576217.443384,6474594.879435697,raw_power_only,0,5576217.443384
cleanStatic,selection,58,57.99066612,8,13,1449516653,1450016653,5576217.443384,6474594.879435697,analytic_sparse_k3,3,0.10687441295495907
cleanStatic,selection,58,57.99066612,8,13,1449516653,1450016653,5576217.443384,6474594.879435697,uniform_k3,3,0.1549473792144012
cleanStatic,selection,58,57.99066612,8,13,1449516653,1450016653,5576217.443384,6474594.879435697,shuffled_k3,3,0.0762800850497435
cleanStatic,selection,58,57.99066612,8,13,1449516653,1450016653,5576217.443384,6474594.879435697,analytic_sparse_k5,5,0.08791025803110483
cleanStatic,selection,58,57.99066612,8,13,1449516653,1450016653,5576217.443384,6474594.879435697,uniform_k5,5,0.033338333186591164
cleanStatic,selection,58,57.99066612,8,13,1449516653,1450016653,5576217.443384,6474594.879435697,shuffled_k5,5,0.11281577396548177
cleanStatic,selection,58,57.99066612,8,13,1449516653,1450016653,5576217.443384,6474594.879435697,analytic_sparse_k9,9,0.3156239336777111
cleanStatic,selection,58,57.99066612,8,13,1449516653,1450016653,5576217.443384,6474594.879435697,uniform_k9,9,0.05264491824523835
cleanStatic,selection,58,57.99066612,8,13,1449516653,1450016653,5576217.443384,6474594.879435697,shuffled_k9,9,0.43495860664649744
cleanStatic,selection,58,57.99066612,8,13,1449516653,1450016653,5576217.443384,6474594.879435697,ai_sparse_k3,3,0.3749443705313647
cleanStatic,selection,58,57.99066612,8,13,1449516653,1450016653,5576217.443384,6474594.879435697,pg_scc_k3,3,0.8303249326376316
cleanStatic,selection,58,57.99066612,8,13,1449516653,1450016653,5576217.443384,6474594.879435697,ai_sparse_k5,5,0.43023691217236787
cleanStatic,selection,58,57.99066612,8,13,1449516653,1450016653,5576217.443384,6474594.879435697,pg_scc_k5,5,0.25539681418143645
cleanStatic,selection,58,57.99066612,8,13,1449516653,1450016653,5576217.443384,6474594.879435697,ai_sparse_k9,9,0.5466100043005335
cleanStatic,selection,58,57.99066612,8,13,1449516653,1450016653,5576217.443384,6474594.879435697,pg_scc_k9,9,0.3501582358100193
cleanStatic,selection,58,57.99066612,8,13,1449516653,1450016653,5576217.443384,6474594.879435697,epl3,3,0.47202887722272396
cleanStatic,selection,58,57.99066612,8,13,1449516653,1450016653,5576217.443384,6474594.879435697,fixed9,9,0.7346609198458512
cleanStatic,selection,58,57.99066612,8,13,1449516653,1450016653,5576217.443384,6474594.879435697,random1_k3,3,0.15934469886070565
cleanStatic,selection,58,57.99066612,8,13,1449516653,1450016653,5576217.443384,6474594.879435697,random2_k3,3,0.048456362329101575
cleanStatic,selection,58,57.99066612,8,13,1449516653,1450016653,5576217.443384,6474594.879435697,random3_k3,3,0.6907371747407378
cleanStatic,selection,58,57.99066612,8,13,1449516653,1450016653,5576217.443384,6474594.879435697,random4_k3,3,0.3024938940973791
cleanStatic,selection,58,57.99066612,8,13,1449516653,1450016653,5576217.443384,6474594.879435697,random5_k3,3,0.16483242311119395
cleanStatic,selection,58,57.99066612,8,13,1449516653,1450016653,5576217.443384,6474594.879435697,random1_k5,5,0.42333387867484173
cleanStatic,selection,58,57.99066612,8,13,1449516653,1450016653,5576217.443384,6474594.879435697,random2_k5,5,0.2138240480897747
cleanStatic,selection,58,57.99066612,8,13,1449516653,1450016653,5576217.443384,6474594.879435697,random3_k5,5,0.19542466779329506
cleanStatic,selection,58,57.99066612,8,13,1449516653,1450016653,5576217.443384,6474594.879435697,random4_k5,5,0.5911849199911059
cleanStatic,selection,58,57.99066612,8,13,1449516653,1450016653,5576217.443384,6474594.879435697,random5_k5,5,0.1642273358521964
cleanStatic,selection,58,57.99066612,8,13,1449516653,1450016653,5576217.443384,6474594.879435697,random1_k9,9,0.214275344910601
cleanStatic,selection,58,57.99066612,8,13,1449516653,1450016653,5576217.443384,6474594.879435697,random2_k9,9,0.18889603114619882
cleanStatic,selection,58,57.99066612,8,13,1449516653,1450016653,5576217.443384,6474594.879435697,random3_k9,9,0.16603341267065222
cleanStatic,selection,58,57.99066612,8,13,1449516653,1450016653,5576217.443384,6474594.879435697,random4_k9,9,0.15945361637142896
cleanStatic,selection,58,57.99066612,8,13,1449516653,1450016653,5576217.443384,6474594.879435697,random5_k9,9,0.18527496530408635
cleanStatic,selection,58,57.99049896,9,19,1449512474,1450012474,5576068.421807999,4683831.227133997,dense_two_source_glrt,187,0.3833855827605619
cleanStatic,selection,58,57.99049896,9,19,1449512474,1450012474,5576068.421807999,4683831.227133997,dense_one_source_residual,187,1.929776398449624
cleanStatic,selection,58,57.99049896,9,19,1449512474,1450012474,5576068.421807999,4683831.227133997,raw_power_only,0,5576068.421807999
cleanStatic,selection,58,57.99049896,9,19,1449512474,1450012474,5576068.421807999,4683831.227133997,analytic_sparse_k3,3,0.20752173215943312
cleanStatic,selection,58,57.99049896,9,19,1449512474,1450012474,5576068.421807999,4683831.227133997,uniform_k3,3,0.47793046655109767
cleanStatic,selection,58,57.99049896,9,19,1449512474,1450012474,5576068.421807999,4683831.227133997,shuffled_k3,3,0.2077612236074501
cleanStatic,selection,58,57.99049896,9,19,1449512474,1450012474,5576068.421807999,4683831.227133997,analytic_sparse_k5,5,0.6914793774452271
cleanStatic,selection,58,57.99049896,9,19,1449512474,1450012474,5576068.421807999,4683831.227133997,uniform_k5,5,0.17594099144021005
cleanStatic,selection,58,57.99049896,9,19,1449512474,1450012474,5576068.421807999,4683831.227133997,shuffled_k5,5,0.7864530751858707
cleanStatic,selection,58,57.99049896,9,19,1449512474,1450012474,5576068.421807999,4683831.227133997,analytic_sparse_k9,9,0.4930072489366171
cleanStatic,selection,58,57.99049896,9,19,1449512474,1450012474,5576068.421807999,4683831.227133997,uniform_k9,9,0.12274120081188301
cleanStatic,selection,58,57.99049896,9,19,1449512474,1450012474,5576068.421807999,4683831.227133997,shuffled_k9,9,1.7852612785711992
cleanStatic,selection,58,57.99049896,9,19,1449512474,1450012474,5576068.421807999,4683831.227133997,ai_sparse_k3,3,2.6686551198426574
cleanStatic,selection,58,57.99049896,9,19,1449512474,1450012474,5576068.421807999,4683831.227133997,pg_scc_k3,3,2.0525877337714826
cleanStatic,selection,58,57.99049896,9,19,1449512474,1450012474,5576068.421807999,4683831.227133997,ai_sparse_k5,5,1.889058177626349
cleanStatic,selection,58,57.99049896,9,19,1449512474,1450012474,5576068.421807999,4683831.227133997,pg_scc_k5,5,0.5302776973017547
cleanStatic,selection,58,57.99049896,9,19,1449512474,1450012474,5576068.421807999,4683831.227133997,ai_sparse_k9,9,1.6739156968512932
cleanStatic,selection,58,57.99049896,9,19,1449512474,1450012474,5576068.421807999,4683831.227133997,pg_scc_k9,9,0.48463963948349215
cleanStatic,selection,58,57.99049896,9,19,1449512474,1450012474,5576068.421807999,4683831.227133997,epl3,3,2.1037578229944964
cleanStatic,selection,58,57.99049896,9,19,1449512474,1450012474,5576068.421807999,4683831.227133997,fixed9,9,2.4459041232697003
cleanStatic,selection,58,57.99049896,9,19,1449512474,1450012474,5576068.421807999,4683831.227133997,random1_k3,3,1.0768051798451934
cleanStatic,selection,58,57.99049896,9,19,1449512474,1450012474,5576068.421807999,4683831.227133997,random2_k3,3,1.0475102693067198
cleanStatic,selection,58,57.99049896,9,19,1449512474,1450012474,5576068.421807999,4683831.227133997,random3_k3,3,1.5481770397744972
cleanStatic,selection,58,57.99049896,9,19,1449512474,1450012474,5576068.421807999,4683831.227133997,random4_k3,3,0.6134449671655047
cleanStatic,selection,58,57.99049896,9,19,1449512474,1450012474,5576068.421807999,4683831.227133997,random5_k3,3,0.8551297180699264
cleanStatic,selection,58,57.99049896,9,19,1449512474,1450012474,5576068.421807999,4683831.227133997,random1_k5,5,0.6586989111237902
cleanStatic,selection,58,57.99049896,9,19,1449512474,1450012474,5576068.421807999,4683831.227133997,random2_k5,5,0.22567121918593425
cleanStatic,selection,58,57.99049896,9,19,1449512474,1450012474,5576068.421807999,4683831.227133997,random3_k5,5,0.8787260623097136
cleanStatic,selection,58,57.99049896,9,19,1449512474,1450012474,5576068.421807999,4683831.227133997,random4_k5,5,0.4960968372607718
cleanStatic,selection,58,57.99049896,9,19,1449512474,1450012474,5576068.421807999,4683831.227133997,random5_k5,5,1.259494992565975
cleanStatic,selection,58,57.99049896,9,19,1449512474,1450012474,5576068.421807999,4683831.227133997,random1_k9,9,1.1753503357532153
cleanStatic,selection,58,57.99049896,9,19,1449512474,1450012474,5576068.421807999,4683831.227133997,random2_k9,9,0.2739967272101992
cleanStatic,selection,58,57.99049896,9,19,1449512474,1450012474,5576068.421807999,4683831.227133997,random3_k9,9,0.9085276116321168
cleanStatic,selection,58,57.99049896,9,19,1449512474,1450012474,5576068.421807999,4683831.227133997,random4_k9,9,0.8141602590545829
cleanStatic,selection,58,57.99049896,9,19,1449512474,1450012474,5576068.421807999,4683831.227133997,random5_k9,9,0.6302162422806954
cleanStatic,selection,58,57.99061744,10,23,1449515436,1450015436,5576226.960468,6664263.579469801,dense_two_source_glrt,187,0.0741941176028528
cleanStatic,selection,58,57.99061744,10,23,1449515436,1450015436,5576226.960468,6664263.579469801,dense_one_source_residual,187,0.26471176577893524
cleanStatic,selection,58,57.99061744,10,23,1449515436,1450015436,5576226.960468,6664263.579469801,raw_power_only,0,5576226.960468
cleanStatic,selection,58,57.99061744,10,23,1449515436,1450015436,5576226.960468,6664263.579469801,analytic_sparse_k3,3,0.026468588643923124
cleanStatic,selection,58,57.99061744,10,23,1449515436,1450015436,5576226.960468,6664263.579469801,uniform_k3,3,0.26294200879094404
cleanStatic,selection,58,57.99061744,10,23,1449515436,1450015436,5576226.960468,6664263.579469801,shuffled_k3,3,0.030391627419159222
cleanStatic,selection,58,57.99061744,10,23,1449515436,1450015436,5576226.960468,6664263.579469801,analytic_sparse_k5,5,0.19071919937482967
cleanStatic,selection,58,57.99061744,10,23,1449515436,1450015436,5576226.960468,6664263.579469801,uniform_k5,5,0.1759293529676143
cleanStatic,selection,58,57.99061744,10,23,1449515436,1450015436,5576226.960468,6664263.579469801,shuffled_k5,5,0.0659297769501183
cleanStatic,selection,58,57.99061744,10,23,1449515436,1450015436,5576226.960468,6664263.579469801,analytic_sparse_k9,9,0.15332536416808262
cleanStatic,selection,58,57.99061744,10,23,1449515436,1450015436,5576226.960468,6664263.579469801,uniform_k9,9,0.06394182855681857
cleanStatic,selection,58,57.99061744,10,23,1449515436,1450015436,5576226.960468,6664263.579469801,shuffled_k9,9,0.18217836260303874
cleanStatic,selection,58,57.99061744,10,23,1449515436,1450015436,5576226.960468,6664263.579469801,ai_sparse_k3,3,0.12891308554242073
cleanStatic,selection,58,57.99061744,10,23,1449515436,1450015436,5576226.960468,6664263.579469801,pg_scc_k3,3,0.11433761899440449
cleanStatic,selection,58,57.99061744,10,23,1449515436,1450015436,5576226.960468,6664263.579469801,ai_sparse_k5,5,0.12344164117559338
cleanStatic,selection,58,57.99061744,10,23,1449515436,1450015436,5576226.960468,6664263.579469801,pg_scc_k5,5,0.05808370066795012
cleanStatic,selection,58,57.99061744,10,23,1449515436,1450015436,5576226.960468,6664263.579469801,ai_sparse_k9,9,0.139755934375058
cleanStatic,selection,58,57.99061744,10,23,1449515436,1450015436,5576226.960468,6664263.579469801,pg_scc_k9,9,0.05702986643842229
cleanStatic,selection,58,57.99061744,10,23,1449515436,1450015436,5576226.960468,6664263.579469801,epl3,3,0.2534148997269435
cleanStatic,selection,58,57.99061744,10,23,1449515436,1450015436,5576226.960468,6664263.579469801,fixed9,9,0.20246918980189144
cleanStatic,selection,58,57.99061744,10,23,1449515436,1450015436,5576226.960468,6664263.579469801,random1_k3,3,0.004216421807410226
cleanStatic,selection,58,57.99061744,10,23,1449515436,1450015436,5576226.960468,6664263.579469801,random2_k3,3,0.09885807813936438
cleanStatic,selection,58,57.99061744,10,23,1449515436,1450015436,5576226.960468,6664263.579469801,random3_k3,3,0.049287772890539094
cleanStatic,selection,58,57.99061744,10,23,1449515436,1450015436,5576226.960468,6664263.579469801,random4_k3,3,0.14304418230198926
cleanStatic,selection,58,57.99061744,10,23,1449515436,1450015436,5576226.960468,6664263.579469801,random5_k3,3,0.06551986408890464
cleanStatic,selection,58,57.99061744,10,23,1449515436,1450015436,5576226.960468,6664263.579469801,random1_k5,5,0.10554905734196285
cleanStatic,selection,58,57.99061744,10,23,1449515436,1450015436,5576226.960468,6664263.579469801,random2_k5,5,0.07038813274748171
cleanStatic,selection,58,57.99061744,10,23,1449515436,1450015436,5576226.960468,6664263.579469801,random3_k5,5,0.3515071999439212
cleanStatic,selection,58,57.99061744,10,23,1449515436,1450015436,5576226.960468,6664263.579469801,random4_k5,5,0.06596226402513464
cleanStatic,selection,58,57.99061744,10,23,1449515436,1450015436,5576226.960468,6664263.579469801,random5_k5,5,0.16126974698344992
cleanStatic,selection,58,57.99061744,10,23,1449515436,1450015436,5576226.960468,6664263.579469801,random1_k9,9,0.04911076965207598
cleanStatic,selection,58,57.99061744,10,23,1449515436,1450015436,5576226.960468,6664263.579469801,random2_k9,9,0.059677612480268705
cleanStatic,selection,58,57.99061744,10,23,1449515436,1450015436,5576226.960468,6664263.579469801,random3_k9,9,0.04383020660138678
cleanStatic,selection,58,57.99061744,10,23,1449515436,1450015436,5576226.960468,6664263.579469801,random4_k9,9,0.07881726971680125
cleanStatic,selection,58,57.99061744,10,23,1449515436,1450015436,5576226.960468,6664263.579469801,random5_k9,9,0.015107785804684304
cleanStatic,selection,59,58.99030816,0,16,1474507704,1475007704,5590131.928224,5253719.586903967,dense_two_source_glrt,187,0.11608736883044563
cleanStatic,selection,59,58.99030816,0,16,1474507704,1475007704,5590131.928224,5253719.586903967,dense_one_source_residual,187,0.6372500365897692
cleanStatic,selection,59,58.99030816,0,16,1474507704,1475007704,5590131.928224,5253719.586903967,raw_power_only,0,5590131.928224
cleanStatic,selection,59,58.99030816,0,16,1474507704,1475007704,5590131.928224,5253719.586903967,analytic_sparse_k3,3,0.07254661303243348
cleanStatic,selection,59,58.99030816,0,16,1474507704,1475007704,5590131.928224,5253719.586903967,uniform_k3,3,0.36253217403792243
cleanStatic,selection,59,58.99030816,0,16,1474507704,1475007704,5590131.928224,5253719.586903967,shuffled_k3,3,0.05326637556877608
cleanStatic,selection,59,58.99030816,0,16,1474507704,1475007704,5590131.928224,5253719.586903967,analytic_sparse_k5,5,0.08565486636700338
cleanStatic,selection,59,58.99030816,0,16,1474507704,1475007704,5590131.928224,5253719.586903967,uniform_k5,5,0.2068787739924458
cleanStatic,selection,59,58.99030816,0,16,1474507704,1475007704,5590131.928224,5253719.586903967,shuffled_k5,5,0.03182334914013893
cleanStatic,selection,59,58.99030816,0,16,1474507704,1475007704,5590131.928224,5253719.586903967,analytic_sparse_k9,9,0.1757267134601389
cleanStatic,selection,59,58.99030816,0,16,1474507704,1475007704,5590131.928224,5253719.586903967,uniform_k9,9,0.038243898723038385
cleanStatic,selection,59,58.99030816,0,16,1474507704,1475007704,5590131.928224,5253719.586903967,shuffled_k9,9,0.3715453379218816
cleanStatic,selection,59,58.99030816,0,16,1474507704,1475007704,5590131.928224,5253719.586903967,ai_sparse_k3,3,1.4864220085897653
cleanStatic,selection,59,58.99030816,0,16,1474507704,1475007704,5590131.928224,5253719.586903967,pg_scc_k3,3,0.9747790326495734
cleanStatic,selection,59,58.99030816,0,16,1474507704,1475007704,5590131.928224,5253719.586903967,ai_sparse_k5,5,0.6614050110512972
cleanStatic,selection,59,58.99030816,0,16,1474507704,1475007704,5590131.928224,5253719.586903967,pg_scc_k5,5,0.2989337481192086
cleanStatic,selection,59,58.99030816,0,16,1474507704,1475007704,5590131.928224,5253719.586903967,ai_sparse_k9,9,0.48494445667199315
cleanStatic,selection,59,58.99030816,0,16,1474507704,1475007704,5590131.928224,5253719.586903967,pg_scc_k9,9,0.201644261883679
cleanStatic,selection,59,58.99030816,0,16,1474507704,1475007704,5590131.928224,5253719.586903967,epl3,3,0.4934067383073066
cleanStatic,selection,59,58.99030816,0,16,1474507704,1475007704,5590131.928224,5253719.586903967,fixed9,9,0.5910573534299614
cleanStatic,selection,59,58.99030816,0,16,1474507704,1475007704,5590131.928224,5253719.586903967,random1_k3,3,0.4868451835487106
cleanStatic,selection,59,58.99030816,0,16,1474507704,1475007704,5590131.928224,5253719.586903967,random2_k3,3,0.1928541610901641
cleanStatic,selection,59,58.99030816,0,16,1474507704,1475007704,5590131.928224,5253719.586903967,random3_k3,3,0.6531441057531162
cleanStatic,selection,59,58.99030816,0,16,1474507704,1475007704,5590131.928224,5253719.586903967,random4_k3,3,0.12791058326184632
cleanStatic,selection,59,58.99030816,0,16,1474507704,1475007704,5590131.928224,5253719.586903967,random5_k3,3,0.16783033068571748
cleanStatic,selection,59,58.99030816,0,16,1474507704,1475007704,5590131.928224,5253719.586903967,random1_k5,5,0.3309892448226833
cleanStatic,selection,59,58.99030816,0,16,1474507704,1475007704,5590131.928224,5253719.586903967,random2_k5,5,0.05579290635972076
cleanStatic,selection,59,58.99030816,0,16,1474507704,1475007704,5590131.928224,5253719.586903967,random3_k5,5,0.1389189183885149
cleanStatic,selection,59,58.99030816,0,16,1474507704,1475007704,5590131.928224,5253719.586903967,random4_k5,5,0.18678932439760482
cleanStatic,selection,59,58.99030816,0,16,1474507704,1475007704,5590131.928224,5253719.586903967,random5_k5,5,0.3859012136998606
cleanStatic,selection,59,58.99030816,0,16,1474507704,1475007704,5590131.928224,5253719.586903967,random1_k9,9,0.49471461672634576
cleanStatic,selection,59,58.99030816,0,16,1474507704,1475007704,5590131.928224,5253719.586903967,random2_k9,9,0.15805373656441507
cleanStatic,selection,59,58.99030816,0,16,1474507704,1475007704,5590131.928224,5253719.586903967,random3_k9,9,0.33216415972403357
cleanStatic,selection,59,58.99030816,0,16,1474507704,1475007704,5590131.928224,5253719.586903967,random4_k9,9,0.4415388735068558
cleanStatic,selection,59,58.99030816,0,16,1474507704,1475007704,5590131.928224,5253719.586903967,random5_k9,9,0.3577257056125169
cleanStatic,selection,59,58.99054064,2,3,1474513516,1475013516,5590501.800088,5819444.159815778,dense_two_source_glrt,187,0.03859941909869388
cleanStatic,selection,59,58.99054064,2,3,1474513516,1475013516,5590501.800088,5819444.159815778,dense_one_source_residual,187,0.3845667772720259
cleanStatic,selection,59,58.99054064,2,3,1474513516,1475013516,5590501.800088,5819444.159815778,raw_power_only,0,5590501.800088
cleanStatic,selection,59,58.99054064,2,3,1474513516,1475013516,5590501.800088,5819444.159815778,analytic_sparse_k3,3,0.0654741420084317
cleanStatic,selection,59,58.99054064,2,3,1474513516,1475013516,5590501.800088,5819444.159815778,uniform_k3,3,0.23018999053032274
cleanStatic,selection,59,58.99054064,2,3,1474513516,1475013516,5590501.800088,5819444.159815778,shuffled_k3,3,0.03060960874252236
cleanStatic,selection,59,58.99054064,2,3,1474513516,1475013516,5590501.800088,5819444.159815778,analytic_sparse_k5,5,0.10905037754365243
cleanStatic,selection,59,58.99054064,2,3,1474513516,1475013516,5590501.800088,5819444.159815778,uniform_k5,5,0.19897847464967683
cleanStatic,selection,59,58.99054064,2,3,1474513516,1475013516,5590501.800088,5819444.159815778,shuffled_k5,5,0.09984300279977103
cleanStatic,selection,59,58.99054064,2,3,1474513516,1475013516,5590501.800088,5819444.159815778,analytic_sparse_k9,9,0.030392427855148667
cleanStatic,selection,59,58.99054064,2,3,1474513516,1475013516,5590501.800088,5819444.159815778,uniform_k9,9,0.04443019495075854
cleanStatic,selection,59,58.99054064,2,3,1474513516,1475013516,5590501.800088,5819444.159815778,shuffled_k9,9,0.10540434338621567
cleanStatic,selection,59,58.99054064,2,3,1474513516,1475013516,5590501.800088,5819444.159815778,ai_sparse_k3,3,0.1892966350569789
cleanStatic,selection,59,58.99054064,2,3,1474513516,1475013516,5590501.800088,5819444.159815778,pg_scc_k3,3,0.17702391603148004
cleanStatic,selection,59,58.99054064,2,3,1474513516,1475013516,5590501.800088,5819444.159815778,ai_sparse_k5,5,0.11310851514729332
cleanStatic,selection,59,58.99054064,2,3,1474513516,1475013516,5590501.800088,5819444.159815778,pg_scc_k5,5,0.13481186969910688
cleanStatic,selection,59,58.99054064,2,3,1474513516,1475013516,5590501.800088,5819444.159815778,ai_sparse_k9,9,0.061032114225162
cleanStatic,selection,59,58.99054064,2,3,1474513516,1475013516,5590501.800088,5819444.159815778,pg_scc_k9,9,0.07667249428789254
cleanStatic,selection,59,58.99054064,2,3,1474513516,1475013516,5590501.800088,5819444.159815778,epl3,3,0.10725935978702156
cleanStatic,selection,59,58.99054064,2,3,1474513516,1475013516,5590501.800088,5819444.159815778,fixed9,9,0.13090912034004545
cleanStatic,selection,59,58.99054064,2,3,1474513516,1475013516,5590501.800088,5819444.159815778,random1_k3,3,0.2608932537494137
cleanStatic,selection,59,58.99054064,2,3,1474513516,1475013516,5590501.800088,5819444.159815778,random2_k3,3,0.2933235739008479
cleanStatic,selection,59,58.99054064,2,3,1474513516,1475013516,5590501.800088,5819444.159815778,random3_k3,3,0.11156355928231543
cleanStatic,selection,59,58.99054064,2,3,1474513516,1475013516,5590501.800088,5819444.159815778,random4_k3,3,0.38913976110407594
cleanStatic,selection,59,58.99054064,2,3,1474513516,1475013516,5590501.800088,5819444.159815778,random5_k3,3,0.17778398632150816
cleanStatic,selection,59,58.99054064,2,3,1474513516,1475013516,5590501.800088,5819444.159815778,random1_k5,5,0.14804993178836456
cleanStatic,selection,59,58.99054064,2,3,1474513516,1475013516,5590501.800088,5819444.159815778,random2_k5,5,0.10964138049066541
cleanStatic,selection,59,58.99054064,2,3,1474513516,1475013516,5590501.800088,5819444.159815778,random3_k5,5,0.21195649630513946
cleanStatic,selection,59,58.99054064,2,3,1474513516,1475013516,5590501.800088,5819444.159815778,random4_k5,5,0.08768390754197322
cleanStatic,selection,59,58.99054064,2,3,1474513516,1475013516,5590501.800088,5819444.159815778,random5_k5,5,0.21276968254700696
cleanStatic,selection,59,58.99054064,2,3,1474513516,1475013516,5590501.800088,5819444.159815778,random1_k9,9,0.11224559696260797
cleanStatic,selection,59,58.99054064,2,3,1474513516,1475013516,5590501.800088,5819444.159815778,random2_k9,9,0.04731408146674138
cleanStatic,selection,59,58.99054064,2,3,1474513516,1475013516,5590501.800088,5819444.159815778,random3_k9,9,0.18132811556868333
cleanStatic,selection,59,58.99054064,2,3,1474513516,1475013516,5590501.800088,5819444.159815778,random4_k9,9,0.12210813754823817
cleanStatic,selection,59,58.99054064,2,3,1474513516,1475013516,5590501.800088,5819444.159815778,random5_k9,9,0.16751139197255588
cleanStatic,selection,59,58.9983568,3,20,1474708920,1475208920,5589313.201844,2294826.818818674,dense_two_source_glrt,187,0.8781377326840561
cleanStatic,selection,59,58.9983568,3,20,1474708920,1475208920,5589313.201844,2294826.818818674,dense_one_source_residual,187,4.000825753388965
cleanStatic,selection,59,58.9983568,3,20,1474708920,1475208920,5589313.201844,2294826.818818674,raw_power_only,0,5589313.201844
cleanStatic,selection,59,58.9983568,3,20,1474708920,1475208920,5589313.201844,2294826.818818674,analytic_sparse_k3,3,2.7652306354820992
cleanStatic,selection,59,58.9983568,3,20,1474708920,1475208920,5589313.201844,2294826.818818674,uniform_k3,3,1.5825912092164234
cleanStatic,selection,59,58.9983568,3,20,1474708920,1475208920,5589313.201844,2294826.818818674,shuffled_k3,3,2.1045018107698197
cleanStatic,selection,59,58.9983568,3,20,1474708920,1475208920,5589313.201844,2294826.818818674,analytic_sparse_k5,5,2.8288347846045996
cleanStatic,selection,59,58.9983568,3,20,1474708920,1475208920,5589313.201844,2294826.818818674,uniform_k5,5,0.8005922397440746
cleanStatic,selection,59,58.9983568,3,20,1474708920,1475208920,5589313.201844,2294826.818818674,shuffled_k5,5,1.5102284505104773
cleanStatic,selection,59,58.9983568,3,20,1474708920,1475208920,5589313.201844,2294826.818818674,analytic_sparse_k9,9,1.3163873973579403
cleanStatic,selection,59,58.9983568,3,20,1474708920,1475208920,5589313.201844,2294826.818818674,uniform_k9,9,0.6971444547730492
cleanStatic,selection,59,58.9983568,3,20,1474708920,1475208920,5589313.201844,2294826.818818674,shuffled_k9,9,1.903894503963286
cleanStatic,selection,59,58.9983568,3,20,1474708920,1475208920,5589313.201844,2294826.818818674,ai_sparse_k3,3,3.0291108556198156
cleanStatic,selection,59,58.9983568,3,20,1474708920,1475208920,5589313.201844,2294826.818818674,pg_scc_k3,3,0.8727219818823512
cleanStatic,selection,59,58.9983568,3,20,1474708920,1475208920,5589313.201844,2294826.818818674,ai_sparse_k5,5,1.1546161293162824
cleanStatic,selection,59,58.9983568,3,20,1474708920,1475208920,5589313.201844,2294826.818818674,pg_scc_k5,5,0.47354425386199067
cleanStatic,selection,59,58.9983568,3,20,1474708920,1475208920,5589313.201844,2294826.818818674,ai_sparse_k9,9,0.6702378077459703
cleanStatic,selection,59,58.9983568,3,20,1474708920,1475208920,5589313.201844,2294826.818818674,pg_scc_k9,9,0.38990990118416924
cleanStatic,selection,59,58.9983568,3,20,1474708920,1475208920,5589313.201844,2294826.818818674,epl3,3,5.186893800251773
cleanStatic,selection,59,58.9983568,3,20,1474708920,1475208920,5589313.201844,2294826.818818674,fixed9,9,1.1998003994316828
cleanStatic,selection,59,58.9983568,3,20,1474708920,1475208920,5589313.201844,2294826.818818674,random1_k3,3,2.7491364281468926
cleanStatic,selection,59,58.9983568,3,20,1474708920,1475208920,5589313.201844,2294826.818818674,random2_k3,3,2.9300449976383214
cleanStatic,selection,59,58.9983568,3,20,1474708920,1475208920,5589313.201844,2294826.818818674,random3_k3,3,1.6523833848209932
cleanStatic,selection,59,58.9983568,3,20,1474708920,1475208920,5589313.201844,2294826.818818674,random4_k3,3,1.798184251502529
cleanStatic,selection,59,58.9983568,3,20,1474708920,1475208920,5589313.201844,2294826.818818674,random5_k3,3,1.3704905261505296
cleanStatic,selection,59,58.9983568,3,20,1474708920,1475208920,5589313.201844,2294826.818818674,random1_k5,5,1.7874050649231752
cleanStatic,selection,59,58.9983568,3,20,1474708920,1475208920,5589313.201844,2294826.818818674,random2_k5,5,0.7851605601344647
cleanStatic,selection,59,58.9983568,3,20,1474708920,1475208920,5589313.201844,2294826.818818674,random3_k5,5,1.7017756703907925
cleanStatic,selection,59,58.9983568,3,20,1474708920,1475208920,5589313.201844,2294826.818818674,random4_k5,5,1.085226445553038
cleanStatic,selection,59,58.9983568,3,20,1474708920,1475208920,5589313.201844,2294826.818818674,random5_k5,5,2.465030192412589
cleanStatic,selection,59,58.9983568,3,20,1474708920,1475208920,5589313.201844,2294826.818818674,random1_k9,9,1.5499828995285503
cleanStatic,selection,59,58.9983568,3,20,1474708920,1475208920,5589313.201844,2294826.818818674,random2_k9,9,1.1034565604171784
cleanStatic,selection,59,58.9983568,3,20,1474708920,1475208920,5589313.201844,2294826.818818674,random3_k9,9,1.937508893562033
cleanStatic,selection,59,58.9983568,3,20,1474708920,1475208920,5589313.201844,2294826.818818674,random4_k9,9,2.0812004361791616
cleanStatic,selection,59,58.9983568,3,20,1474708920,1475208920,5589313.201844,2294826.818818674,random5_k9,9,1.7030053912946603
cleanStatic,selection,59,59.0056676,4,30,1474891690,1475391690,5583888.149495999,2062882.4561896492,dense_two_source_glrt,187,1.1912849720187846
cleanStatic,selection,59,59.0056676,4,30,1474891690,1475391690,5583888.149495999,2062882.4561896492,dense_one_source_residual,187,3.6243611596953818
cleanStatic,selection,59,59.0056676,4,30,1474891690,1475391690,5583888.149495999,2062882.4561896492,raw_power_only,0,5583888.149495999
cleanStatic,selection,59,59.0056676,4,30,1474891690,1475391690,5583888.149495999,2062882.4561896492,analytic_sparse_k3,3,1.5254061680212467
cleanStatic,selection,59,59.0056676,4,30,1474891690,1475391690,5583888.149495999,2062882.4561896492,uniform_k3,3,1.7012589250502164
cleanStatic,selection,59,59.0056676,4,30,1474891690,1475391690,5583888.149495999,2062882.4561896492,shuffled_k3,3,1.0451060801846574
cleanStatic,selection,59,59.0056676,4,30,1474891690,1475391690,5583888.149495999,2062882.4561896492,analytic_sparse_k5,5,1.4506187908933295
cleanStatic,selection,59,59.0056676,4,30,1474891690,1475391690,5583888.149495999,2062882.4561896492,uniform_k5,5,0.7005817402616501
cleanStatic,selection,59,59.0056676,4,30,1474891690,1475391690,5583888.149495999,2062882.4561896492,shuffled_k5,5,2.2158404535028065
cleanStatic,selection,59,59.0056676,4,30,1474891690,1475391690,5583888.149495999,2062882.4561896492,analytic_sparse_k9,9,1.5776807174745526
cleanStatic,selection,59,59.0056676,4,30,1474891690,1475391690,5583888.149495999,2062882.4561896492,uniform_k9,9,0.3992400404528929
cleanStatic,selection,59,59.0056676,4,30,1474891690,1475391690,5583888.149495999,2062882.4561896492,shuffled_k9,9,2.6817687750631247
cleanStatic,selection,59,59.0056676,4,30,1474891690,1475391690,5583888.149495999,2062882.4561896492,ai_sparse_k3,3,4.050169391864858
cleanStatic,selection,59,59.0056676,4,30,1474891690,1475391690,5583888.149495999,2062882.4561896492,pg_scc_k3,3,8.48718847012537
cleanStatic,selection,59,59.0056676,4,30,1474891690,1475391690,5583888.149495999,2062882.4561896492,ai_sparse_k5,5,3.487223893396846
cleanStatic,selection,59,59.0056676,4,30,1474891690,1475391690,5583888.149495999,2062882.4561896492,pg_scc_k5,5,3.5081770297971646
cleanStatic,selection,59,59.0056676,4,30,1474891690,1475391690,5583888.149495999,2062882.4561896492,ai_sparse_k9,9,3.0674929046059534
cleanStatic,selection,59,59.0056676,4,30,1474891690,1475391690,5583888.149495999,2062882.4561896492,pg_scc_k9,9,2.9337786636722547
cleanStatic,selection,59,59.0056676,4,30,1474891690,1475391690,5583888.149495999,2062882.4561896492,epl3,3,2.1203571263923373
cleanStatic,selection,59,59.0056676,4,30,1474891690,1475391690,5583888.149495999,2062882.4561896492,fixed9,9,4.287152280370787
cleanStatic,selection,59,59.0056676,4,30,1474891690,1475391690,5583888.149495999,2062882.4561896492,random1_k3,3,0.9836244143405913
cleanStatic,selection,59,59.0056676,4,30,1474891690,1475391690,5583888.149495999,2062882.4561896492,random2_k3,3,1.3273277219879325
cleanStatic,selection,59,59.0056676,4,30,1474891690,1475391690,5583888.149495999,2062882.4561896492,random3_k3,3,1.3757922117404726
cleanStatic,selection,59,59.0056676,4,30,1474891690,1475391690,5583888.149495999,2062882.4561896492,random4_k3,3,2.697813130583514
cleanStatic,selection,59,59.0056676,4,30,1474891690,1475391690,5583888.149495999,2062882.4561896492,random5_k3,3,4.547780803342874
cleanStatic,selection,59,59.0056676,4,30,1474891690,1475391690,5583888.149495999,2062882.4561896492,random1_k5,5,1.3206910034503454
cleanStatic,selection,59,59.0056676,4,30,1474891690,1475391690,5583888.149495999,2062882.4561896492,random2_k5,5,1.1791051533258528
cleanStatic,selection,59,59.0056676,4,30,1474891690,1475391690,5583888.149495999,2062882.4561896492,random3_k5,5,2.370605433368783
cleanStatic,selection,59,59.0056676,4,30,1474891690,1475391690,5583888.149495999,2062882.4561896492,random4_k5,5,2.3093308573312883
cleanStatic,selection,59,59.0056676,4,30,1474891690,1475391690,5583888.149495999,2062882.4561896492,random5_k5,5,1.4945491025525341
cleanStatic,selection,59,59.0056676,4,30,1474891690,1475391690,5583888.149495999,2062882.4561896492,random1_k9,9,0.8242063719758705
cleanStatic,selection,59,59.0056676,4,30,1474891690,1475391690,5583888.149495999,2062882.4561896492,random2_k9,9,0.8513503426469001
cleanStatic,selection,59,59.0056676,4,30,1474891690,1475391690,5583888.149495999,2062882.4561896492,random3_k9,9,1.0321468604880633
cleanStatic,selection,59,59.0056676,4,30,1474891690,1475391690,5583888.149495999,2062882.4561896492,random4_k9,9,1.1902555349099007
cleanStatic,selection,59,59.0056676,4,30,1474891690,1475391690,5583888.149495999,2062882.4561896492,random5_k9,9,1.3293868557418662
cleanStatic,selection,59,58.99066136,5,6,1474516534,1475016534,5591451.856934,4601687.210914129,dense_two_source_glrt,187,0.012816306887484408
cleanStatic,selection,59,58.99066136,5,6,1474516534,1475016534,5591451.856934,4601687.210914129,dense_one_source_residual,187,0.23271549994196727
cleanStatic,selection,59,58.99066136,5,6,1474516534,1475016534,5591451.856934,4601687.210914129,raw_power_only,0,5591451.856934
cleanStatic,selection,59,58.99066136,5,6,1474516534,1475016534,5591451.856934,4601687.210914129,analytic_sparse_k3,3,0.02119081848994943
cleanStatic,selection,59,58.99066136,5,6,1474516534,1475016534,5591451.856934,4601687.210914129,uniform_k3,3,0.3022680922445911
cleanStatic,selection,59,58.99066136,5,6,1474516534,1475016534,5591451.856934,4601687.210914129,shuffled_k3,3,0.08456494547756839
cleanStatic,selection,59,58.99066136,5,6,1474516534,1475016534,5591451.856934,4601687.210914129,analytic_sparse_k5,5,0.03235832483732468
cleanStatic,selection,59,58.99066136,5,6,1474516534,1475016534,5591451.856934,4601687.210914129,uniform_k5,5,0.23308514868416474
cleanStatic,selection,59,58.99066136,5,6,1474516534,1475016534,5591451.856934,4601687.210914129,shuffled_k5,5,0.08907107770234508
cleanStatic,selection,59,58.99066136,5,6,1474516534,1475016534,5591451.856934,4601687.210914129,analytic_sparse_k9,9,0.021397578767509386
cleanStatic,selection,59,58.99066136,5,6,1474516534,1475016534,5591451.856934,4601687.210914129,uniform_k9,9,0.042943247602527865
cleanStatic,selection,59,58.99066136,5,6,1474516534,1475016534,5591451.856934,4601687.210914129,shuffled_k9,9,0.04866773185981765
cleanStatic,selection,59,58.99066136,5,6,1474516534,1475016534,5591451.856934,4601687.210914129,ai_sparse_k3,3,0.23981705104627007
cleanStatic,selection,59,58.99066136,5,6,1474516534,1475016534,5591451.856934,4601687.210914129,pg_scc_k3,3,0.05390089271972811
cleanStatic,selection,59,58.99066136,5,6,1474516534,1475016534,5591451.856934,4601687.210914129,ai_sparse_k5,5,0.031277278304601586
cleanStatic,selection,59,58.99066136,5,6,1474516534,1475016534,5591451.856934,4601687.210914129,pg_scc_k5,5,0.011205542200722096
cleanStatic,selection,59,58.99066136,5,6,1474516534,1475016534,5591451.856934,4601687.210914129,ai_sparse_k9,9,0.0040247897119368835
cleanStatic,selection,59,58.99066136,5,6,1474516534,1475016534,5591451.856934,4601687.210914129,pg_scc_k9,9,0.030487540029206322
cleanStatic,selection,59,58.99066136,5,6,1474516534,1475016534,5591451.856934,4601687.210914129,epl3,3,0.030469973310121874
cleanStatic,selection,59,58.99066136,5,6,1474516534,1475016534,5591451.856934,4601687.210914129,fixed9,9,0.02199425536309063
cleanStatic,selection,59,58.99066136,5,6,1474516534,1475016534,5591451.856934,4601687.210914129,random1_k3,3,0.46985323119762673
cleanStatic,selection,59,58.99066136,5,6,1474516534,1475016534,5591451.856934,4601687.210914129,random2_k3,3,0.08797254389520442
cleanStatic,selection,59,58.99066136,5,6,1474516534,1475016534,5591451.856934,4601687.210914129,random3_k3,3,0.03750579211485272
cleanStatic,selection,59,58.99066136,5,6,1474516534,1475016534,5591451.856934,4601687.210914129,random4_k3,3,0.06347619966611753
cleanStatic,selection,59,58.99066136,5,6,1474516534,1475016534,5591451.856934,4601687.210914129,random5_k3,3,0.12592195426986072
cleanStatic,selection,59,58.99066136,5,6,1474516534,1475016534,5591451.856934,4601687.210914129,random1_k5,5,0.044793443924283055
cleanStatic,selection,59,58.99066136,5,6,1474516534,1475016534,5591451.856934,4601687.210914129,random2_k5,5,0.06746701965238983
cleanStatic,selection,59,58.99066136,5,6,1474516534,1475016534,5591451.856934,4601687.210914129,random3_k5,5,0.07752215966873179
cleanStatic,selection,59,58.99066136,5,6,1474516534,1475016534,5591451.856934,4601687.210914129,random4_k5,5,0.18679676129047101
cleanStatic,selection,59,58.99066136,5,6,1474516534,1475016534,5591451.856934,4601687.210914129,random5_k5,5,0.07938947525427735
cleanStatic,selection,59,58.99066136,5,6,1474516534,1475016534,5591451.856934,4601687.210914129,random1_k9,9,0.06993209343055867
cleanStatic,selection,59,58.99066136,5,6,1474516534,1475016534,5591451.856934,4601687.210914129,random2_k9,9,0.010679619083508562
cleanStatic,selection,59,58.99066136,5,6,1474516534,1475016534,5591451.856934,4601687.210914129,random3_k9,9,0.016030630178199983
cleanStatic,selection,59,58.99066136,5,6,1474516534,1475016534,5591451.856934,4601687.210914129,random4_k9,9,0.05305299915816687
cleanStatic,selection,59,58.99066136,5,6,1474516534,1475016534,5591451.856934,4601687.210914129,random5_k9,9,0.05894638811892805
cleanStatic,selection,59,58.99018816,6,7,1474504704,1475004704,5590793.720400001,4824374.918868622,dense_two_source_glrt,187,0.09934406278795083
cleanStatic,selection,59,58.99018816,6,7,1474504704,1475004704,5590793.720400001,4824374.918868622,dense_one_source_residual,187,1.3143832420331223
cleanStatic,selection,59,58.99018816,6,7,1474504704,1475004704,5590793.720400001,4824374.918868622,raw_power_only,0,5590793.720400001
cleanStatic,selection,59,58.99018816,6,7,1474504704,1475004704,5590793.720400001,4824374.918868622,analytic_sparse_k3,3,0.6597005410681991
cleanStatic,selection,59,58.99018816,6,7,1474504704,1475004704,5590793.720400001,4824374.918868622,uniform_k3,3,1.3086808150545617
cleanStatic,selection,59,58.99018816,6,7,1474504704,1475004704,5590793.720400001,4824374.918868622,shuffled_k3,3,0.6687542804369433
cleanStatic,selection,59,58.99018816,6,7,1474504704,1475004704,5590793.720400001,4824374.918868622,analytic_sparse_k5,5,0.5818188659391866
cleanStatic,selection,59,58.99018816,6,7,1474504704,1475004704,5590793.720400001,4824374.918868622,uniform_k5,5,0.9902997033486788
cleanStatic,selection,59,58.99018816,6,7,1474504704,1475004704,5590793.720400001,4824374.918868622,shuffled_k5,5,0.30465610854763436
cleanStatic,selection,59,58.99018816,6,7,1474504704,1475004704,5590793.720400001,4824374.918868622,analytic_sparse_k9,9,0.24492674109485713
cleanStatic,selection,59,58.99018816,6,7,1474504704,1475004704,5590793.720400001,4824374.918868622,uniform_k9,9,0.08033084128689517
cleanStatic,selection,59,58.99018816,6,7,1474504704,1475004704,5590793.720400001,4824374.918868622,shuffled_k9,9,0.24070498885287142
cleanStatic,selection,59,58.99018816,6,7,1474504704,1475004704,5590793.720400001,4824374.918868622,ai_sparse_k3,3,0.741576220434235
cleanStatic,selection,59,58.99018816,6,7,1474504704,1475004704,5590793.720400001,4824374.918868622,pg_scc_k3,3,0.4749085806330373
cleanStatic,selection,59,58.99018816,6,7,1474504704,1475004704,5590793.720400001,4824374.918868622,ai_sparse_k5,5,0.1681635982272957
cleanStatic,selection,59,58.99018816,6,7,1474504704,1475004704,5590793.720400001,4824374.918868622,pg_scc_k5,5,0.4293539276534868
cleanStatic,selection,59,58.99018816,6,7,1474504704,1475004704,5590793.720400001,4824374.918868622,ai_sparse_k9,9,0.2728185414600761
cleanStatic,selection,59,58.99018816,6,7,1474504704,1475004704,5590793.720400001,4824374.918868622,pg_scc_k9,9,0.46205911017985574
cleanStatic,selection,59,58.99018816,6,7,1474504704,1475004704,5590793.720400001,4824374.918868622,epl3,3,0.7221093587789672
cleanStatic,selection,59,58.99018816,6,7,1474504704,1475004704,5590793.720400001,4824374.918868622,fixed9,9,0.1357893559799771
cleanStatic,selection,59,58.99018816,6,7,1474504704,1475004704,5590793.720400001,4824374.918868622,random1_k3,3,0.9607212792522017
cleanStatic,selection,59,58.99018816,6,7,1474504704,1475004704,5590793.720400001,4824374.918868622,random2_k3,3,0.5239814862679543
cleanStatic,selection,59,58.99018816,6,7,1474504704,1475004704,5590793.720400001,4824374.918868622,random3_k3,3,0.982835792027144
cleanStatic,selection,59,58.99018816,6,7,1474504704,1475004704,5590793.720400001,4824374.918868622,random4_k3,3,0.7576312970124949
cleanStatic,selection,59,58.99018816,6,7,1474504704,1475004704,5590793.720400001,4824374.918868622,random5_k3,3,0.6611171271235339
cleanStatic,selection,59,58.99018816,6,7,1474504704,1475004704,5590793.720400001,4824374.918868622,random1_k5,5,0.1356109997123557
cleanStatic,selection,59,58.99018816,6,7,1474504704,1475004704,5590793.720400001,4824374.918868622,random2_k5,5,0.3825414285532972
cleanStatic,selection,59,58.99018816,6,7,1474504704,1475004704,5590793.720400001,4824374.918868622,random3_k5,5,0.3536389945691919
cleanStatic,selection,59,58.99018816,6,7,1474504704,1475004704,5590793.720400001,4824374.918868622,random4_k5,5,0.4886545198796373
cleanStatic,selection,59,58.99018816,6,7,1474504704,1475004704,5590793.720400001,4824374.918868622,random5_k5,5,0.6437042835769818
cleanStatic,selection,59,58.99018816,6,7,1474504704,1475004704,5590793.720400001,4824374.918868622,random1_k9,9,0.30900773463154835
cleanStatic,selection,59,58.99018816,6,7,1474504704,1475004704,5590793.720400001,4824374.918868622,random2_k9,9,0.2905747939838846
cleanStatic,selection,59,58.99018816,6,7,1474504704,1475004704,5590793.720400001,4824374.918868622,random3_k9,9,0.5797587429855906
cleanStatic,selection,59,58.99018816,6,7,1474504704,1475004704,5590793.720400001,4824374.918868622,random4_k9,9,0.44411438967796013
cleanStatic,selection,59,58.99018816,6,7,1474504704,1475004704,5590793.720400001,4824374.918868622,random5_k9,9,0.3660869396764542
cleanStatic,selection,59,58.99037208,7,10,1474509302,1475009302,5589518.834342,2295244.205886385,dense_two_source_glrt,187,0.6035213259493358
cleanStatic,selection,59,58.99037208,7,10,1474509302,1475009302,5589518.834342,2295244.205886385,dense_one_source_residual,187,1.763280338872563
cleanStatic,selection,59,58.99037208,7,10,1474509302,1475009302,5589518.834342,2295244.205886385,raw_power_only,0,5589518.834342
cleanStatic,selection,59,58.99037208,7,10,1474509302,1475009302,5589518.834342,2295244.205886385,analytic_sparse_k3,3,4.091855585789723
cleanStatic,selection,59,58.99037208,7,10,1474509302,1475009302,5589518.834342,2295244.205886385,uniform_k3,3,0.8522079603911917
cleanStatic,selection,59,58.99037208,7,10,1474509302,1475009302,5589518.834342,2295244.205886385,shuffled_k3,3,2.2555286004774344
cleanStatic,selection,59,58.99037208,7,10,1474509302,1475009302,5589518.834342,2295244.205886385,analytic_sparse_k5,5,3.9311015378970695
cleanStatic,selection,59,58.99037208,7,10,1474509302,1475009302,5589518.834342,2295244.205886385,uniform_k5,5,0.29822091718674687
cleanStatic,selection,59,58.99037208,7,10,1474509302,1475009302,5589518.834342,2295244.205886385,shuffled_k5,5,1.8874192556320626
cleanStatic,selection,59,58.99037208,7,10,1474509302,1475009302,5589518.834342,2295244.205886385,analytic_sparse_k9,9,2.3120684079551106
cleanStatic,selection,59,58.99037208,7,10,1474509302,1475009302,5589518.834342,2295244.205886385,uniform_k9,9,0.20473674762924401
cleanStatic,selection,59,58.99037208,7,10,1474509302,1475009302,5589518.834342,2295244.205886385,shuffled_k9,9,0.9602998018449731
cleanStatic,selection,59,58.99037208,7,10,1474509302,1475009302,5589518.834342,2295244.205886385,ai_sparse_k3,3,0.830699001378881
cleanStatic,selection,59,58.99037208,7,10,1474509302,1475009302,5589518.834342,2295244.205886385,pg_scc_k3,3,0.558856844946564
cleanStatic,selection,59,58.99037208,7,10,1474509302,1475009302,5589518.834342,2295244.205886385,ai_sparse_k5,5,1.01142081718952
cleanStatic,selection,59,58.99037208,7,10,1474509302,1475009302,5589518.834342,2295244.205886385,pg_scc_k5,5,0.5755400784871376
cleanStatic,selection,59,58.99037208,7,10,1474509302,1475009302,5589518.834342,2295244.205886385,ai_sparse_k9,9,0.8662049726517862
cleanStatic,selection,59,58.99037208,7,10,1474509302,1475009302,5589518.834342,2295244.205886385,pg_scc_k9,9,0.5244269912921702
cleanStatic,selection,59,58.99037208,7,10,1474509302,1475009302,5589518.834342,2295244.205886385,epl3,3,1.040301139550762
cleanStatic,selection,59,58.99037208,7,10,1474509302,1475009302,5589518.834342,2295244.205886385,fixed9,9,0.9313392957837117
cleanStatic,selection,59,58.99037208,7,10,1474509302,1475009302,5589518.834342,2295244.205886385,random1_k3,3,2.87601793787753
cleanStatic,selection,59,58.99037208,7,10,1474509302,1475009302,5589518.834342,2295244.205886385,random2_k3,3,1.5673448710080988
cleanStatic,selection,59,58.99037208,7,10,1474509302,1475009302,5589518.834342,2295244.205886385,random3_k3,3,0.21287487652831982
cleanStatic,selection,59,58.99037208,7,10,1474509302,1475009302,5589518.834342,2295244.205886385,random4_k3,3,1.2221237064505448
cleanStatic,selection,59,58.99037208,7,10,1474509302,1475009302,5589518.834342,2295244.205886385,random5_k3,3,0.8064836600823493
cleanStatic,selection,59,58.99037208,7,10,1474509302,1475009302,5589518.834342,2295244.205886385,random1_k5,5,0.36943236695742115
cleanStatic,selection,59,58.99037208,7,10,1474509302,1475009302,5589518.834342,2295244.205886385,random2_k5,5,0.6543678709014028
cleanStatic,selection,59,58.99037208,7,10,1474509302,1475009302,5589518.834342,2295244.205886385,random3_k5,5,0.6903564198563051
cleanStatic,selection,59,58.99037208,7,10,1474509302,1475009302,5589518.834342,2295244.205886385,random4_k5,5,0.24640611568051626
cleanStatic,selection,59,58.99037208,7,10,1474509302,1475009302,5589518.834342,2295244.205886385,random5_k5,5,0.5205351196126986
cleanStatic,selection,59,58.99037208,7,10,1474509302,1475009302,5589518.834342,2295244.205886385,random1_k9,9,0.748920661470167
cleanStatic,selection,59,58.99037208,7,10,1474509302,1475009302,5589518.834342,2295244.205886385,random2_k9,9,1.0207892769174758
cleanStatic,selection,59,58.99037208,7,10,1474509302,1475009302,5589518.834342,2295244.205886385,random3_k9,9,0.43840696262638584
cleanStatic,selection,59,58.99037208,7,10,1474509302,1475009302,5589518.834342,2295244.205886385,random4_k9,9,0.4377211906414505
cleanStatic,selection,59,58.99037208,7,10,1474509302,1475009302,5589518.834342,2295244.205886385,random5_k9,9,0.4180661653358108
cleanStatic,selection,59,58.99066496,8,13,1474516624,1475016624,5591598.979384,6515991.771417356,dense_two_source_glrt,187,0.09378748313050037
cleanStatic,selection,59,58.99066496,8,13,1474516624,1475016624,5591598.979384,6515991.771417356,dense_one_source_residual,187,0.3740516588557731
cleanStatic,selection,59,58.99066496,8,13,1474516624,1475016624,5591598.979384,6515991.771417356,raw_power_only,0,5591598.979384
cleanStatic,selection,59,58.99066496,8,13,1474516624,1475016624,5591598.979384,6515991.771417356,analytic_sparse_k3,3,0.08895913274597268
cleanStatic,selection,59,58.99066496,8,13,1474516624,1475016624,5591598.979384,6515991.771417356,uniform_k3,3,0.29312566647850485
cleanStatic,selection,59,58.99066496,8,13,1474516624,1475016624,5591598.979384,6515991.771417356,shuffled_k3,3,0.10014971893720226
cleanStatic,selection,59,58.99066496,8,13,1474516624,1475016624,5591598.979384,6515991.771417356,analytic_sparse_k5,5,0.17941222496274664
cleanStatic,selection,59,58.99066496,8,13,1474516624,1475016624,5591598.979384,6515991.771417356,uniform_k5,5,0.06608847692966813
cleanStatic,selection,59,58.99066496,8,13,1474516624,1475016624,5591598.979384,6515991.771417356,shuffled_k5,5,0.1441549070328899
cleanStatic,selection,59,58.99066496,8,13,1474516624,1475016624,5591598.979384,6515991.771417356,analytic_sparse_k9,9,0.21922094496122344
cleanStatic,selection,59,58.99066496,8,13,1474516624,1475016624,5591598.979384,6515991.771417356,uniform_k9,9,0.04010572490265209
cleanStatic,selection,59,58.99066496,8,13,1474516624,1475016624,5591598.979384,6515991.771417356,shuffled_k9,9,0.395935105273208
cleanStatic,selection,59,58.99066496,8,13,1474516624,1475016624,5591598.979384,6515991.771417356,ai_sparse_k3,3,0.3035193660686875
cleanStatic,selection,59,58.99066496,8,13,1474516624,1475016624,5591598.979384,6515991.771417356,pg_scc_k3,3,0.24140675570128403
cleanStatic,selection,59,58.99066496,8,13,1474516624,1475016624,5591598.979384,6515991.771417356,ai_sparse_k5,5,0.29122975708528087
cleanStatic,selection,59,58.99066496,8,13,1474516624,1475016624,5591598.979384,6515991.771417356,pg_scc_k5,5,0.16636907653764205
cleanStatic,selection,59,58.99066496,8,13,1474516624,1475016624,5591598.979384,6515991.771417356,ai_sparse_k9,9,0.31624217464371096
cleanStatic,selection,59,58.99066496,8,13,1474516624,1475016624,5591598.979384,6515991.771417356,pg_scc_k9,9,0.11505797398181929
cleanStatic,selection,59,58.99066496,8,13,1474516624,1475016624,5591598.979384,6515991.771417356,epl3,3,0.6866086676584042
cleanStatic,selection,59,58.99066496,8,13,1474516624,1475016624,5591598.979384,6515991.771417356,fixed9,9,0.307891654441809
cleanStatic,selection,59,58.99066496,8,13,1474516624,1475016624,5591598.979384,6515991.771417356,random1_k3,3,0.36714220599262126
cleanStatic,selection,59,58.99066496,8,13,1474516624,1475016624,5591598.979384,6515991.771417356,random2_k3,3,0.26446958006747323
cleanStatic,selection,59,58.99066496,8,13,1474516624,1475016624,5591598.979384,6515991.771417356,random3_k3,3,0.18281364114864904
cleanStatic,selection,59,58.99066496,8,13,1474516624,1475016624,5591598.979384,6515991.771417356,random4_k3,3,0.17535588192076337
cleanStatic,selection,59,58.99066496,8,13,1474516624,1475016624,5591598.979384,6515991.771417356,random5_k3,3,0.12226928743827653
cleanStatic,selection,59,58.99066496,8,13,1474516624,1475016624,5591598.979384,6515991.771417356,random1_k5,5,0.06047519053784898
cleanStatic,selection,59,58.99066496,8,13,1474516624,1475016624,5591598.979384,6515991.771417356,random2_k5,5,0.13996135690852424
cleanStatic,selection,59,58.99066496,8,13,1474516624,1475016624,5591598.979384,6515991.771417356,random3_k5,5,0.2291526440654402
cleanStatic,selection,59,58.99066496,8,13,1474516624,1475016624,5591598.979384,6515991.771417356,random4_k5,5,0.11039576091505343
cleanStatic,selection,59,58.99066496,8,13,1474516624,1475016624,5591598.979384,6515991.771417356,random5_k5,5,0.19460925577058133
cleanStatic,selection,59,58.99066496,8,13,1474516624,1475016624,5591598.979384,6515991.771417356,random1_k9,9,0.2579562802362639
cleanStatic,selection,59,58.99066496,8,13,1474516624,1475016624,5591598.979384,6515991.771417356,random2_k9,9,0.20682988306614494
cleanStatic,selection,59,58.99066496,8,13,1474516624,1475016624,5591598.979384,6515991.771417356,random3_k9,9,0.13928831554439258
cleanStatic,selection,59,58.99066496,8,13,1474516624,1475016624,5591598.979384,6515991.771417356,random4_k9,9,0.24678759584639776
cleanStatic,selection,59,58.99066496,8,13,1474516624,1475016624,5591598.979384,6515991.771417356,random5_k9,9,0.20743594206611504
cleanStatic,selection,59,59.00749728,9,19,1474937432,1475437432,5583469.2657860005,4696966.621134851,dense_two_source_glrt,187,0.3432128849457792
cleanStatic,selection,59,59.00749728,9,19,1474937432,1475437432,5583469.2657860005,4696966.621134851,dense_one_source_residual,187,1.0382212037930725
cleanStatic,selection,59,59.00749728,9,19,1474937432,1475437432,5583469.2657860005,4696966.621134851,raw_power_only,0,5583469.2657860005
cleanStatic,selection,59,59.00749728,9,19,1474937432,1475437432,5583469.2657860005,4696966.621134851,analytic_sparse_k3,3,0.05868806803405611
cleanStatic,selection,59,59.00749728,9,19,1474937432,1475437432,5583469.2657860005,4696966.621134851,uniform_k3,3,0.16574274176920165
cleanStatic,selection,59,59.00749728,9,19,1474937432,1475437432,5583469.2657860005,4696966.621134851,shuffled_k3,3,0.3000153353303298
cleanStatic,selection,59,59.00749728,9,19,1474937432,1475437432,5583469.2657860005,4696966.621134851,analytic_sparse_k5,5,0.2179303325781416
cleanStatic,selection,59,59.00749728,9,19,1474937432,1475437432,5583469.2657860005,4696966.621134851,uniform_k5,5,0.08109246909207606
cleanStatic,selection,59,59.00749728,9,19,1474937432,1475437432,5583469.2657860005,4696966.621134851,shuffled_k5,5,0.1949316168599115
cleanStatic,selection,59,59.00749728,9,19,1474937432,1475437432,5583469.2657860005,4696966.621134851,analytic_sparse_k9,9,0.30798231194957026
cleanStatic,selection,59,59.00749728,9,19,1474937432,1475437432,5583469.2657860005,4696966.621134851,uniform_k9,9,0.06422195233477909
cleanStatic,selection,59,59.00749728,9,19,1474937432,1475437432,5583469.2657860005,4696966.621134851,shuffled_k9,9,1.0742429693480717
cleanStatic,selection,59,59.00749728,9,19,1474937432,1475437432,5583469.2657860005,4696966.621134851,ai_sparse_k3,3,2.0880378965003783
cleanStatic,selection,59,59.00749728,9,19,1474937432,1475437432,5583469.2657860005,4696966.621134851,pg_scc_k3,3,2.0447555161556417
cleanStatic,selection,59,59.00749728,9,19,1474937432,1475437432,5583469.2657860005,4696966.621134851,ai_sparse_k5,5,1.2771820116503652
cleanStatic,selection,59,59.00749728,9,19,1474937432,1475437432,5583469.2657860005,4696966.621134851,pg_scc_k5,5,0.2959501071660382
cleanStatic,selection,59,59.00749728,9,19,1474937432,1475437432,5583469.2657860005,4696966.621134851,ai_sparse_k9,9,0.9883682997901272
cleanStatic,selection,59,59.00749728,9,19,1474937432,1475437432,5583469.2657860005,4696966.621134851,pg_scc_k9,9,0.2707545069118559
cleanStatic,selection,59,59.00749728,9,19,1474937432,1475437432,5583469.2657860005,4696966.621134851,epl3,3,1.3994748499956842
cleanStatic,selection,59,59.00749728,9,19,1474937432,1475437432,5583469.2657860005,4696966.621134851,fixed9,9,1.5520184212980266
cleanStatic,selection,59,59.00749728,9,19,1474937432,1475437432,5583469.2657860005,4696966.621134851,random1_k3,3,0.8498874121315759
cleanStatic,selection,59,59.00749728,9,19,1474937432,1475437432,5583469.2657860005,4696966.621134851,random2_k3,3,0.13898288563779407
cleanStatic,selection,59,59.00749728,9,19,1474937432,1475437432,5583469.2657860005,4696966.621134851,random3_k3,3,1.9567684211886052
cleanStatic,selection,59,59.00749728,9,19,1474937432,1475437432,5583469.2657860005,4696966.621134851,random4_k3,3,0.14162015898057576
cleanStatic,selection,59,59.00749728,9,19,1474937432,1475437432,5583469.2657860005,4696966.621134851,random5_k3,3,0.07776336307145588
cleanStatic,selection,59,59.00749728,9,19,1474937432,1475437432,5583469.2657860005,4696966.621134851,random1_k5,5,0.6792413243170865
cleanStatic,selection,59,59.00749728,9,19,1474937432,1475437432,5583469.2657860005,4696966.621134851,random2_k5,5,0.274288613042766
cleanStatic,selection,59,59.00749728,9,19,1474937432,1475437432,5583469.2657860005,4696966.621134851,random3_k5,5,0.44368252706772227
cleanStatic,selection,59,59.00749728,9,19,1474937432,1475437432,5583469.2657860005,4696966.621134851,random4_k5,5,0.5436753273648941
cleanStatic,selection,59,59.00749728,9,19,1474937432,1475437432,5583469.2657860005,4696966.621134851,random5_k5,5,0.5022698801983969
cleanStatic,selection,59,59.00749728,9,19,1474937432,1475437432,5583469.2657860005,4696966.621134851,random1_k9,9,0.6828997660278232
cleanStatic,selection,59,59.00749728,9,19,1474937432,1475437432,5583469.2657860005,4696966.621134851,random2_k9,9,0.357321318721615
cleanStatic,selection,59,59.00749728,9,19,1474937432,1475437432,5583469.2657860005,4696966.621134851,random3_k9,9,0.6359678812504057
cleanStatic,selection,59,59.00749728,9,19,1474937432,1475437432,5583469.2657860005,4696966.621134851,random4_k9,9,0.5959202335532745
cleanStatic,selection,59,59.00749728,9,19,1474937432,1475437432,5583469.2657860005,4696966.621134851,random5_k9,9,0.4480344472088307
cleanStatic,selection,59,58.99061772,10,23,1474515443,1475015443,5590866.520594,6698211.361733063,dense_two_source_glrt,187,0.031219958798971336
cleanStatic,selection,59,58.99061772,10,23,1474515443,1475015443,5590866.520594,6698211.361733063,dense_one_source_residual,187,0.22101925193483293
cleanStatic,selection,59,58.99061772,10,23,1474515443,1475015443,5590866.520594,6698211.361733063,raw_power_only,0,5590866.520594
cleanStatic,selection,59,58.99061772,10,23,1474515443,1475015443,5590866.520594,6698211.361733063,analytic_sparse_k3,3,0.10170631708918003
cleanStatic,selection,59,58.99061772,10,23,1474515443,1475015443,5590866.520594,6698211.361733063,uniform_k3,3,0.1605131122998937
cleanStatic,selection,59,58.99061772,10,23,1474515443,1475015443,5590866.520594,6698211.361733063,shuffled_k3,3,0.029461198221808194
cleanStatic,selection,59,58.99061772,10,23,1474515443,1475015443,5590866.520594,6698211.361733063,analytic_sparse_k5,5,0.05968888064892293
cleanStatic,selection,59,58.99061772,10,23,1474515443,1475015443,5590866.520594,6698211.361733063,uniform_k5,5,0.1516097762050646
cleanStatic,selection,59,58.99061772,10,23,1474515443,1475015443,5590866.520594,6698211.361733063,shuffled_k5,5,0.034431830075118894
cleanStatic,selection,59,58.99061772,10,23,1474515443,1475015443,5590866.520594,6698211.361733063,analytic_sparse_k9,9,0.023938183051751202
cleanStatic,selection,59,58.99061772,10,23,1474515443,1475015443,5590866.520594,6698211.361733063,uniform_k9,9,0.03379527826983401
cleanStatic,selection,59,58.99061772,10,23,1474515443,1475015443,5590866.520594,6698211.361733063,shuffled_k9,9,0.036614440245816234
cleanStatic,selection,59,58.99061772,10,23,1474515443,1475015443,5590866.520594,6698211.361733063,ai_sparse_k3,3,0.05599539667724097
cleanStatic,selection,59,58.99061772,10,23,1474515443,1475015443,5590866.520594,6698211.361733063,pg_scc_k3,3,0.15504501792222455
cleanStatic,selection,59,58.99061772,10,23,1474515443,1475015443,5590866.520594,6698211.361733063,ai_sparse_k5,5,0.04476197689878654
cleanStatic,selection,59,58.99061772,10,23,1474515443,1475015443,5590866.520594,6698211.361733063,pg_scc_k5,5,0.146956177245536
cleanStatic,selection,59,58.99061772,10,23,1474515443,1475015443,5590866.520594,6698211.361733063,ai_sparse_k9,9,0.08182778507763538
cleanStatic,selection,59,58.99061772,10,23,1474515443,1475015443,5590866.520594,6698211.361733063,pg_scc_k9,9,0.05995375408054652
cleanStatic,selection,59,58.99061772,10,23,1474515443,1475015443,5590866.520594,6698211.361733063,epl3,3,0.051548157424830106
cleanStatic,selection,59,58.99061772,10,23,1474515443,1475015443,5590866.520594,6698211.361733063,fixed9,9,0.11068798233442924
cleanStatic,selection,59,58.99061772,10,23,1474515443,1475015443,5590866.520594,6698211.361733063,random1_k3,3,0.21817523181756482
cleanStatic,selection,59,58.99061772,10,23,1474515443,1475015443,5590866.520594,6698211.361733063,random2_k3,3,0.04499223528014302
cleanStatic,selection,59,58.99061772,10,23,1474515443,1475015443,5590866.520594,6698211.361733063,random3_k3,3,0.14684015616715182
cleanStatic,selection,59,58.99061772,10,23,1474515443,1475015443,5590866.520594,6698211.361733063,random4_k3,3,0.07625519760391276
cleanStatic,selection,59,58.99061772,10,23,1474515443,1475015443,5590866.520594,6698211.361733063,random5_k3,3,0.06887640589883444
cleanStatic,selection,59,58.99061772,10,23,1474515443,1475015443,5590866.520594,6698211.361733063,random1_k5,5,0.0839103184233297
cleanStatic,selection,59,58.99061772,10,23,1474515443,1475015443,5590866.520594,6698211.361733063,random2_k5,5,0.08043692910438968
cleanStatic,selection,59,58.99061772,10,23,1474515443,1475015443,5590866.520594,6698211.361733063,random3_k5,5,0.16376918721041628
cleanStatic,selection,59,58.99061772,10,23,1474515443,1475015443,5590866.520594,6698211.361733063,random4_k5,5,0.12758240680122984
cleanStatic,selection,59,58.99061772,10,23,1474515443,1475015443,5590866.520594,6698211.361733063,random5_k5,5,0.03362928912964176
cleanStatic,selection,59,58.99061772,10,23,1474515443,1475015443,5590866.520594,6698211.361733063,random1_k9,9,0.09640741234659142
cleanStatic,selection,59,58.99061772,10,23,1474515443,1475015443,5590866.520594,6698211.361733063,random2_k9,9,0.06543701100372501
cleanStatic,selection,59,58.99061772,10,23,1474515443,1475015443,5590866.520594,6698211.361733063,random3_k9,9,0.05984180743934642
cleanStatic,selection,59,58.99061772,10,23,1474515443,1475015443,5590866.520594,6698211.361733063,random4_k9,9,0.09499611156442124
cleanStatic,selection,59,58.99061772,10,23,1474515443,1475015443,5590866.520594,6698211.361733063,random5_k9,9,0.23986011517263023
cleanStatic,selection,61,60.99031172,0,16,1524507793,1525007793,5489850.2248060005,4809764.394288188,dense_two_source_glrt,187,0.05677001488348812
cleanStatic,selection,61,60.99031172,0,16,1524507793,1525007793,5489850.2248060005,4809764.394288188,dense_one_source_residual,187,0.5759073829929622
cleanStatic,selection,61,60.99031172,0,16,1524507793,1525007793,5489850.2248060005,4809764.394288188,raw_power_only,0,5489850.2248060005
cleanStatic,selection,61,60.99031172,0,16,1524507793,1525007793,5489850.2248060005,4809764.394288188,analytic_sparse_k3,3,0.1151652425815725
cleanStatic,selection,61,60.99031172,0,16,1524507793,1525007793,5489850.2248060005,4809764.394288188,uniform_k3,3,0.3756608372244629
cleanStatic,selection,61,60.99031172,0,16,1524507793,1525007793,5489850.2248060005,4809764.394288188,shuffled_k3,3,0.20854611525615332
cleanStatic,selection,61,60.99031172,0,16,1524507793,1525007793,5489850.2248060005,4809764.394288188,analytic_sparse_k5,5,0.25763352725240873
cleanStatic,selection,61,60.99031172,0,16,1524507793,1525007793,5489850.2248060005,4809764.394288188,uniform_k5,5,0.17526040658469572
cleanStatic,selection,61,60.99031172,0,16,1524507793,1525007793,5489850.2248060005,4809764.394288188,shuffled_k5,5,0.0516296356174812
cleanStatic,selection,61,60.99031172,0,16,1524507793,1525007793,5489850.2248060005,4809764.394288188,analytic_sparse_k9,9,0.13689406896820153
cleanStatic,selection,61,60.99031172,0,16,1524507793,1525007793,5489850.2248060005,4809764.394288188,uniform_k9,9,0.031459854144193306
cleanStatic,selection,61,60.99031172,0,16,1524507793,1525007793,5489850.2248060005,4809764.394288188,shuffled_k9,9,0.2933887610603536
cleanStatic,selection,61,60.99031172,0,16,1524507793,1525007793,5489850.2248060005,4809764.394288188,ai_sparse_k3,3,0.41674641860725004
cleanStatic,selection,61,60.99031172,0,16,1524507793,1525007793,5489850.2248060005,4809764.394288188,pg_scc_k3,3,0.2991326548784439
cleanStatic,selection,61,60.99031172,0,16,1524507793,1525007793,5489850.2248060005,4809764.394288188,ai_sparse_k5,5,0.42481770229077415
cleanStatic,selection,61,60.99031172,0,16,1524507793,1525007793,5489850.2248060005,4809764.394288188,pg_scc_k5,5,0.1426348308610074
cleanStatic,selection,61,60.99031172,0,16,1524507793,1525007793,5489850.2248060005,4809764.394288188,ai_sparse_k9,9,0.44959750601147824
cleanStatic,selection,61,60.99031172,0,16,1524507793,1525007793,5489850.2248060005,4809764.394288188,pg_scc_k9,9,0.10770370157710711
cleanStatic,selection,61,60.99031172,0,16,1524507793,1525007793,5489850.2248060005,4809764.394288188,epl3,3,0.40330860784416483
cleanStatic,selection,61,60.99031172,0,16,1524507793,1525007793,5489850.2248060005,4809764.394288188,fixed9,9,0.39262341544769963
cleanStatic,selection,61,60.99031172,0,16,1524507793,1525007793,5489850.2248060005,4809764.394288188,random1_k3,3,0.6915295663216684
cleanStatic,selection,61,60.99031172,0,16,1524507793,1525007793,5489850.2248060005,4809764.394288188,random2_k3,3,0.21236027927386436
cleanStatic,selection,61,60.99031172,0,16,1524507793,1525007793,5489850.2248060005,4809764.394288188,random3_k3,3,0.6148674409335608
cleanStatic,selection,61,60.99031172,0,16,1524507793,1525007793,5489850.2248060005,4809764.394288188,random4_k3,3,0.275806042889094
cleanStatic,selection,61,60.99031172,0,16,1524507793,1525007793,5489850.2248060005,4809764.394288188,random5_k3,3,0.06673089574867642
cleanStatic,selection,61,60.99031172,0,16,1524507793,1525007793,5489850.2248060005,4809764.394288188,random1_k5,5,0.2346421737046033
cleanStatic,selection,61,60.99031172,0,16,1524507793,1525007793,5489850.2248060005,4809764.394288188,random2_k5,5,0.05957137102958461
cleanStatic,selection,61,60.99031172,0,16,1524507793,1525007793,5489850.2248060005,4809764.394288188,random3_k5,5,0.14921135469255456
cleanStatic,selection,61,60.99031172,0,16,1524507793,1525007793,5489850.2248060005,4809764.394288188,random4_k5,5,0.17062256648772944
cleanStatic,selection,61,60.99031172,0,16,1524507793,1525007793,5489850.2248060005,4809764.394288188,random5_k5,5,0.30389381604714244
cleanStatic,selection,61,60.99031172,0,16,1524507793,1525007793,5489850.2248060005,4809764.394288188,random1_k9,9,0.3350201944562153
cleanStatic,selection,61,60.99031172,0,16,1524507793,1525007793,5489850.2248060005,4809764.394288188,random2_k9,9,0.0474318955916783
cleanStatic,selection,61,60.99031172,0,16,1524507793,1525007793,5489850.2248060005,4809764.394288188,random3_k9,9,0.28120675288760705
cleanStatic,selection,61,60.99031172,0,16,1524507793,1525007793,5489850.2248060005,4809764.394288188,random4_k9,9,0.29401612356925955
cleanStatic,selection,61,60.99031172,0,16,1524507793,1525007793,5489850.2248060005,4809764.394288188,random5_k9,9,0.353864503523063
cleanStatic,selection,61,60.99153968,2,3,1524538492,1525038492,5492452.6010219995,5792733.654115619,dense_two_source_glrt,187,0.046619203743328654
cleanStatic,selection,61,60.99153968,2,3,1524538492,1525038492,5492452.6010219995,5792733.654115619,dense_one_source_residual,187,0.29772982331265035
cleanStatic,selection,61,60.99153968,2,3,1524538492,1525038492,5492452.6010219995,5792733.654115619,raw_power_only,0,5492452.6010219995
cleanStatic,selection,61,60.99153968,2,3,1524538492,1525038492,5492452.6010219995,5792733.654115619,analytic_sparse_k3,3,0.02393915248353681
cleanStatic,selection,61,60.99153968,2,3,1524538492,1525038492,5492452.6010219995,5792733.654115619,uniform_k3,3,0.17651311577089915
cleanStatic,selection,61,60.99153968,2,3,1524538492,1525038492,5492452.6010219995,5792733.654115619,shuffled_k3,3,0.1594989896497158
cleanStatic,selection,61,60.99153968,2,3,1524538492,1525038492,5492452.6010219995,5792733.654115619,analytic_sparse_k5,5,0.03256131277044797
cleanStatic,selection,61,60.99153968,2,3,1524538492,1525038492,5492452.6010219995,5792733.654115619,uniform_k5,5,0.11739153664431376
cleanStatic,selection,61,60.99153968,2,3,1524538492,1525038492,5492452.6010219995,5792733.654115619,shuffled_k5,5,0.0527175251473284
cleanStatic,selection,61,60.99153968,2,3,1524538492,1525038492,5492452.6010219995,5792733.654115619,analytic_sparse_k9,9,0.02609743079809257
cleanStatic,selection,61,60.99153968,2,3,1524538492,1525038492,5492452.6010219995,5792733.654115619,uniform_k9,9,0.04914317077725652
cleanStatic,selection,61,60.99153968,2,3,1524538492,1525038492,5492452.6010219995,5792733.654115619,shuffled_k9,9,0.20503158358039864
cleanStatic,selection,61,60.99153968,2,3,1524538492,1525038492,5492452.6010219995,5792733.654115619,ai_sparse_k3,3,0.3482255659873179
cleanStatic,selection,61,60.99153968,2,3,1524538492,1525038492,5492452.6010219995,5792733.654115619,pg_scc_k3,3,0.23997179355153694
cleanStatic,selection,61,60.99153968,2,3,1524538492,1525038492,5492452.6010219995,5792733.654115619,ai_sparse_k5,5,0.3119566954447051
cleanStatic,selection,61,60.99153968,2,3,1524538492,1525038492,5492452.6010219995,5792733.654115619,pg_scc_k5,5,0.07846784026989653
cleanStatic,selection,61,60.99153968,2,3,1524538492,1525038492,5492452.6010219995,5792733.654115619,ai_sparse_k9,9,0.07746015725902719
cleanStatic,selection,61,60.99153968,2,3,1524538492,1525038492,5492452.6010219995,5792733.654115619,pg_scc_k9,9,0.06962486178107355
cleanStatic,selection,61,60.99153968,2,3,1524538492,1525038492,5492452.6010219995,5792733.654115619,epl3,3,0.5288818972495122
cleanStatic,selection,61,60.99153968,2,3,1524538492,1525038492,5492452.6010219995,5792733.654115619,fixed9,9,0.25518266505349707
cleanStatic,selection,61,60.99153968,2,3,1524538492,1525038492,5492452.6010219995,5792733.654115619,random1_k3,3,0.2661341074397667
cleanStatic,selection,61,60.99153968,2,3,1524538492,1525038492,5492452.6010219995,5792733.654115619,random2_k3,3,0.12281785548358148
cleanStatic,selection,61,60.99153968,2,3,1524538492,1525038492,5492452.6010219995,5792733.654115619,random3_k3,3,0.31379802151722314
cleanStatic,selection,61,60.99153968,2,3,1524538492,1525038492,5492452.6010219995,5792733.654115619,random4_k3,3,0.033799998665521275
cleanStatic,selection,61,60.99153968,2,3,1524538492,1525038492,5492452.6010219995,5792733.654115619,random5_k3,3,0.0800025105618528
cleanStatic,selection,61,60.99153968,2,3,1524538492,1525038492,5492452.6010219995,5792733.654115619,random1_k5,5,0.23860567929346926
cleanStatic,selection,61,60.99153968,2,3,1524538492,1525038492,5492452.6010219995,5792733.654115619,random2_k5,5,0.0685407323662119
cleanStatic,selection,61,60.99153968,2,3,1524538492,1525038492,5492452.6010219995,5792733.654115619,random3_k5,5,0.2048529727187276
cleanStatic,selection,61,60.99153968,2,3,1524538492,1525038492,5492452.6010219995,5792733.654115619,random4_k5,5,0.09179978892340576
cleanStatic,selection,61,60.99153968,2,3,1524538492,1525038492,5492452.6010219995,5792733.654115619,random5_k5,5,0.3208131557623375
cleanStatic,selection,61,60.99153968,2,3,1524538492,1525038492,5492452.6010219995,5792733.654115619,random1_k9,9,0.229826143281055
cleanStatic,selection,61,60.99153968,2,3,1524538492,1525038492,5492452.6010219995,5792733.654115619,random2_k9,9,0.09080222486453736
cleanStatic,selection,61,60.99153968,2,3,1524538492,1525038492,5492452.6010219995,5792733.654115619,random3_k9,9,0.24096566787176021
cleanStatic,selection,61,60.99153968,2,3,1524538492,1525038492,5492452.6010219995,5792733.654115619,random4_k9,9,0.10468262721936004
cleanStatic,selection,61,60.99153968,2,3,1524538492,1525038492,5492452.6010219995,5792733.654115619,random5_k9,9,0.05955556667202163
cleanStatic,selection,61,60.99236056,3,20,1524559014,1525059014,5491165.513792,2175698.9027307685,dense_two_source_glrt,187,0.3192127043456491
cleanStatic,selection,61,60.99236056,3,20,1524559014,1525059014,5491165.513792,2175698.9027307685,dense_one_source_residual,187,2.370270672012842
cleanStatic,selection,61,60.99236056,3,20,1524559014,1525059014,5491165.513792,2175698.9027307685,raw_power_only,0,5491165.513792
cleanStatic,selection,61,60.99236056,3,20,1524559014,1525059014,5491165.513792,2175698.9027307685,analytic_sparse_k3,3,0.8999691745232924
cleanStatic,selection,61,60.99236056,3,20,1524559014,1525059014,5491165.513792,2175698.9027307685,uniform_k3,3,7.345083046545411
cleanStatic,selection,61,60.99236056,3,20,1524559014,1525059014,5491165.513792,2175698.9027307685,shuffled_k3,3,0.7471803277131768
cleanStatic,selection,61,60.99236056,3,20,1524559014,1525059014,5491165.513792,2175698.9027307685,analytic_sparse_k5,5,1.0052386280851437
cleanStatic,selection,61,60.99236056,3,20,1524559014,1525059014,5491165.513792,2175698.9027307685,uniform_k5,5,4.215657676698129
cleanStatic,selection,61,60.99236056,3,20,1524559014,1525059014,5491165.513792,2175698.9027307685,shuffled_k5,5,1.149729435558798
cleanStatic,selection,61,60.99236056,3,20,1524559014,1525059014,5491165.513792,2175698.9027307685,analytic_sparse_k9,9,1.2337477642416297
cleanStatic,selection,61,60.99236056,3,20,1524559014,1525059014,5491165.513792,2175698.9027307685,uniform_k9,9,1.0802423480851557
cleanStatic,selection,61,60.99236056,3,20,1524559014,1525059014,5491165.513792,2175698.9027307685,shuffled_k9,9,0.4682740835100449
cleanStatic,selection,61,60.99236056,3,20,1524559014,1525059014,5491165.513792,2175698.9027307685,ai_sparse_k3,3,0.939049563020785
cleanStatic,selection,61,60.99236056,3,20,1524559014,1525059014,5491165.513792,2175698.9027307685,pg_scc_k3,3,1.0059138838666983
cleanStatic,selection,61,60.99236056,3,20,1524559014,1525059014,5491165.513792,2175698.9027307685,ai_sparse_k5,5,0.7173755222976607
cleanStatic,selection,61,60.99236056,3,20,1524559014,1525059014,5491165.513792,2175698.9027307685,pg_scc_k5,5,1.0160236446806592
cleanStatic,selection,61,60.99236056,3,20,1524559014,1525059014,5491165.513792,2175698.9027307685,ai_sparse_k9,9,0.06386805365643136
cleanStatic,selection,61,60.99236056,3,20,1524559014,1525059014,5491165.513792,2175698.9027307685,pg_scc_k9,9,0.7543922966012249
cleanStatic,selection,61,60.99236056,3,20,1524559014,1525059014,5491165.513792,2175698.9027307685,epl3,3,0.13307549094972282
cleanStatic,selection,61,60.99236056,3,20,1524559014,1525059014,5491165.513792,2175698.9027307685,fixed9,9,0.13288933395698146
cleanStatic,selection,61,60.99236056,3,20,1524559014,1525059014,5491165.513792,2175698.9027307685,random1_k3,3,0.22229437437473065
cleanStatic,selection,61,60.99236056,3,20,1524559014,1525059014,5491165.513792,2175698.9027307685,random2_k3,3,1.4859530300972699
cleanStatic,selection,61,60.99236056,3,20,1524559014,1525059014,5491165.513792,2175698.9027307685,random3_k3,3,0.4477741046681347
cleanStatic,selection,61,60.99236056,3,20,1524559014,1525059014,5491165.513792,2175698.9027307685,random4_k3,3,0.8059329818513793
cleanStatic,selection,61,60.99236056,3,20,1524559014,1525059014,5491165.513792,2175698.9027307685,random5_k3,3,1.0493793870516255
cleanStatic,selection,61,60.99236056,3,20,1524559014,1525059014,5491165.513792,2175698.9027307685,random1_k5,5,0.6467107237820302
cleanStatic,selection,61,60.99236056,3,20,1524559014,1525059014,5491165.513792,2175698.9027307685,random2_k5,5,1.7324444278542146
cleanStatic,selection,61,60.99236056,3,20,1524559014,1525059014,5491165.513792,2175698.9027307685,random3_k5,5,1.4308744881889728
cleanStatic,selection,61,60.99236056,3,20,1524559014,1525059014,5491165.513792,2175698.9027307685,random4_k5,5,1.1282067155413726
cleanStatic,selection,61,60.99236056,3,20,1524559014,1525059014,5491165.513792,2175698.9027307685,random5_k5,5,1.0566609787928622
cleanStatic,selection,61,60.99236056,3,20,1524559014,1525059014,5491165.513792,2175698.9027307685,random1_k9,9,0.5798249999966596
cleanStatic,selection,61,60.99236056,3,20,1524559014,1525059014,5491165.513792,2175698.9027307685,random2_k9,9,0.7961709235704125
cleanStatic,selection,61,60.99236056,3,20,1524559014,1525059014,5491165.513792,2175698.9027307685,random3_k9,9,0.3653899910762577
cleanStatic,selection,61,60.99236056,3,20,1524559014,1525059014,5491165.513792,2175698.9027307685,random4_k9,9,0.9050650038033532
cleanStatic,selection,61,60.99236056,3,20,1524559014,1525059014,5491165.513792,2175698.9027307685,random5_k9,9,0.46211001354404246
cleanStatic,selection,61,61.03667188,4,30,1525666797,1526166797,5500239.955024,1960231.032677681,dense_two_source_glrt,187,0.4570789002146128
cleanStatic,selection,61,61.03667188,4,30,1525666797,1526166797,5500239.955024,1960231.032677681,dense_one_source_residual,187,1.90345505539819
cleanStatic,selection,61,61.03667188,4,30,1525666797,1526166797,5500239.955024,1960231.032677681,raw_power_only,0,5500239.955024
cleanStatic,selection,61,61.03667188,4,30,1525666797,1526166797,5500239.955024,1960231.032677681,analytic_sparse_k3,3,1.122475831446137
cleanStatic,selection,61,61.03667188,4,30,1525666797,1526166797,5500239.955024,1960231.032677681,uniform_k3,3,1.2277879798199391
cleanStatic,selection,61,61.03667188,4,30,1525666797,1526166797,5500239.955024,1960231.032677681,shuffled_k3,3,0.6826473119073979
cleanStatic,selection,61,61.03667188,4,30,1525666797,1526166797,5500239.955024,1960231.032677681,analytic_sparse_k5,5,1.2333840031941885
cleanStatic,selection,61,61.03667188,4,30,1525666797,1526166797,5500239.955024,1960231.032677681,uniform_k5,5,0.4005235686379711
cleanStatic,selection,61,61.03667188,4,30,1525666797,1526166797,5500239.955024,1960231.032677681,shuffled_k5,5,0.2917410632043424
cleanStatic,selection,61,61.03667188,4,30,1525666797,1526166797,5500239.955024,1960231.032677681,analytic_sparse_k9,9,0.5421471499627681
cleanStatic,selection,61,61.03667188,4,30,1525666797,1526166797,5500239.955024,1960231.032677681,uniform_k9,9,0.34710403969878495
cleanStatic,selection,61,61.03667188,4,30,1525666797,1526166797,5500239.955024,1960231.032677681,shuffled_k9,9,0.3477930391372808
cleanStatic,selection,61,61.03667188,4,30,1525666797,1526166797,5500239.955024,1960231.032677681,ai_sparse_k3,3,0.9028963562677864
cleanStatic,selection,61,61.03667188,4,30,1525666797,1526166797,5500239.955024,1960231.032677681,pg_scc_k3,3,1.0980944328787632
cleanStatic,selection,61,61.03667188,4,30,1525666797,1526166797,5500239.955024,1960231.032677681,ai_sparse_k5,5,0.7192570536306336
cleanStatic,selection,61,61.03667188,4,30,1525666797,1526166797,5500239.955024,1960231.032677681,pg_scc_k5,5,0.7881386010215211
cleanStatic,selection,61,61.03667188,4,30,1525666797,1526166797,5500239.955024,1960231.032677681,ai_sparse_k9,9,1.010127503795609
cleanStatic,selection,61,61.03667188,4,30,1525666797,1526166797,5500239.955024,1960231.032677681,pg_scc_k9,9,0.49781131563716535
cleanStatic,selection,61,61.03667188,4,30,1525666797,1526166797,5500239.955024,1960231.032677681,epl3,3,0.8900971151014657
cleanStatic,selection,61,61.03667188,4,30,1525666797,1526166797,5500239.955024,1960231.032677681,fixed9,9,0.2521037508995104
cleanStatic,selection,61,61.03667188,4,30,1525666797,1526166797,5500239.955024,1960231.032677681,random1_k3,3,0.8210192360483508
cleanStatic,selection,61,61.03667188,4,30,1525666797,1526166797,5500239.955024,1960231.032677681,random2_k3,3,2.229365687378961
cleanStatic,selection,61,61.03667188,4,30,1525666797,1526166797,5500239.955024,1960231.032677681,random3_k3,3,0.6605225101422233
cleanStatic,selection,61,61.03667188,4,30,1525666797,1526166797,5500239.955024,1960231.032677681,random4_k3,3,1.1172884145281532
cleanStatic,selection,61,61.03667188,4,30,1525666797,1526166797,5500239.955024,1960231.032677681,random5_k3,3,1.9152787451676698
cleanStatic,selection,61,61.03667188,4,30,1525666797,1526166797,5500239.955024,1960231.032677681,random1_k5,5,1.2401192347939274
cleanStatic,selection,61,61.03667188,4,30,1525666797,1526166797,5500239.955024,1960231.032677681,random2_k5,5,0.030036733464252084
cleanStatic,selection,61,61.03667188,4,30,1525666797,1526166797,5500239.955024,1960231.032677681,random3_k5,5,0.3640326340370964
cleanStatic,selection,61,61.03667188,4,30,1525666797,1526166797,5500239.955024,1960231.032677681,random4_k5,5,1.1337824766796785
cleanStatic,selection,61,61.03667188,4,30,1525666797,1526166797,5500239.955024,1960231.032677681,random5_k5,5,0.8570346290938735
cleanStatic,selection,61,61.03667188,4,30,1525666797,1526166797,5500239.955024,1960231.032677681,random1_k9,9,0.5381709303922416
cleanStatic,selection,61,61.03667188,4,30,1525666797,1526166797,5500239.955024,1960231.032677681,random2_k9,9,0.7578074402598765
cleanStatic,selection,61,61.03667188,4,30,1525666797,1526166797,5500239.955024,1960231.032677681,random3_k9,9,0.314349632864533
cleanStatic,selection,61,61.03667188,4,30,1525666797,1526166797,5500239.955024,1960231.032677681,random4_k9,9,1.0615775407469026
cleanStatic,selection,61,61.03667188,4,30,1525666797,1526166797,5500239.955024,1960231.032677681,random5_k9,9,0.2866672374276753
cleanStatic,selection,61,61.00966208,5,6,1524991552,1525491552,5502770.321358001,4537035.295852146,dense_two_source_glrt,187,0.06805192281368494
cleanStatic,selection,61,61.00966208,5,6,1524991552,1525491552,5502770.321358001,4537035.295852146,dense_one_source_residual,187,0.4446564229205371
cleanStatic,selection,61,61.00966208,5,6,1524991552,1525491552,5502770.321358001,4537035.295852146,raw_power_only,0,5502770.321358001
cleanStatic,selection,61,61.00966208,5,6,1524991552,1525491552,5502770.321358001,4537035.295852146,analytic_sparse_k3,3,0.19228670009966511
cleanStatic,selection,61,61.00966208,5,6,1524991552,1525491552,5502770.321358001,4537035.295852146,uniform_k3,3,0.18183338832010962
cleanStatic,selection,61,61.00966208,5,6,1524991552,1525491552,5502770.321358001,4537035.295852146,shuffled_k3,3,0.5392430729949766
cleanStatic,selection,61,61.00966208,5,6,1524991552,1525491552,5502770.321358001,4537035.295852146,analytic_sparse_k5,5,0.3236846615862353
cleanStatic,selection,61,61.00966208,5,6,1524991552,1525491552,5502770.321358001,4537035.295852146,uniform_k5,5,0.06187823408336497
cleanStatic,selection,61,61.00966208,5,6,1524991552,1525491552,5502770.321358001,4537035.295852146,shuffled_k5,5,0.21218258455996475
cleanStatic,selection,61,61.00966208,5,6,1524991552,1525491552,5502770.321358001,4537035.295852146,analytic_sparse_k9,9,0.17973223405619299
cleanStatic,selection,61,61.00966208,5,6,1524991552,1525491552,5502770.321358001,4537035.295852146,uniform_k9,9,0.06874704662001123
cleanStatic,selection,61,61.00966208,5,6,1524991552,1525491552,5502770.321358001,4537035.295852146,shuffled_k9,9,0.14232653312895957
cleanStatic,selection,61,61.00966208,5,6,1524991552,1525491552,5502770.321358001,4537035.295852146,ai_sparse_k3,3,0.24696182761941152
cleanStatic,selection,61,61.00966208,5,6,1524991552,1525491552,5502770.321358001,4537035.295852146,pg_scc_k3,3,0.07176170270855836
cleanStatic,selection,61,61.00966208,5,6,1524991552,1525491552,5502770.321358001,4537035.295852146,ai_sparse_k5,5,0.3556651974288035
cleanStatic,selection,61,61.00966208,5,6,1524991552,1525491552,5502770.321358001,4537035.295852146,pg_scc_k5,5,0.19772989704543792
cleanStatic,selection,61,61.00966208,5,6,1524991552,1525491552,5502770.321358001,4537035.295852146,ai_sparse_k9,9,0.19140470209435578
cleanStatic,selection,61,61.00966208,5,6,1524991552,1525491552,5502770.321358001,4537035.295852146,pg_scc_k9,9,0.12293662066576662
cleanStatic,selection,61,61.00966208,5,6,1524991552,1525491552,5502770.321358001,4537035.295852146,epl3,3,0.3121132560991826
cleanStatic,selection,61,61.00966208,5,6,1524991552,1525491552,5502770.321358001,4537035.295852146,fixed9,9,0.15122861522614744
cleanStatic,selection,61,61.00966208,5,6,1524991552,1525491552,5502770.321358001,4537035.295852146,random1_k3,3,0.43271558242475555
cleanStatic,selection,61,61.00966208,5,6,1524991552,1525491552,5502770.321358001,4537035.295852146,random2_k3,3,0.8682577759027849
cleanStatic,selection,61,61.00966208,5,6,1524991552,1525491552,5502770.321358001,4537035.295852146,random3_k3,3,0.24799195886118394
cleanStatic,selection,61,61.00966208,5,6,1524991552,1525491552,5502770.321358001,4537035.295852146,random4_k3,3,0.38776281269220164
cleanStatic,selection,61,61.00966208,5,6,1524991552,1525491552,5502770.321358001,4537035.295852146,random5_k3,3,0.06974440606021214
cleanStatic,selection,61,61.00966208,5,6,1524991552,1525491552,5502770.321358001,4537035.295852146,random1_k5,5,0.14711217108522687
cleanStatic,selection,61,61.00966208,5,6,1524991552,1525491552,5502770.321358001,4537035.295852146,random2_k5,5,0.2492874329922563
cleanStatic,selection,61,61.00966208,5,6,1524991552,1525491552,5502770.321358001,4537035.295852146,random3_k5,5,0.27027534307369805
cleanStatic,selection,61,61.00966208,5,6,1524991552,1525491552,5502770.321358001,4537035.295852146,random4_k5,5,0.13068621799929203
cleanStatic,selection,61,61.00966208,5,6,1524991552,1525491552,5502770.321358001,4537035.295852146,random5_k5,5,0.1491499262231545
cleanStatic,selection,61,61.00966208,5,6,1524991552,1525491552,5502770.321358001,4537035.295852146,random1_k9,9,0.21268783304578326
cleanStatic,selection,61,61.00966208,5,6,1524991552,1525491552,5502770.321358001,4537035.295852146,random2_k9,9,0.16361622634805467
cleanStatic,selection,61,61.00966208,5,6,1524991552,1525491552,5502770.321358001,4537035.295852146,random3_k9,9,0.1447765097883561
cleanStatic,selection,61,61.00966208,5,6,1524991552,1525491552,5502770.321358001,4537035.295852146,random4_k9,9,0.11460625329823294
cleanStatic,selection,61,61.00966208,5,6,1524991552,1525491552,5502770.321358001,4537035.295852146,random5_k9,9,0.06706735173466906
cleanStatic,selection,61,60.9901858,6,7,1524504645,1525004645,5487342.720538,4609011.289361721,dense_two_source_glrt,187,0.3097880273363717
cleanStatic,selection,61,60.9901858,6,7,1524504645,1525004645,5487342.720538,4609011.289361721,dense_one_source_residual,187,1.3940016225772838
cleanStatic,selection,61,60.9901858,6,7,1524504645,1525004645,5487342.720538,4609011.289361721,raw_power_only,0,5487342.720538
cleanStatic,selection,61,60.9901858,6,7,1524504645,1525004645,5487342.720538,4609011.289361721,analytic_sparse_k3,3,0.2408421426328223
cleanStatic,selection,61,60.9901858,6,7,1524504645,1525004645,5487342.720538,4609011.289361721,uniform_k3,3,1.5169761086869997
cleanStatic,selection,61,60.9901858,6,7,1524504645,1525004645,5487342.720538,4609011.289361721,shuffled_k3,3,0.19239577739099886
cleanStatic,selection,61,60.9901858,6,7,1524504645,1525004645,5487342.720538,4609011.289361721,analytic_sparse_k5,5,0.5956082204097369
cleanStatic,selection,61,60.9901858,6,7,1524504645,1525004645,5487342.720538,4609011.289361721,uniform_k5,5,1.1915317952352222
cleanStatic,selection,61,60.9901858,6,7,1524504645,1525004645,5487342.720538,4609011.289361721,shuffled_k5,5,0.5145417928268026
cleanStatic,selection,61,60.9901858,6,7,1524504645,1525004645,5487342.720538,4609011.289361721,analytic_sparse_k9,9,0.32697521088972675
cleanStatic,selection,61,60.9901858,6,7,1524504645,1525004645,5487342.720538,4609011.289361721,uniform_k9,9,0.2687128931808562
cleanStatic,selection,61,60.9901858,6,7,1524504645,1525004645,5487342.720538,4609011.289361721,shuffled_k9,9,1.0333641201386448
cleanStatic,selection,61,60.9901858,6,7,1524504645,1525004645,5487342.720538,4609011.289361721,ai_sparse_k3,3,0.4797660551649184
cleanStatic,selection,61,60.9901858,6,7,1524504645,1525004645,5487342.720538,4609011.289361721,pg_scc_k3,3,0.23560012602638536
cleanStatic,selection,61,60.9901858,6,7,1524504645,1525004645,5487342.720538,4609011.289361721,ai_sparse_k5,5,0.7307629394000712
cleanStatic,selection,61,60.9901858,6,7,1524504645,1525004645,5487342.720538,4609011.289361721,pg_scc_k5,5,0.2863158249843125
cleanStatic,selection,61,60.9901858,6,7,1524504645,1525004645,5487342.720538,4609011.289361721,ai_sparse_k9,9,0.31885920439072724
cleanStatic,selection,61,60.9901858,6,7,1524504645,1525004645,5487342.720538,4609011.289361721,pg_scc_k9,9,0.1653319956524113
cleanStatic,selection,61,60.9901858,6,7,1524504645,1525004645,5487342.720538,4609011.289361721,epl3,3,1.137315531805509
cleanStatic,selection,61,60.9901858,6,7,1524504645,1525004645,5487342.720538,4609011.289361721,fixed9,9,0.6705596301253578
cleanStatic,selection,61,60.9901858,6,7,1524504645,1525004645,5487342.720538,4609011.289361721,random1_k3,3,0.5411823204788111
cleanStatic,selection,61,60.9901858,6,7,1524504645,1525004645,5487342.720538,4609011.289361721,random2_k3,3,0.5594843568235054
cleanStatic,selection,61,60.9901858,6,7,1524504645,1525004645,5487342.720538,4609011.289361721,random3_k3,3,0.553758655873238
cleanStatic,selection,61,60.9901858,6,7,1524504645,1525004645,5487342.720538,4609011.289361721,random4_k3,3,0.6857725437627403
cleanStatic,selection,61,60.9901858,6,7,1524504645,1525004645,5487342.720538,4609011.289361721,random5_k3,3,0.899230860892757
cleanStatic,selection,61,60.9901858,6,7,1524504645,1525004645,5487342.720538,4609011.289361721,random1_k5,5,0.5010562557358925
cleanStatic,selection,61,60.9901858,6,7,1524504645,1525004645,5487342.720538,4609011.289361721,random2_k5,5,0.5175262393674904
cleanStatic,selection,61,60.9901858,6,7,1524504645,1525004645,5487342.720538,4609011.289361721,random3_k5,5,1.0169666003128501
cleanStatic,selection,61,60.9901858,6,7,1524504645,1525004645,5487342.720538,4609011.289361721,random4_k5,5,0.49324906050054185
cleanStatic,selection,61,60.9901858,6,7,1524504645,1525004645,5487342.720538,4609011.289361721,random5_k5,5,0.9275205788422849
cleanStatic,selection,61,60.9901858,6,7,1524504645,1525004645,5487342.720538,4609011.289361721,random1_k9,9,0.6018034260570281
cleanStatic,selection,61,60.9901858,6,7,1524504645,1525004645,5487342.720538,4609011.289361721,random2_k9,9,0.24980446274851886
cleanStatic,selection,61,60.9901858,6,7,1524504645,1525004645,5487342.720538,4609011.289361721,random3_k9,9,0.9414744629504034
cleanStatic,selection,61,60.9901858,6,7,1524504645,1525004645,5487342.720538,4609011.289361721,random4_k9,9,0.6761008509398133
cleanStatic,selection,61,60.9901858,6,7,1524504645,1525004645,5487342.720538,4609011.289361721,random5_k9,9,0.24341870865136073
cleanStatic,selection,61,60.99037132,7,10,1524509283,1525009283,5488690.1811999995,2225036.0401585745,dense_two_source_glrt,187,0.5103498311610063
cleanStatic,selection,61,60.99037132,7,10,1524509283,1525009283,5488690.1811999995,2225036.0401585745,dense_one_source_residual,187,2.297949662058271
cleanStatic,selection,61,60.99037132,7,10,1524509283,1525009283,5488690.1811999995,2225036.0401585745,raw_power_only,0,5488690.1811999995
cleanStatic,selection,61,60.99037132,7,10,1524509283,1525009283,5488690.1811999995,2225036.0401585745,analytic_sparse_k3,3,0.5318176104248343
cleanStatic,selection,61,60.99037132,7,10,1524509283,1525009283,5488690.1811999995,2225036.0401585745,uniform_k3,3,1.3946353325544691
cleanStatic,selection,61,60.99037132,7,10,1524509283,1525009283,5488690.1811999995,2225036.0401585745,shuffled_k3,3,0.6518427942396682
cleanStatic,selection,61,60.99037132,7,10,1524509283,1525009283,5488690.1811999995,2225036.0401585745,analytic_sparse_k5,5,0.35692928592989936
cleanStatic,selection,61,60.99037132,7,10,1524509283,1525009283,5488690.1811999995,2225036.0401585745,uniform_k5,5,1.1570619628613148
cleanStatic,selection,61,60.99037132,7,10,1524509283,1525009283,5488690.1811999995,2225036.0401585745,shuffled_k5,5,0.8527843851403543
cleanStatic,selection,61,60.99037132,7,10,1524509283,1525009283,5488690.1811999995,2225036.0401585745,analytic_sparse_k9,9,0.3094864821326553
cleanStatic,selection,61,60.99037132,7,10,1524509283,1525009283,5488690.1811999995,2225036.0401585745,uniform_k9,9,0.12081614047229866
cleanStatic,selection,61,60.99037132,7,10,1524509283,1525009283,5488690.1811999995,2225036.0401585745,shuffled_k9,9,1.0696710204131001
cleanStatic,selection,61,60.99037132,7,10,1524509283,1525009283,5488690.1811999995,2225036.0401585745,ai_sparse_k3,3,1.1459859622506798
cleanStatic,selection,61,60.99037132,7,10,1524509283,1525009283,5488690.1811999995,2225036.0401585745,pg_scc_k3,3,1.3317151792351785
cleanStatic,selection,61,60.99037132,7,10,1524509283,1525009283,5488690.1811999995,2225036.0401585745,ai_sparse_k5,5,0.9984683678228198
cleanStatic,selection,61,60.99037132,7,10,1524509283,1525009283,5488690.1811999995,2225036.0401585745,pg_scc_k5,5,1.0346064556635515
cleanStatic,selection,61,60.99037132,7,10,1524509283,1525009283,5488690.1811999995,2225036.0401585745,ai_sparse_k9,9,0.7826744012696035
cleanStatic,selection,61,60.99037132,7,10,1524509283,1525009283,5488690.1811999995,2225036.0401585745,pg_scc_k9,9,1.0927827512381878
cleanStatic,selection,61,60.99037132,7,10,1524509283,1525009283,5488690.1811999995,2225036.0401585745,epl3,3,1.9810756092201558
cleanStatic,selection,61,60.99037132,7,10,1524509283,1525009283,5488690.1811999995,2225036.0401585745,fixed9,9,0.8508906654780403
cleanStatic,selection,61,60.99037132,7,10,1524509283,1525009283,5488690.1811999995,2225036.0401585745,random1_k3,3,2.2509763426470095
cleanStatic,selection,61,60.99037132,7,10,1524509283,1525009283,5488690.1811999995,2225036.0401585745,random2_k3,3,1.3235668412269248
cleanStatic,selection,61,60.99037132,7,10,1524509283,1525009283,5488690.1811999995,2225036.0401585745,random3_k3,3,1.0636334638938478
cleanStatic,selection,61,60.99037132,7,10,1524509283,1525009283,5488690.1811999995,2225036.0401585745,random4_k3,3,1.122886886107894
cleanStatic,selection,61,60.99037132,7,10,1524509283,1525009283,5488690.1811999995,2225036.0401585745,random5_k3,3,0.7900689153375019
cleanStatic,selection,61,60.99037132,7,10,1524509283,1525009283,5488690.1811999995,2225036.0401585745,random1_k5,5,0.4259609083234013
cleanStatic,selection,61,60.99037132,7,10,1524509283,1525009283,5488690.1811999995,2225036.0401585745,random2_k5,5,0.6491314818290537
cleanStatic,selection,61,60.99037132,7,10,1524509283,1525009283,5488690.1811999995,2225036.0401585745,random3_k5,5,0.5395962675135761
cleanStatic,selection,61,60.99037132,7,10,1524509283,1525009283,5488690.1811999995,2225036.0401585745,random4_k5,5,1.3847490064077963
cleanStatic,selection,61,60.99037132,7,10,1524509283,1525009283,5488690.1811999995,2225036.0401585745,random5_k5,5,1.0992536911716093
cleanStatic,selection,61,60.99037132,7,10,1524509283,1525009283,5488690.1811999995,2225036.0401585745,random1_k9,9,0.36702179770490023
cleanStatic,selection,61,60.99037132,7,10,1524509283,1525009283,5488690.1811999995,2225036.0401585745,random2_k9,9,1.0078201399070863
cleanStatic,selection,61,60.99037132,7,10,1524509283,1525009283,5488690.1811999995,2225036.0401585745,random3_k9,9,1.3861971202984884
cleanStatic,selection,61,60.99037132,7,10,1524509283,1525009283,5488690.1811999995,2225036.0401585745,random4_k9,9,1.1427787856438048
cleanStatic,selection,61,60.99037132,7,10,1524509283,1525009283,5488690.1811999995,2225036.0401585745,random5_k9,9,1.9517571813895627
cleanStatic,selection,61,60.99066264,8,13,1524516566,1525016566,5487695.852530001,6303433.850884755,dense_two_source_glrt,187,0.29205606530355394
cleanStatic,selection,61,60.99066264,8,13,1524516566,1525016566,5487695.852530001,6303433.850884755,dense_one_source_residual,187,1.064225904620415
cleanStatic,selection,61,60.99066264,8,13,1524516566,1525016566,5487695.852530001,6303433.850884755,raw_power_only,0,5487695.852530001
cleanStatic,selection,61,60.99066264,8,13,1524516566,1525016566,5487695.852530001,6303433.850884755,analytic_sparse_k3,3,0.038731261910075296
cleanStatic,selection,61,60.99066264,8,13,1524516566,1525016566,5487695.852530001,6303433.850884755,uniform_k3,3,0.3805573918720926
cleanStatic,selection,61,60.99066264,8,13,1524516566,1525016566,5487695.852530001,6303433.850884755,shuffled_k3,3,0.27467776242976044
cleanStatic,selection,61,60.99066264,8,13,1524516566,1525016566,5487695.852530001,6303433.850884755,analytic_sparse_k5,5,0.38937361180648955
cleanStatic,selection,61,60.99066264,8,13,1524516566,1525016566,5487695.852530001,6303433.850884755,uniform_k5,5,0.05989664605881675
cleanStatic,selection,61,60.99066264,8,13,1524516566,1525016566,5487695.852530001,6303433.850884755,shuffled_k5,5,0.5456184403628093
cleanStatic,selection,61,60.99066264,8,13,1524516566,1525016566,5487695.852530001,6303433.850884755,analytic_sparse_k9,9,0.14373622787785165
cleanStatic,selection,61,60.99066264,8,13,1524516566,1525016566,5487695.852530001,6303433.850884755,uniform_k9,9,0.07805743201654236
cleanStatic,selection,61,60.99066264,8,13,1524516566,1525016566,5487695.852530001,6303433.850884755,shuffled_k9,9,1.1177428454679186
cleanStatic,selection,61,60.99066264,8,13,1524516566,1525016566,5487695.852530001,6303433.850884755,ai_sparse_k3,3,0.823302713367022
cleanStatic,selection,61,60.99066264,8,13,1524516566,1525016566,5487695.852530001,6303433.850884755,pg_scc_k3,3,0.6708000136120944
cleanStatic,selection,61,60.99066264,8,13,1524516566,1525016566,5487695.852530001,6303433.850884755,ai_sparse_k5,5,0.8102519879892895
cleanStatic,selection,61,60.99066264,8,13,1524516566,1525016566,5487695.852530001,6303433.850884755,pg_scc_k5,5,0.15294045577827547
cleanStatic,selection,61,60.99066264,8,13,1524516566,1525016566,5487695.852530001,6303433.850884755,ai_sparse_k9,9,0.6769267167677876
cleanStatic,selection,61,60.99066264,8,13,1524516566,1525016566,5487695.852530001,6303433.850884755,pg_scc_k9,9,0.18547994920895386
cleanStatic,selection,61,60.99066264,8,13,1524516566,1525016566,5487695.852530001,6303433.850884755,epl3,3,1.5758555644745573
cleanStatic,selection,61,60.99066264,8,13,1524516566,1525016566,5487695.852530001,6303433.850884755,fixed9,9,1.230691712052076
cleanStatic,selection,61,60.99066264,8,13,1524516566,1525016566,5487695.852530001,6303433.850884755,random1_k3,3,0.6478620436930295
cleanStatic,selection,61,60.99066264,8,13,1524516566,1525016566,5487695.852530001,6303433.850884755,random2_k3,3,0.48310489939612156
cleanStatic,selection,61,60.99066264,8,13,1524516566,1525016566,5487695.852530001,6303433.850884755,random3_k3,3,0.39402673643753916
cleanStatic,selection,61,60.99066264,8,13,1524516566,1525016566,5487695.852530001,6303433.850884755,random4_k3,3,0.5324986603321168
cleanStatic,selection,61,60.99066264,8,13,1524516566,1525016566,5487695.852530001,6303433.850884755,random5_k3,3,0.29706769324889204
cleanStatic,selection,61,60.99066264,8,13,1524516566,1525016566,5487695.852530001,6303433.850884755,random1_k5,5,0.7377507169666504
cleanStatic,selection,61,60.99066264,8,13,1524516566,1525016566,5487695.852530001,6303433.850884755,random2_k5,5,0.29398722225382157
cleanStatic,selection,61,60.99066264,8,13,1524516566,1525016566,5487695.852530001,6303433.850884755,random3_k5,5,0.6150115173655892
cleanStatic,selection,61,60.99066264,8,13,1524516566,1525016566,5487695.852530001,6303433.850884755,random4_k5,5,0.40720250959369214
cleanStatic,selection,61,60.99066264,8,13,1524516566,1525016566,5487695.852530001,6303433.850884755,random5_k5,5,1.004227419731
cleanStatic,selection,61,60.99066264,8,13,1524516566,1525016566,5487695.852530001,6303433.850884755,random1_k9,9,0.6083919683812231
cleanStatic,selection,61,60.99066264,8,13,1524516566,1525016566,5487695.852530001,6303433.850884755,random2_k9,9,0.3024723929345315
cleanStatic,selection,61,60.99066264,8,13,1524516566,1525016566,5487695.852530001,6303433.850884755,random3_k9,9,1.1104244809626325
cleanStatic,selection,61,60.99066264,8,13,1524516566,1525016566,5487695.852530001,6303433.850884755,random4_k9,9,0.40976957321176666
cleanStatic,selection,61,60.99066264,8,13,1524516566,1525016566,5487695.852530001,6303433.850884755,random5_k9,9,0.5018628427699966
cleanStatic,selection,61,60.994494,9,19,1524612350,1525112350,5490698.374706001,4731997.829420718,dense_two_source_glrt,187,0.10209462859717117
cleanStatic,selection,61,60.994494,9,19,1524612350,1525112350,5490698.374706001,4731997.829420718,dense_one_source_residual,187,0.8438143660006335
cleanStatic,selection,61,60.994494,9,19,1524612350,1525112350,5490698.374706001,4731997.829420718,raw_power_only,0,5490698.374706001
cleanStatic,selection,61,60.994494,9,19,1524612350,1525112350,5490698.374706001,4731997.829420718,analytic_sparse_k3,3,0.01982950200063134
cleanStatic,selection,61,60.994494,9,19,1524612350,1525112350,5490698.374706001,4731997.829420718,uniform_k3,3,0.1714875525705681
cleanStatic,selection,61,60.994494,9,19,1524612350,1525112350,5490698.374706001,4731997.829420718,shuffled_k3,3,0.31762629571186546
cleanStatic,selection,61,60.994494,9,19,1524612350,1525112350,5490698.374706001,4731997.829420718,analytic_sparse_k5,5,0.3229865191954457
cleanStatic,selection,61,60.994494,9,19,1524612350,1525112350,5490698.374706001,4731997.829420718,uniform_k5,5,0.14341875803102963
cleanStatic,selection,61,60.994494,9,19,1524612350,1525112350,5490698.374706001,4731997.829420718,shuffled_k5,5,0.26395484595656804
cleanStatic,selection,61,60.994494,9,19,1524612350,1525112350,5490698.374706001,4731997.829420718,analytic_sparse_k9,9,0.3519015722289708
cleanStatic,selection,61,60.994494,9,19,1524612350,1525112350,5490698.374706001,4731997.829420718,uniform_k9,9,0.020090790093433706
cleanStatic,selection,61,60.994494,9,19,1524612350,1525112350,5490698.374706001,4731997.829420718,shuffled_k9,9,0.2984447269007273
cleanStatic,selection,61,60.994494,9,19,1524612350,1525112350,5490698.374706001,4731997.829420718,ai_sparse_k3,3,1.6064006890804496
cleanStatic,selection,61,60.994494,9,19,1524612350,1525112350,5490698.374706001,4731997.829420718,pg_scc_k3,3,0.7158931830801505
cleanStatic,selection,61,60.994494,9,19,1524612350,1525112350,5490698.374706001,4731997.829420718,ai_sparse_k5,5,0.6261310515900826
cleanStatic,selection,61,60.994494,9,19,1524612350,1525112350,5490698.374706001,4731997.829420718,pg_scc_k5,5,0.07142085307814146
cleanStatic,selection,61,60.994494,9,19,1524612350,1525112350,5490698.374706001,4731997.829420718,ai_sparse_k9,9,0.7089462083802123
cleanStatic,selection,61,60.994494,9,19,1524612350,1525112350,5490698.374706001,4731997.829420718,pg_scc_k9,9,0.11953547495207811
cleanStatic,selection,61,60.994494,9,19,1524612350,1525112350,5490698.374706001,4731997.829420718,epl3,3,0.4588072330559503
cleanStatic,selection,61,60.994494,9,19,1524612350,1525112350,5490698.374706001,4731997.829420718,fixed9,9,0.47794339375846207
cleanStatic,selection,61,60.994494,9,19,1524612350,1525112350,5490698.374706001,4731997.829420718,random1_k3,3,0.5984344090377718
cleanStatic,selection,61,60.994494,9,19,1524612350,1525112350,5490698.374706001,4731997.829420718,random2_k3,3,0.4466055729256377
cleanStatic,selection,61,60.994494,9,19,1524612350,1525112350,5490698.374706001,4731997.829420718,random3_k3,3,0.5532499560281308
cleanStatic,selection,61,60.994494,9,19,1524612350,1525112350,5490698.374706001,4731997.829420718,random4_k3,3,0.45091612571005896
cleanStatic,selection,61,60.994494,9,19,1524612350,1525112350,5490698.374706001,4731997.829420718,random5_k3,3,0.5405374011513083
cleanStatic,selection,61,60.994494,9,19,1524612350,1525112350,5490698.374706001,4731997.829420718,random1_k5,5,0.35345975051320916
cleanStatic,selection,61,60.994494,9,19,1524612350,1525112350,5490698.374706001,4731997.829420718,random2_k5,5,0.058451281542850266
cleanStatic,selection,61,60.994494,9,19,1524612350,1525112350,5490698.374706001,4731997.829420718,random3_k5,5,0.5770879179745674
cleanStatic,selection,61,60.994494,9,19,1524612350,1525112350,5490698.374706001,4731997.829420718,random4_k5,5,0.19900446232262198
cleanStatic,selection,61,60.994494,9,19,1524612350,1525112350,5490698.374706001,4731997.829420718,random5_k5,5,0.33427399522002366
cleanStatic,selection,61,60.994494,9,19,1524612350,1525112350,5490698.374706001,4731997.829420718,random1_k9,9,0.7338034557303674
cleanStatic,selection,61,60.994494,9,19,1524612350,1525112350,5490698.374706001,4731997.829420718,random2_k9,9,0.10451578932061473
cleanStatic,selection,61,60.994494,9,19,1524612350,1525112350,5490698.374706001,4731997.829420718,random3_k9,9,0.2836852290989311
cleanStatic,selection,61,60.994494,9,19,1524612350,1525112350,5490698.374706001,4731997.829420718,random4_k9,9,0.5850290164541287
cleanStatic,selection,61,60.994494,9,19,1524612350,1525112350,5490698.374706001,4731997.829420718,random5_k9,9,0.3153463027302238
cleanStatic,selection,61,60.99061832,10,23,1524515458,1525015458,5487767.740360001,6699603.75622945,dense_two_source_glrt,187,0.02501064755740552
cleanStatic,selection,61,60.99061832,10,23,1524515458,1525015458,5487767.740360001,6699603.75622945,dense_one_source_residual,187,0.20147894299262425
cleanStatic,selection,61,60.99061832,10,23,1524515458,1525015458,5487767.740360001,6699603.75622945,raw_power_only,0,5487767.740360001
cleanStatic,selection,61,60.99061832,10,23,1524515458,1525015458,5487767.740360001,6699603.75622945,analytic_sparse_k3,3,0.02888643687150985
cleanStatic,selection,61,60.99061832,10,23,1524515458,1525015458,5487767.740360001,6699603.75622945,uniform_k3,3,0.11452231443558851
cleanStatic,selection,61,60.99061832,10,23,1524515458,1525015458,5487767.740360001,6699603.75622945,shuffled_k3,3,0.09560111909654916
cleanStatic,selection,61,60.99061832,10,23,1524515458,1525015458,5487767.740360001,6699603.75622945,analytic_sparse_k5,5,0.02822088575179385
cleanStatic,selection,61,60.99061832,10,23,1524515458,1525015458,5487767.740360001,6699603.75622945,uniform_k5,5,0.117837274781819
cleanStatic,selection,61,60.99061832,10,23,1524515458,1525015458,5487767.740360001,6699603.75622945,shuffled_k5,5,0.2062274076591059
cleanStatic,selection,61,60.99061832,10,23,1524515458,1525015458,5487767.740360001,6699603.75622945,analytic_sparse_k9,9,0.060793096157044674
cleanStatic,selection,61,60.99061832,10,23,1524515458,1525015458,5487767.740360001,6699603.75622945,uniform_k9,9,0.003922194815390936
cleanStatic,selection,61,60.99061832,10,23,1524515458,1525015458,5487767.740360001,6699603.75622945,shuffled_k9,9,0.10502395668835669
cleanStatic,selection,61,60.99061832,10,23,1524515458,1525015458,5487767.740360001,6699603.75622945,ai_sparse_k3,3,0.09408826823101442
cleanStatic,selection,61,60.99061832,10,23,1524515458,1525015458,5487767.740360001,6699603.75622945,pg_scc_k3,3,0.15102523057102668
cleanStatic,selection,61,60.99061832,10,23,1524515458,1525015458,5487767.740360001,6699603.75622945,ai_sparse_k5,5,0.2937877740989288
cleanStatic,selection,61,60.99061832,10,23,1524515458,1525015458,5487767.740360001,6699603.75622945,pg_scc_k5,5,0.0747231401542846
cleanStatic,selection,61,60.99061832,10,23,1524515458,1525015458,5487767.740360001,6699603.75622945,ai_sparse_k9,9,0.34297759412827666
cleanStatic,selection,61,60.99061832,10,23,1524515458,1525015458,5487767.740360001,6699603.75622945,pg_scc_k9,9,0.08523059426438115
cleanStatic,selection,61,60.99061832,10,23,1524515458,1525015458,5487767.740360001,6699603.75622945,epl3,3,0.10676619607997966
cleanStatic,selection,61,60.99061832,10,23,1524515458,1525015458,5487767.740360001,6699603.75622945,fixed9,9,0.13954466497893614
cleanStatic,selection,61,60.99061832,10,23,1524515458,1525015458,5487767.740360001,6699603.75622945,random1_k3,3,0.048372285098050936
cleanStatic,selection,61,60.99061832,10,23,1524515458,1525015458,5487767.740360001,6699603.75622945,random2_k3,3,0.17185468260920453
cleanStatic,selection,61,60.99061832,10,23,1524515458,1525015458,5487767.740360001,6699603.75622945,random3_k3,3,0.0298572432759418
cleanStatic,selection,61,60.99061832,10,23,1524515458,1525015458,5487767.740360001,6699603.75622945,random4_k3,3,0.12308176679237588
cleanStatic,selection,61,60.99061832,10,23,1524515458,1525015458,5487767.740360001,6699603.75622945,random5_k3,3,0.15986390967296701
cleanStatic,selection,61,60.99061832,10,23,1524515458,1525015458,5487767.740360001,6699603.75622945,random1_k5,5,0.04563450412867818
cleanStatic,selection,61,60.99061832,10,23,1524515458,1525015458,5487767.740360001,6699603.75622945,random2_k5,5,0.03921512657769903
cleanStatic,selection,61,60.99061832,10,23,1524515458,1525015458,5487767.740360001,6699603.75622945,random3_k5,5,0.022269250580575117
cleanStatic,selection,61,60.99061832,10,23,1524515458,1525015458,5487767.740360001,6699603.75622945,random4_k5,5,0.03941703818415128
cleanStatic,selection,61,60.99061832,10,23,1524515458,1525015458,5487767.740360001,6699603.75622945,random5_k5,5,0.1431563035630785
cleanStatic,selection,61,60.99061832,10,23,1524515458,1525015458,5487767.740360001,6699603.75622945,random1_k9,9,0.0992054760179884
cleanStatic,selection,61,60.99061832,10,23,1524515458,1525015458,5487767.740360001,6699603.75622945,random2_k9,9,0.07545072466590946
cleanStatic,selection,61,60.99061832,10,23,1524515458,1525015458,5487767.740360001,6699603.75622945,random3_k9,9,0.17153413588977282
cleanStatic,selection,61,60.99061832,10,23,1524515458,1525015458,5487767.740360001,6699603.75622945,random4_k9,9,0.09018771071227841
cleanStatic,selection,61,60.99061832,10,23,1524515458,1525015458,5487767.740360001,6699603.75622945,random5_k9,9,0.08481727394197885
cleanStatic,calibration,64,64.01731712,0,16,1600182928,1600682928,5542133.887081999,4846907.908804504,dense_two_source_glrt,187,0.014169779160701767
cleanStatic,calibration,64,64.01731712,0,16,1600182928,1600682928,5542133.887081999,4846907.908804504,dense_one_source_residual,187,0.3060334418148638
cleanStatic,calibration,64,64.01731712,0,16,1600182928,1600682928,5542133.887081999,4846907.908804504,raw_power_only,0,5542133.887081999
cleanStatic,calibration,64,64.01731712,0,16,1600182928,1600682928,5542133.887081999,4846907.908804504,analytic_sparse_k3,3,0.45961877306515325
cleanStatic,calibration,64,64.01731712,0,16,1600182928,1600682928,5542133.887081999,4846907.908804504,uniform_k3,3,0.1416814796502987
cleanStatic,calibration,64,64.01731712,0,16,1600182928,1600682928,5542133.887081999,4846907.908804504,shuffled_k3,3,0.06435221362012505
cleanStatic,calibration,64,64.01731712,0,16,1600182928,1600682928,5542133.887081999,4846907.908804504,analytic_sparse_k5,5,0.15431907361310424
cleanStatic,calibration,64,64.01731712,0,16,1600182928,1600682928,5542133.887081999,4846907.908804504,uniform_k5,5,0.17323080185205467
cleanStatic,calibration,64,64.01731712,0,16,1600182928,1600682928,5542133.887081999,4846907.908804504,shuffled_k5,5,0.13280829927161913
cleanStatic,calibration,64,64.01731712,0,16,1600182928,1600682928,5542133.887081999,4846907.908804504,analytic_sparse_k9,9,0.05060420494900559
cleanStatic,calibration,64,64.01731712,0,16,1600182928,1600682928,5542133.887081999,4846907.908804504,uniform_k9,9,0.032783670740214266
cleanStatic,calibration,64,64.01731712,0,16,1600182928,1600682928,5542133.887081999,4846907.908804504,shuffled_k9,9,0.07677779898153386
cleanStatic,calibration,64,64.01731712,0,16,1600182928,1600682928,5542133.887081999,4846907.908804504,ai_sparse_k3,3,0.32093812986622217
cleanStatic,calibration,64,64.01731712,0,16,1600182928,1600682928,5542133.887081999,4846907.908804504,pg_scc_k3,3,0.2598571685073742
cleanStatic,calibration,64,64.01731712,0,16,1600182928,1600682928,5542133.887081999,4846907.908804504,ai_sparse_k5,5,0.21277063076961258
cleanStatic,calibration,64,64.01731712,0,16,1600182928,1600682928,5542133.887081999,4846907.908804504,pg_scc_k5,5,0.19734075106539628
cleanStatic,calibration,64,64.01731712,0,16,1600182928,1600682928,5542133.887081999,4846907.908804504,ai_sparse_k9,9,0.16864796717319624
cleanStatic,calibration,64,64.01731712,0,16,1600182928,1600682928,5542133.887081999,4846907.908804504,pg_scc_k9,9,0.12168997508200025
cleanStatic,calibration,64,64.01731712,0,16,1600182928,1600682928,5542133.887081999,4846907.908804504,epl3,3,0.14980631834509772
cleanStatic,calibration,64,64.01731712,0,16,1600182928,1600682928,5542133.887081999,4846907.908804504,fixed9,9,0.09415657261317872
cleanStatic,calibration,64,64.01731712,0,16,1600182928,1600682928,5542133.887081999,4846907.908804504,random1_k3,3,0.03955951650920957
cleanStatic,calibration,64,64.01731712,0,16,1600182928,1600682928,5542133.887081999,4846907.908804504,random2_k3,3,0.14388553397051954
cleanStatic,calibration,64,64.01731712,0,16,1600182928,1600682928,5542133.887081999,4846907.908804504,random3_k3,3,0.12442097248173188
cleanStatic,calibration,64,64.01731712,0,16,1600182928,1600682928,5542133.887081999,4846907.908804504,random4_k3,3,0.0708482985838992
cleanStatic,calibration,64,64.01731712,0,16,1600182928,1600682928,5542133.887081999,4846907.908804504,random5_k3,3,0.3327396444074632
cleanStatic,calibration,64,64.01731712,0,16,1600182928,1600682928,5542133.887081999,4846907.908804504,random1_k5,5,0.14041206081101326
cleanStatic,calibration,64,64.01731712,0,16,1600182928,1600682928,5542133.887081999,4846907.908804504,random2_k5,5,0.07650487555630936
cleanStatic,calibration,64,64.01731712,0,16,1600182928,1600682928,5542133.887081999,4846907.908804504,random3_k5,5,0.08027709253053503
cleanStatic,calibration,64,64.01731712,0,16,1600182928,1600682928,5542133.887081999,4846907.908804504,random4_k5,5,0.08078888263741349
cleanStatic,calibration,64,64.01731712,0,16,1600182928,1600682928,5542133.887081999,4846907.908804504,random5_k5,5,0.1439970890349091
cleanStatic,calibration,64,64.01731712,0,16,1600182928,1600682928,5542133.887081999,4846907.908804504,random1_k9,9,0.09329845554681936
cleanStatic,calibration,64,64.01731712,0,16,1600182928,1600682928,5542133.887081999,4846907.908804504,random2_k9,9,0.013125547849725687
cleanStatic,calibration,64,64.01731712,0,16,1600182928,1600682928,5542133.887081999,4846907.908804504,random3_k9,9,0.17277955143811216
cleanStatic,calibration,64,64.01731712,0,16,1600182928,1600682928,5542133.887081999,4846907.908804504,random4_k9,9,0.11078861282155644
cleanStatic,calibration,64,64.01731712,0,16,1600182928,1600682928,5542133.887081999,4846907.908804504,random5_k9,9,0.09774450390728055
cleanStatic,calibration,64,64.01053828,2,3,1600013457,1600513457,5550149.865822,5649404.716658077,dense_two_source_glrt,187,0.11450639301648236
cleanStatic,calibration,64,64.01053828,2,3,1600013457,1600513457,5550149.865822,5649404.716658077,dense_one_source_residual,187,0.5073606997398331
cleanStatic,calibration,64,64.01053828,2,3,1600013457,1600513457,5550149.865822,5649404.716658077,raw_power_only,0,5550149.865822
cleanStatic,calibration,64,64.01053828,2,3,1600013457,1600513457,5550149.865822,5649404.716658077,analytic_sparse_k3,3,0.1763909517423071
cleanStatic,calibration,64,64.01053828,2,3,1600013457,1600513457,5550149.865822,5649404.716658077,uniform_k3,3,0.21150659459216567
cleanStatic,calibration,64,64.01053828,2,3,1600013457,1600513457,5550149.865822,5649404.716658077,shuffled_k3,3,0.040938044331683694
cleanStatic,calibration,64,64.01053828,2,3,1600013457,1600513457,5550149.865822,5649404.716658077,analytic_sparse_k5,5,0.16042054038466563
cleanStatic,calibration,64,64.01053828,2,3,1600013457,1600513457,5550149.865822,5649404.716658077,uniform_k5,5,0.10900926876393977
cleanStatic,calibration,64,64.01053828,2,3,1600013457,1600513457,5550149.865822,5649404.716658077,shuffled_k5,5,0.15989529645211906
cleanStatic,calibration,64,64.01053828,2,3,1600013457,1600513457,5550149.865822,5649404.716658077,analytic_sparse_k9,9,0.17393791757986166
cleanStatic,calibration,64,64.01053828,2,3,1600013457,1600513457,5550149.865822,5649404.716658077,uniform_k9,9,0.07068524282597753
cleanStatic,calibration,64,64.01053828,2,3,1600013457,1600513457,5550149.865822,5649404.716658077,shuffled_k9,9,0.38641230945768296
cleanStatic,calibration,64,64.01053828,2,3,1600013457,1600513457,5550149.865822,5649404.716658077,ai_sparse_k3,3,0.539374523499813
cleanStatic,calibration,64,64.01053828,2,3,1600013457,1600513457,5550149.865822,5649404.716658077,pg_scc_k3,3,0.17616845651749738
cleanStatic,calibration,64,64.01053828,2,3,1600013457,1600513457,5550149.865822,5649404.716658077,ai_sparse_k5,5,0.8180167973835866
cleanStatic,calibration,64,64.01053828,2,3,1600013457,1600513457,5550149.865822,5649404.716658077,pg_scc_k5,5,0.12156745666210353
cleanStatic,calibration,64,64.01053828,2,3,1600013457,1600513457,5550149.865822,5649404.716658077,ai_sparse_k9,9,0.42794327205502064
cleanStatic,calibration,64,64.01053828,2,3,1600013457,1600513457,5550149.865822,5649404.716658077,pg_scc_k9,9,0.08518178623055069
cleanStatic,calibration,64,64.01053828,2,3,1600013457,1600513457,5550149.865822,5649404.716658077,epl3,3,0.6280324981219976
cleanStatic,calibration,64,64.01053828,2,3,1600013457,1600513457,5550149.865822,5649404.716658077,fixed9,9,0.42398333039635794
cleanStatic,calibration,64,64.01053828,2,3,1600013457,1600513457,5550149.865822,5649404.716658077,random1_k3,3,0.12163950131810579
cleanStatic,calibration,64,64.01053828,2,3,1600013457,1600513457,5550149.865822,5649404.716658077,random2_k3,3,0.483936840035669
cleanStatic,calibration,64,64.01053828,2,3,1600013457,1600513457,5550149.865822,5649404.716658077,random3_k3,3,0.34629102591604927
cleanStatic,calibration,64,64.01053828,2,3,1600013457,1600513457,5550149.865822,5649404.716658077,random4_k3,3,0.1834267224575041
cleanStatic,calibration,64,64.01053828,2,3,1600013457,1600513457,5550149.865822,5649404.716658077,random5_k3,3,0.17000971023677647
cleanStatic,calibration,64,64.01053828,2,3,1600013457,1600513457,5550149.865822,5649404.716658077,random1_k5,5,0.1699020919220629
cleanStatic,calibration,64,64.01053828,2,3,1600013457,1600513457,5550149.865822,5649404.716658077,random2_k5,5,0.1407162335327224
cleanStatic,calibration,64,64.01053828,2,3,1600013457,1600513457,5550149.865822,5649404.716658077,random3_k5,5,0.29237236930059096
cleanStatic,calibration,64,64.01053828,2,3,1600013457,1600513457,5550149.865822,5649404.716658077,random4_k5,5,0.10243757780387726
cleanStatic,calibration,64,64.01053828,2,3,1600013457,1600513457,5550149.865822,5649404.716658077,random5_k5,5,0.48370913039642643
cleanStatic,calibration,64,64.01053828,2,3,1600013457,1600513457,5550149.865822,5649404.716658077,random1_k9,9,0.5899585621128334
cleanStatic,calibration,64,64.01053828,2,3,1600013457,1600513457,5550149.865822,5649404.716658077,random2_k9,9,0.15139542174153794
cleanStatic,calibration,64,64.01053828,2,3,1600013457,1600513457,5550149.865822,5649404.716658077,random3_k9,9,0.46801770699063017
cleanStatic,calibration,64,64.01053828,2,3,1600013457,1600513457,5550149.865822,5649404.716658077,random4_k9,9,0.05579767181573684
cleanStatic,calibration,64,64.01053828,2,3,1600013457,1600513457,5550149.865822,5649404.716658077,random5_k9,9,0.11242975106846417
cleanStatic,calibration,64,64.02436628,3,20,1600359157,1600859157,5560339.171992,2217755.6502394853,dense_two_source_glrt,187,0.25874544236763636
cleanStatic,calibration,64,64.02436628,3,20,1600359157,1600859157,5560339.171992,2217755.6502394853,dense_one_source_residual,187,1.9024517896381223
cleanStatic,calibration,64,64.02436628,3,20,1600359157,1600859157,5560339.171992,2217755.6502394853,raw_power_only,0,5560339.171992
cleanStatic,calibration,64,64.02436628,3,20,1600359157,1600859157,5560339.171992,2217755.6502394853,analytic_sparse_k3,3,1.434062535716512
cleanStatic,calibration,64,64.02436628,3,20,1600359157,1600859157,5560339.171992,2217755.6502394853,uniform_k3,3,0.973415981921642
cleanStatic,calibration,64,64.02436628,3,20,1600359157,1600859157,5560339.171992,2217755.6502394853,shuffled_k3,3,0.4300325615314156
cleanStatic,calibration,64,64.02436628,3,20,1600359157,1600859157,5560339.171992,2217755.6502394853,analytic_sparse_k5,5,1.1970504393680588
cleanStatic,calibration,64,64.02436628,3,20,1600359157,1600859157,5560339.171992,2217755.6502394853,uniform_k5,5,0.5187874355409665
cleanStatic,calibration,64,64.02436628,3,20,1600359157,1600859157,5560339.171992,2217755.6502394853,shuffled_k5,5,0.8211556472421202
cleanStatic,calibration,64,64.02436628,3,20,1600359157,1600859157,5560339.171992,2217755.6502394853,analytic_sparse_k9,9,0.8003509972520878
cleanStatic,calibration,64,64.02436628,3,20,1600359157,1600859157,5560339.171992,2217755.6502394853,uniform_k9,9,0.12569173584100884
cleanStatic,calibration,64,64.02436628,3,20,1600359157,1600859157,5560339.171992,2217755.6502394853,shuffled_k9,9,0.699292143635621
cleanStatic,calibration,64,64.02436628,3,20,1600359157,1600859157,5560339.171992,2217755.6502394853,ai_sparse_k3,3,2.4437244795199002
cleanStatic,calibration,64,64.02436628,3,20,1600359157,1600859157,5560339.171992,2217755.6502394853,pg_scc_k3,3,2.1732980273067737
cleanStatic,calibration,64,64.02436628,3,20,1600359157,1600859157,5560339.171992,2217755.6502394853,ai_sparse_k5,5,0.723253774781518
cleanStatic,calibration,64,64.02436628,3,20,1600359157,1600859157,5560339.171992,2217755.6502394853,pg_scc_k5,5,0.7331352014438728
cleanStatic,calibration,64,64.02436628,3,20,1600359157,1600859157,5560339.171992,2217755.6502394853,ai_sparse_k9,9,0.5807722604534962
cleanStatic,calibration,64,64.02436628,3,20,1600359157,1600859157,5560339.171992,2217755.6502394853,pg_scc_k9,9,0.48330739015845875
cleanStatic,calibration,64,64.02436628,3,20,1600359157,1600859157,5560339.171992,2217755.6502394853,epl3,3,2.464543295268699
cleanStatic,calibration,64,64.02436628,3,20,1600359157,1600859157,5560339.171992,2217755.6502394853,fixed9,9,1.2201720168032724
cleanStatic,calibration,64,64.02436628,3,20,1600359157,1600859157,5560339.171992,2217755.6502394853,random1_k3,3,0.5228309561500324
cleanStatic,calibration,64,64.02436628,3,20,1600359157,1600859157,5560339.171992,2217755.6502394853,random2_k3,3,0.6437903194007394
cleanStatic,calibration,64,64.02436628,3,20,1600359157,1600859157,5560339.171992,2217755.6502394853,random3_k3,3,1.7510112322827078
cleanStatic,calibration,64,64.02436628,3,20,1600359157,1600859157,5560339.171992,2217755.6502394853,random4_k3,3,0.9770110464667465
cleanStatic,calibration,64,64.02436628,3,20,1600359157,1600859157,5560339.171992,2217755.6502394853,random5_k3,3,0.40103907425264634
cleanStatic,calibration,64,64.02436628,3,20,1600359157,1600859157,5560339.171992,2217755.6502394853,random1_k5,5,0.9171105212040913
cleanStatic,calibration,64,64.02436628,3,20,1600359157,1600859157,5560339.171992,2217755.6502394853,random2_k5,5,0.8920137078480664
cleanStatic,calibration,64,64.02436628,3,20,1600359157,1600859157,5560339.171992,2217755.6502394853,random3_k5,5,0.5635460075584822
cleanStatic,calibration,64,64.02436628,3,20,1600359157,1600859157,5560339.171992,2217755.6502394853,random4_k5,5,0.31698198114279685
cleanStatic,calibration,64,64.02436628,3,20,1600359157,1600859157,5560339.171992,2217755.6502394853,random5_k5,5,0.3146146716844396
cleanStatic,calibration,64,64.02436628,3,20,1600359157,1600859157,5560339.171992,2217755.6502394853,random1_k9,9,0.5683137379231721
cleanStatic,calibration,64,64.02436628,3,20,1600359157,1600859157,5560339.171992,2217755.6502394853,random2_k9,9,0.5176628660081116
cleanStatic,calibration,64,64.02436628,3,20,1600359157,1600859157,5560339.171992,2217755.6502394853,random3_k9,9,0.2034184833340813
cleanStatic,calibration,64,64.02436628,3,20,1600359157,1600859157,5560339.171992,2217755.6502394853,random4_k9,9,0.7899054965819522
cleanStatic,calibration,64,64.02436628,3,20,1600359157,1600859157,5560339.171992,2217755.6502394853,random5_k9,9,0.8722428410606905
cleanStatic,calibration,64,64.0316782,4,30,1600541955,1601041955,5579663.897655999,2101648.0494091464,dense_two_source_glrt,187,0.20022734453506263
cleanStatic,calibration,64,64.0316782,4,30,1600541955,1601041955,5579663.897655999,2101648.0494091464,dense_one_source_residual,187,1.632026543114988
cleanStatic,calibration,64,64.0316782,4,30,1600541955,1601041955,5579663.897655999,2101648.0494091464,raw_power_only,0,5579663.897655999
cleanStatic,calibration,64,64.0316782,4,30,1600541955,1601041955,5579663.897655999,2101648.0494091464,analytic_sparse_k3,3,0.4068438763973032
cleanStatic,calibration,64,64.0316782,4,30,1600541955,1601041955,5579663.897655999,2101648.0494091464,uniform_k3,3,1.4796606206601177
cleanStatic,calibration,64,64.0316782,4,30,1600541955,1601041955,5579663.897655999,2101648.0494091464,shuffled_k3,3,0.323553464700646
cleanStatic,calibration,64,64.0316782,4,30,1600541955,1601041955,5579663.897655999,2101648.0494091464,analytic_sparse_k5,5,0.4415191576780161
cleanStatic,calibration,64,64.0316782,4,30,1600541955,1601041955,5579663.897655999,2101648.0494091464,uniform_k5,5,0.5974618591789274
cleanStatic,calibration,64,64.0316782,4,30,1600541955,1601041955,5579663.897655999,2101648.0494091464,shuffled_k5,5,0.7525049235941175
cleanStatic,calibration,64,64.0316782,4,30,1600541955,1601041955,5579663.897655999,2101648.0494091464,analytic_sparse_k9,9,1.0465472860737295
cleanStatic,calibration,64,64.0316782,4,30,1600541955,1601041955,5579663.897655999,2101648.0494091464,uniform_k9,9,0.5224315717827422
cleanStatic,calibration,64,64.0316782,4,30,1600541955,1601041955,5579663.897655999,2101648.0494091464,shuffled_k9,9,0.13294100691557334
cleanStatic,calibration,64,64.0316782,4,30,1600541955,1601041955,5579663.897655999,2101648.0494091464,ai_sparse_k3,3,0.956963735028672
cleanStatic,calibration,64,64.0316782,4,30,1600541955,1601041955,5579663.897655999,2101648.0494091464,pg_scc_k3,3,1.1074226599938686
cleanStatic,calibration,64,64.0316782,4,30,1600541955,1601041955,5579663.897655999,2101648.0494091464,ai_sparse_k5,5,0.6299745467845065
cleanStatic,calibration,64,64.0316782,4,30,1600541955,1601041955,5579663.897655999,2101648.0494091464,pg_scc_k5,5,0.7443031720385591
cleanStatic,calibration,64,64.0316782,4,30,1600541955,1601041955,5579663.897655999,2101648.0494091464,ai_sparse_k9,9,0.21078356404443482
cleanStatic,calibration,64,64.0316782,4,30,1600541955,1601041955,5579663.897655999,2101648.0494091464,pg_scc_k9,9,0.2928043891382873
cleanStatic,calibration,64,64.0316782,4,30,1600541955,1601041955,5579663.897655999,2101648.0494091464,epl3,3,0.37957509170660547
cleanStatic,calibration,64,64.0316782,4,30,1600541955,1601041955,5579663.897655999,2101648.0494091464,fixed9,9,0.06075908851239574
cleanStatic,calibration,64,64.0316782,4,30,1600541955,1601041955,5579663.897655999,2101648.0494091464,random1_k3,3,0.7560463337700475
cleanStatic,calibration,64,64.0316782,4,30,1600541955,1601041955,5579663.897655999,2101648.0494091464,random2_k3,3,0.7694219501987886
cleanStatic,calibration,64,64.0316782,4,30,1600541955,1601041955,5579663.897655999,2101648.0494091464,random3_k3,3,0.5691380779031129
cleanStatic,calibration,64,64.0316782,4,30,1600541955,1601041955,5579663.897655999,2101648.0494091464,random4_k3,3,0.3066032176566624
cleanStatic,calibration,64,64.0316782,4,30,1600541955,1601041955,5579663.897655999,2101648.0494091464,random5_k3,3,0.2803117614736022
cleanStatic,calibration,64,64.0316782,4,30,1600541955,1601041955,5579663.897655999,2101648.0494091464,random1_k5,5,0.3776822963262857
cleanStatic,calibration,64,64.0316782,4,30,1600541955,1601041955,5579663.897655999,2101648.0494091464,random2_k5,5,0.494540821585751
cleanStatic,calibration,64,64.0316782,4,30,1600541955,1601041955,5579663.897655999,2101648.0494091464,random3_k5,5,0.423769535257709
cleanStatic,calibration,64,64.0316782,4,30,1600541955,1601041955,5579663.897655999,2101648.0494091464,random4_k5,5,0.24838082920569376
cleanStatic,calibration,64,64.0316782,4,30,1600541955,1601041955,5579663.897655999,2101648.0494091464,random5_k5,5,0.5852456750638959
cleanStatic,calibration,64,64.0316782,4,30,1600541955,1601041955,5579663.897655999,2101648.0494091464,random1_k9,9,0.45115615458289265
cleanStatic,calibration,64,64.0316782,4,30,1600541955,1601041955,5579663.897655999,2101648.0494091464,random2_k9,9,0.7509706466242191
cleanStatic,calibration,64,64.0316782,4,30,1600541955,1601041955,5579663.897655999,2101648.0494091464,random3_k9,9,0.9797002420047095
cleanStatic,calibration,64,64.0316782,4,30,1600541955,1601041955,5579663.897655999,2101648.0494091464,random4_k9,9,1.004623243506492
cleanStatic,calibration,64,64.0316782,4,30,1600541955,1601041955,5579663.897655999,2101648.0494091464,random5_k9,9,0.25118987444978624
cleanStatic,calibration,64,64.01066312,5,6,1600016578,1600516578,5550938.666424,4543645.929047355,dense_two_source_glrt,187,0.09256702488209625
cleanStatic,calibration,64,64.01066312,5,6,1600016578,1600516578,5550938.666424,4543645.929047355,dense_one_source_residual,187,0.444677861564329
cleanStatic,calibration,64,64.01066312,5,6,1600016578,1600516578,5550938.666424,4543645.929047355,raw_power_only,0,5550938.666424
cleanStatic,calibration,64,64.01066312,5,6,1600016578,1600516578,5550938.666424,4543645.929047355,analytic_sparse_k3,3,0.12281346917276705
cleanStatic,calibration,64,64.01066312,5,6,1600016578,1600516578,5550938.666424,4543645.929047355,uniform_k3,3,0.08716243205294626
cleanStatic,calibration,64,64.01066312,5,6,1600016578,1600516578,5550938.666424,4543645.929047355,shuffled_k3,3,0.15311405396229918
cleanStatic,calibration,64,64.01066312,5,6,1600016578,1600516578,5550938.666424,4543645.929047355,analytic_sparse_k5,5,0.16548000511129984
cleanStatic,calibration,64,64.01066312,5,6,1600016578,1600516578,5550938.666424,4543645.929047355,uniform_k5,5,0.05586598502107223
cleanStatic,calibration,64,64.01066312,5,6,1600016578,1600516578,5550938.666424,4543645.929047355,shuffled_k5,5,0.2810076238079183
cleanStatic,calibration,64,64.01066312,5,6,1600016578,1600516578,5550938.666424,4543645.929047355,analytic_sparse_k9,9,0.14104477126728404
cleanStatic,calibration,64,64.01066312,5,6,1600016578,1600516578,5550938.666424,4543645.929047355,uniform_k9,9,0.10554591632829388
cleanStatic,calibration,64,64.01066312,5,6,1600016578,1600516578,5550938.666424,4543645.929047355,shuffled_k9,9,0.29168605633772166
cleanStatic,calibration,64,64.01066312,5,6,1600016578,1600516578,5550938.666424,4543645.929047355,ai_sparse_k3,3,0.07084789860215696
cleanStatic,calibration,64,64.01066312,5,6,1600016578,1600516578,5550938.666424,4543645.929047355,pg_scc_k3,3,0.0369325862272407
cleanStatic,calibration,64,64.01066312,5,6,1600016578,1600516578,5550938.666424,4543645.929047355,ai_sparse_k5,5,0.20021765225670235
cleanStatic,calibration,64,64.01066312,5,6,1600016578,1600516578,5550938.666424,4543645.929047355,pg_scc_k5,5,0.16131739449653934
cleanStatic,calibration,64,64.01066312,5,6,1600016578,1600516578,5550938.666424,4543645.929047355,ai_sparse_k9,9,0.23011388474511824
cleanStatic,calibration,64,64.01066312,5,6,1600016578,1600516578,5550938.666424,4543645.929047355,pg_scc_k9,9,0.20426542283013385
cleanStatic,calibration,64,64.01066312,5,6,1600016578,1600516578,5550938.666424,4543645.929047355,epl3,3,0.2458441230325096
cleanStatic,calibration,64,64.01066312,5,6,1600016578,1600516578,5550938.666424,4543645.929047355,fixed9,9,0.34211434838235655
cleanStatic,calibration,64,64.01066312,5,6,1600016578,1600516578,5550938.666424,4543645.929047355,random1_k3,3,0.1640616693825487
cleanStatic,calibration,64,64.01066312,5,6,1600016578,1600516578,5550938.666424,4543645.929047355,random2_k3,3,0.3753512186275474
cleanStatic,calibration,64,64.01066312,5,6,1600016578,1600516578,5550938.666424,4543645.929047355,random3_k3,3,0.11631268738471436
cleanStatic,calibration,64,64.01066312,5,6,1600016578,1600516578,5550938.666424,4543645.929047355,random4_k3,3,0.3238680047327162
cleanStatic,calibration,64,64.01066312,5,6,1600016578,1600516578,5550938.666424,4543645.929047355,random5_k3,3,0.19150006216099072
cleanStatic,calibration,64,64.01066312,5,6,1600016578,1600516578,5550938.666424,4543645.929047355,random1_k5,5,0.26331032061819637
cleanStatic,calibration,64,64.01066312,5,6,1600016578,1600516578,5550938.666424,4543645.929047355,random2_k5,5,0.22131287889078757
cleanStatic,calibration,64,64.01066312,5,6,1600016578,1600516578,5550938.666424,4543645.929047355,random3_k5,5,0.2380907499771518
cleanStatic,calibration,64,64.01066312,5,6,1600016578,1600516578,5550938.666424,4543645.929047355,random4_k5,5,0.01998793620791899
cleanStatic,calibration,64,64.01066312,5,6,1600016578,1600516578,5550938.666424,4543645.929047355,random5_k5,5,0.27096233543250847
cleanStatic,calibration,64,64.01066312,5,6,1600016578,1600516578,5550938.666424,4543645.929047355,random1_k9,9,0.09248600436672064
cleanStatic,calibration,64,64.01066312,5,6,1600016578,1600516578,5550938.666424,4543645.929047355,random2_k9,9,0.07767953211624551
cleanStatic,calibration,64,64.01066312,5,6,1600016578,1600516578,5550938.666424,4543645.929047355,random3_k9,9,0.2472545545672554
cleanStatic,calibration,64,64.01066312,5,6,1600016578,1600516578,5550938.666424,4543645.929047355,random4_k9,9,0.10165453799645723
cleanStatic,calibration,64,64.01066312,5,6,1600016578,1600516578,5550938.666424,4543645.929047355,random5_k9,9,0.022639677569863306
cleanStatic,calibration,64,64.01118224,6,7,1600029556,1600529556,5552698.992012,4792014.514528588,dense_two_source_glrt,187,0.04537345332119747
cleanStatic,calibration,64,64.01118224,6,7,1600029556,1600529556,5552698.992012,4792014.514528588,dense_one_source_residual,187,0.7455696640134611
cleanStatic,calibration,64,64.01118224,6,7,1600029556,1600529556,5552698.992012,4792014.514528588,raw_power_only,0,5552698.992012
cleanStatic,calibration,64,64.01118224,6,7,1600029556,1600529556,5552698.992012,4792014.514528588,analytic_sparse_k3,3,0.46520815786526004
cleanStatic,calibration,64,64.01118224,6,7,1600029556,1600529556,5552698.992012,4792014.514528588,uniform_k3,3,0.8408621052350308
cleanStatic,calibration,64,64.01118224,6,7,1600029556,1600529556,5552698.992012,4792014.514528588,shuffled_k3,3,0.4993391716947173
cleanStatic,calibration,64,64.01118224,6,7,1600029556,1600529556,5552698.992012,4792014.514528588,analytic_sparse_k5,5,0.7663231979516497
cleanStatic,calibration,64,64.01118224,6,7,1600029556,1600529556,5552698.992012,4792014.514528588,uniform_k5,5,0.5863542473149013
cleanStatic,calibration,64,64.01118224,6,7,1600029556,1600529556,5552698.992012,4792014.514528588,shuffled_k5,5,0.7987066224535644
cleanStatic,calibration,64,64.01118224,6,7,1600029556,1600529556,5552698.992012,4792014.514528588,analytic_sparse_k9,9,0.42369102250029045
cleanStatic,calibration,64,64.01118224,6,7,1600029556,1600529556,5552698.992012,4792014.514528588,uniform_k9,9,0.025582899373143658
cleanStatic,calibration,64,64.01118224,6,7,1600029556,1600529556,5552698.992012,4792014.514528588,shuffled_k9,9,0.07351946482494782
cleanStatic,calibration,64,64.01118224,6,7,1600029556,1600529556,5552698.992012,4792014.514528588,ai_sparse_k3,3,0.15102173127964943
cleanStatic,calibration,64,64.01118224,6,7,1600029556,1600529556,5552698.992012,4792014.514528588,pg_scc_k3,3,0.14596082347374137
cleanStatic,calibration,64,64.01118224,6,7,1600029556,1600529556,5552698.992012,4792014.514528588,ai_sparse_k5,5,0.24964942513579924
cleanStatic,calibration,64,64.01118224,6,7,1600029556,1600529556,5552698.992012,4792014.514528588,pg_scc_k5,5,0.11966772572590276
cleanStatic,calibration,64,64.01118224,6,7,1600029556,1600529556,5552698.992012,4792014.514528588,ai_sparse_k9,9,0.18345406638977874
cleanStatic,calibration,64,64.01118224,6,7,1600029556,1600529556,5552698.992012,4792014.514528588,pg_scc_k9,9,0.18257958711339622
cleanStatic,calibration,64,64.01118224,6,7,1600029556,1600529556,5552698.992012,4792014.514528588,epl3,3,0.375025613102926
cleanStatic,calibration,64,64.01118224,6,7,1600029556,1600529556,5552698.992012,4792014.514528588,fixed9,9,0.15860906127629779
cleanStatic,calibration,64,64.01118224,6,7,1600029556,1600529556,5552698.992012,4792014.514528588,random1_k3,3,0.9369808704655133
cleanStatic,calibration,64,64.01118224,6,7,1600029556,1600529556,5552698.992012,4792014.514528588,random2_k3,3,0.7841631056969157
cleanStatic,calibration,64,64.01118224,6,7,1600029556,1600529556,5552698.992012,4792014.514528588,random3_k3,3,0.03955122296562874
cleanStatic,calibration,64,64.01118224,6,7,1600029556,1600529556,5552698.992012,4792014.514528588,random4_k3,3,0.3291093053157462
cleanStatic,calibration,64,64.01118224,6,7,1600029556,1600529556,5552698.992012,4792014.514528588,random5_k3,3,0.3692309549040503
cleanStatic,calibration,64,64.01118224,6,7,1600029556,1600529556,5552698.992012,4792014.514528588,random1_k5,5,0.2001035020064041
cleanStatic,calibration,64,64.01118224,6,7,1600029556,1600529556,5552698.992012,4792014.514528588,random2_k5,5,0.2750054123563421
cleanStatic,calibration,64,64.01118224,6,7,1600029556,1600529556,5552698.992012,4792014.514528588,random3_k5,5,0.16165876882373853
cleanStatic,calibration,64,64.01118224,6,7,1600029556,1600529556,5552698.992012,4792014.514528588,random4_k5,5,0.4028051020865915
cleanStatic,calibration,64,64.01118224,6,7,1600029556,1600529556,5552698.992012,4792014.514528588,random5_k5,5,0.26423461003519577
cleanStatic,calibration,64,64.01118224,6,7,1600029556,1600529556,5552698.992012,4792014.514528588,random1_k9,9,0.16551589476069284
cleanStatic,calibration,64,64.01118224,6,7,1600029556,1600529556,5552698.992012,4792014.514528588,random2_k9,9,0.17044455857846744
cleanStatic,calibration,64,64.01118224,6,7,1600029556,1600529556,5552698.992012,4792014.514528588,random3_k9,9,0.34606917663705183
cleanStatic,calibration,64,64.01118224,6,7,1600029556,1600529556,5552698.992012,4792014.514528588,random4_k9,9,0.30582618936595346
cleanStatic,calibration,64,64.01118224,6,7,1600029556,1600529556,5552698.992012,4792014.514528588,random5_k9,9,0.4125817838523894
cleanStatic,calibration,64,64.02237012,7,10,1600309253,1600809253,5549441.728898001,2308082.768788284,dense_two_source_glrt,187,0.4636821252454856
cleanStatic,calibration,64,64.02237012,7,10,1600309253,1600809253,5549441.728898001,2308082.768788284,dense_one_source_residual,187,1.6657053202893441
cleanStatic,calibration,64,64.02237012,7,10,1600309253,1600809253,5549441.728898001,2308082.768788284,raw_power_only,0,5549441.728898001
cleanStatic,calibration,64,64.02237012,7,10,1600309253,1600809253,5549441.728898001,2308082.768788284,analytic_sparse_k3,3,0.33518949934417264
cleanStatic,calibration,64,64.02237012,7,10,1600309253,1600809253,5549441.728898001,2308082.768788284,uniform_k3,3,0.39144622909562116
cleanStatic,calibration,64,64.02237012,7,10,1600309253,1600809253,5549441.728898001,2308082.768788284,shuffled_k3,3,0.04935888561499085
cleanStatic,calibration,64,64.02237012,7,10,1600309253,1600809253,5549441.728898001,2308082.768788284,analytic_sparse_k5,5,0.1633829262036758
cleanStatic,calibration,64,64.02237012,7,10,1600309253,1600809253,5549441.728898001,2308082.768788284,uniform_k5,5,0.2666650470764836
cleanStatic,calibration,64,64.02237012,7,10,1600309253,1600809253,5549441.728898001,2308082.768788284,shuffled_k5,5,0.9955852344766857
cleanStatic,calibration,64,64.02237012,7,10,1600309253,1600809253,5549441.728898001,2308082.768788284,analytic_sparse_k9,9,0.3856148597740244
cleanStatic,calibration,64,64.02237012,7,10,1600309253,1600809253,5549441.728898001,2308082.768788284,uniform_k9,9,0.09136269212597581
cleanStatic,calibration,64,64.02237012,7,10,1600309253,1600809253,5549441.728898001,2308082.768788284,shuffled_k9,9,1.6301673317004912
cleanStatic,calibration,64,64.02237012,7,10,1600309253,1600809253,5549441.728898001,2308082.768788284,ai_sparse_k3,3,0.6310257401205605
cleanStatic,calibration,64,64.02237012,7,10,1600309253,1600809253,5549441.728898001,2308082.768788284,pg_scc_k3,3,1.6650521085432626
cleanStatic,calibration,64,64.02237012,7,10,1600309253,1600809253,5549441.728898001,2308082.768788284,ai_sparse_k5,5,1.9910547050428327
cleanStatic,calibration,64,64.02237012,7,10,1600309253,1600809253,5549441.728898001,2308082.768788284,pg_scc_k5,5,0.7590621609776995
cleanStatic,calibration,64,64.02237012,7,10,1600309253,1600809253,5549441.728898001,2308082.768788284,ai_sparse_k9,9,1.7842709927487266
cleanStatic,calibration,64,64.02237012,7,10,1600309253,1600809253,5549441.728898001,2308082.768788284,pg_scc_k9,9,1.6265767112341587
cleanStatic,calibration,64,64.02237012,7,10,1600309253,1600809253,5549441.728898001,2308082.768788284,epl3,3,1.1302405497358357
cleanStatic,calibration,64,64.02237012,7,10,1600309253,1600809253,5549441.728898001,2308082.768788284,fixed9,9,0.893828999913027
cleanStatic,calibration,64,64.02237012,7,10,1600309253,1600809253,5549441.728898001,2308082.768788284,random1_k3,3,1.1439424676092365
cleanStatic,calibration,64,64.02237012,7,10,1600309253,1600809253,5549441.728898001,2308082.768788284,random2_k3,3,0.2839901198611632
cleanStatic,calibration,64,64.02237012,7,10,1600309253,1600809253,5549441.728898001,2308082.768788284,random3_k3,3,4.419924569357536
cleanStatic,calibration,64,64.02237012,7,10,1600309253,1600809253,5549441.728898001,2308082.768788284,random4_k3,3,0.6695605908057122
cleanStatic,calibration,64,64.02237012,7,10,1600309253,1600809253,5549441.728898001,2308082.768788284,random5_k3,3,0.14193284835885603
cleanStatic,calibration,64,64.02237012,7,10,1600309253,1600809253,5549441.728898001,2308082.768788284,random1_k5,5,0.45175848679980585
cleanStatic,calibration,64,64.02237012,7,10,1600309253,1600809253,5549441.728898001,2308082.768788284,random2_k5,5,1.444342010350368
cleanStatic,calibration,64,64.02237012,7,10,1600309253,1600809253,5549441.728898001,2308082.768788284,random3_k5,5,1.2015095903883217
cleanStatic,calibration,64,64.02237012,7,10,1600309253,1600809253,5549441.728898001,2308082.768788284,random4_k5,5,0.9480692276610588
cleanStatic,calibration,64,64.02237012,7,10,1600309253,1600809253,5549441.728898001,2308082.768788284,random5_k5,5,0.2881271296588398
cleanStatic,calibration,64,64.02237012,7,10,1600309253,1600809253,5549441.728898001,2308082.768788284,random1_k9,9,0.8448608427047011
cleanStatic,calibration,64,64.02237012,7,10,1600309253,1600809253,5549441.728898001,2308082.768788284,random2_k9,9,0.485633849874651
cleanStatic,calibration,64,64.02237012,7,10,1600309253,1600809253,5549441.728898001,2308082.768788284,random3_k9,9,0.8279365218437316
cleanStatic,calibration,64,64.02237012,7,10,1600309253,1600809253,5549441.728898001,2308082.768788284,random4_k9,9,0.22522459009290274
cleanStatic,calibration,64,64.02237012,7,10,1600309253,1600809253,5549441.728898001,2308082.768788284,random5_k9,9,0.778538485989792
cleanStatic,calibration,64,64.01065916,8,13,1600016479,1600516479,5551120.286147999,6319912.225446729,dense_two_source_glrt,187,0.08834836697093985
cleanStatic,calibration,64,64.01065916,8,13,1600016479,1600516479,5551120.286147999,6319912.225446729,dense_one_source_residual,187,0.34416989148962657
cleanStatic,calibration,64,64.01065916,8,13,1600016479,1600516479,5551120.286147999,6319912.225446729,raw_power_only,0,5551120.286147999
cleanStatic,calibration,64,64.01065916,8,13,1600016479,1600516479,5551120.286147999,6319912.225446729,analytic_sparse_k3,3,0.18754552071019973
cleanStatic,calibration,64,64.01065916,8,13,1600016479,1600516479,5551120.286147999,6319912.225446729,uniform_k3,3,0.3066291254608411
cleanStatic,calibration,64,64.01065916,8,13,1600016479,1600516479,5551120.286147999,6319912.225446729,shuffled_k3,3,0.1108801733831684
cleanStatic,calibration,64,64.01065916,8,13,1600016479,1600516479,5551120.286147999,6319912.225446729,analytic_sparse_k5,5,0.21907705602691147
cleanStatic,calibration,64,64.01065916,8,13,1600016479,1600516479,5551120.286147999,6319912.225446729,uniform_k5,5,0.19632116134451785
cleanStatic,calibration,64,64.01065916,8,13,1600016479,1600516479,5551120.286147999,6319912.225446729,shuffled_k5,5,0.05950953701415297
cleanStatic,calibration,64,64.01065916,8,13,1600016479,1600516479,5551120.286147999,6319912.225446729,analytic_sparse_k9,9,0.19541401061097197
cleanStatic,calibration,64,64.01065916,8,13,1600016479,1600516479,5551120.286147999,6319912.225446729,uniform_k9,9,0.06588063252143041
cleanStatic,calibration,64,64.01065916,8,13,1600016479,1600516479,5551120.286147999,6319912.225446729,shuffled_k9,9,0.16193062912536382
cleanStatic,calibration,64,64.01065916,8,13,1600016479,1600516479,5551120.286147999,6319912.225446729,ai_sparse_k3,3,0.5232923174344714
cleanStatic,calibration,64,64.01065916,8,13,1600016479,1600516479,5551120.286147999,6319912.225446729,pg_scc_k3,3,0.47642491803155856
cleanStatic,calibration,64,64.01065916,8,13,1600016479,1600516479,5551120.286147999,6319912.225446729,ai_sparse_k5,5,0.2136027541194629
cleanStatic,calibration,64,64.01065916,8,13,1600016479,1600516479,5551120.286147999,6319912.225446729,pg_scc_k5,5,0.24773396019668983
cleanStatic,calibration,64,64.01065916,8,13,1600016479,1600516479,5551120.286147999,6319912.225446729,ai_sparse_k9,9,0.1786793705369747
cleanStatic,calibration,64,64.01065916,8,13,1600016479,1600516479,5551120.286147999,6319912.225446729,pg_scc_k9,9,0.22625024382585662
cleanStatic,calibration,64,64.01065916,8,13,1600016479,1600516479,5551120.286147999,6319912.225446729,epl3,3,0.17933963420183321
cleanStatic,calibration,64,64.01065916,8,13,1600016479,1600516479,5551120.286147999,6319912.225446729,fixed9,9,0.2268618384702263
cleanStatic,calibration,64,64.01065916,8,13,1600016479,1600516479,5551120.286147999,6319912.225446729,random1_k3,3,0.5382875967888145
cleanStatic,calibration,64,64.01065916,8,13,1600016479,1600516479,5551120.286147999,6319912.225446729,random2_k3,3,0.14391296628933212
cleanStatic,calibration,64,64.01065916,8,13,1600016479,1600516479,5551120.286147999,6319912.225446729,random3_k3,3,0.3912864284579282
cleanStatic,calibration,64,64.01065916,8,13,1600016479,1600516479,5551120.286147999,6319912.225446729,random4_k3,3,0.07894081337275782
cleanStatic,calibration,64,64.01065916,8,13,1600016479,1600516479,5551120.286147999,6319912.225446729,random5_k3,3,0.12119960499586159
cleanStatic,calibration,64,64.01065916,8,13,1600016479,1600516479,5551120.286147999,6319912.225446729,random1_k5,5,0.0626579074483619
cleanStatic,calibration,64,64.01065916,8,13,1600016479,1600516479,5551120.286147999,6319912.225446729,random2_k5,5,0.0746452701371323
cleanStatic,calibration,64,64.01065916,8,13,1600016479,1600516479,5551120.286147999,6319912.225446729,random3_k5,5,0.21537869243710675
cleanStatic,calibration,64,64.01065916,8,13,1600016479,1600516479,5551120.286147999,6319912.225446729,random4_k5,5,0.07124814109312376
cleanStatic,calibration,64,64.01065916,8,13,1600016479,1600516479,5551120.286147999,6319912.225446729,random5_k5,5,0.08208469494792095
cleanStatic,calibration,64,64.01065916,8,13,1600016479,1600516479,5551120.286147999,6319912.225446729,random1_k9,9,0.12552611078211756
cleanStatic,calibration,64,64.01065916,8,13,1600016479,1600516479,5551120.286147999,6319912.225446729,random2_k9,9,0.13224596618510398
cleanStatic,calibration,64,64.01065916,8,13,1600016479,1600516479,5551120.286147999,6319912.225446729,random3_k9,9,0.06495381273530675
cleanStatic,calibration,64,64.01065916,8,13,1600016479,1600516479,5551120.286147999,6319912.225446729,random4_k9,9,0.27095554077712186
cleanStatic,calibration,64,64.01065916,8,13,1600016479,1600516479,5551120.286147999,6319912.225446729,random5_k9,9,0.18194327418949813
cleanStatic,calibration,64,64.019489,9,19,1600237225,1600737225,5536183.325882001,4536986.214407608,dense_two_source_glrt,187,0.05616597956707511
cleanStatic,calibration,64,64.019489,9,19,1600237225,1600737225,5536183.325882001,4536986.214407608,dense_one_source_residual,187,0.45020576185788475
cleanStatic,calibration,64,64.019489,9,19,1600237225,1600737225,5536183.325882001,4536986.214407608,raw_power_only,0,5536183.325882001
cleanStatic,calibration,64,64.019489,9,19,1600237225,1600737225,5536183.325882001,4536986.214407608,analytic_sparse_k3,3,0.17899085200240208
cleanStatic,calibration,64,64.019489,9,19,1600237225,1600737225,5536183.325882001,4536986.214407608,uniform_k3,3,0.12153246719564924
cleanStatic,calibration,64,64.019489,9,19,1600237225,1600737225,5536183.325882001,4536986.214407608,shuffled_k3,3,0.10953916693101014
cleanStatic,calibration,64,64.019489,9,19,1600237225,1600737225,5536183.325882001,4536986.214407608,analytic_sparse_k5,5,0.16820058959419953
cleanStatic,calibration,64,64.019489,9,19,1600237225,1600737225,5536183.325882001,4536986.214407608,uniform_k5,5,0.10393233826861747
cleanStatic,calibration,64,64.019489,9,19,1600237225,1600737225,5536183.325882001,4536986.214407608,shuffled_k5,5,0.3074949607754031
cleanStatic,calibration,64,64.019489,9,19,1600237225,1600737225,5536183.325882001,4536986.214407608,analytic_sparse_k9,9,0.17884479643402093
cleanStatic,calibration,64,64.019489,9,19,1600237225,1600737225,5536183.325882001,4536986.214407608,uniform_k9,9,0.06609161809748877
cleanStatic,calibration,64,64.019489,9,19,1600237225,1600737225,5536183.325882001,4536986.214407608,shuffled_k9,9,0.2801485518412119
cleanStatic,calibration,64,64.019489,9,19,1600237225,1600737225,5536183.325882001,4536986.214407608,ai_sparse_k3,3,0.31912274074329755
cleanStatic,calibration,64,64.019489,9,19,1600237225,1600737225,5536183.325882001,4536986.214407608,pg_scc_k3,3,0.6573701965785214
cleanStatic,calibration,64,64.019489,9,19,1600237225,1600737225,5536183.325882001,4536986.214407608,ai_sparse_k5,5,0.22105948391546307
cleanStatic,calibration,64,64.019489,9,19,1600237225,1600737225,5536183.325882001,4536986.214407608,pg_scc_k5,5,0.19481183541355213
cleanStatic,calibration,64,64.019489,9,19,1600237225,1600737225,5536183.325882001,4536986.214407608,ai_sparse_k9,9,0.15960775102563812
cleanStatic,calibration,64,64.019489,9,19,1600237225,1600737225,5536183.325882001,4536986.214407608,pg_scc_k9,9,0.11926921364838616
cleanStatic,calibration,64,64.019489,9,19,1600237225,1600737225,5536183.325882001,4536986.214407608,epl3,3,0.2744269604804735
cleanStatic,calibration,64,64.019489,9,19,1600237225,1600737225,5536183.325882001,4536986.214407608,fixed9,9,0.26260200961566904
cleanStatic,calibration,64,64.019489,9,19,1600237225,1600737225,5536183.325882001,4536986.214407608,random1_k3,3,0.22732104588132815
cleanStatic,calibration,64,64.019489,9,19,1600237225,1600737225,5536183.325882001,4536986.214407608,random2_k3,3,0.17694795542208994
cleanStatic,calibration,64,64.019489,9,19,1600237225,1600737225,5536183.325882001,4536986.214407608,random3_k3,3,0.4589626328405945
cleanStatic,calibration,64,64.019489,9,19,1600237225,1600737225,5536183.325882001,4536986.214407608,random4_k3,3,0.27220302097272847
cleanStatic,calibration,64,64.019489,9,19,1600237225,1600737225,5536183.325882001,4536986.214407608,random5_k3,3,0.2729096400576611
cleanStatic,calibration,64,64.019489,9,19,1600237225,1600737225,5536183.325882001,4536986.214407608,random1_k5,5,0.21819120175197781
cleanStatic,calibration,64,64.019489,9,19,1600237225,1600737225,5536183.325882001,4536986.214407608,random2_k5,5,0.09197543080447548
cleanStatic,calibration,64,64.019489,9,19,1600237225,1600737225,5536183.325882001,4536986.214407608,random3_k5,5,0.20290458017209198
cleanStatic,calibration,64,64.019489,9,19,1600237225,1600737225,5536183.325882001,4536986.214407608,random4_k5,5,0.13670587505123272
cleanStatic,calibration,64,64.019489,9,19,1600237225,1600737225,5536183.325882001,4536986.214407608,random5_k5,5,0.288833988036895
cleanStatic,calibration,64,64.019489,9,19,1600237225,1600737225,5536183.325882001,4536986.214407608,random1_k9,9,0.0966159887160089
cleanStatic,calibration,64,64.019489,9,19,1600237225,1600737225,5536183.325882001,4536986.214407608,random2_k9,9,0.0760921592242597
cleanStatic,calibration,64,64.019489,9,19,1600237225,1600737225,5536183.325882001,4536986.214407608,random3_k9,9,0.13789128287082766
cleanStatic,calibration,64,64.019489,9,19,1600237225,1600737225,5536183.325882001,4536986.214407608,random4_k9,9,0.22001246510176178
cleanStatic,calibration,64,64.019489,9,19,1600237225,1600737225,5536183.325882001,4536986.214407608,random5_k9,9,0.1927793024629848
cleanStatic,calibration,64,64.0176192,10,23,1600190480,1600690480,5539715.789578001,6598909.658782371,dense_two_source_glrt,187,0.060715188188000646
cleanStatic,calibration,64,64.0176192,10,23,1600190480,1600690480,5539715.789578001,6598909.658782371,dense_one_source_residual,187,0.41414191677845846
cleanStatic,calibration,64,64.0176192,10,23,1600190480,1600690480,5539715.789578001,6598909.658782371,raw_power_only,0,5539715.789578001
cleanStatic,calibration,64,64.0176192,10,23,1600190480,1600690480,5539715.789578001,6598909.658782371,analytic_sparse_k3,3,0.27915504620058623
cleanStatic,calibration,64,64.0176192,10,23,1600190480,1600690480,5539715.789578001,6598909.658782371,uniform_k3,3,0.13442823528785317
cleanStatic,calibration,64,64.0176192,10,23,1600190480,1600690480,5539715.789578001,6598909.658782371,shuffled_k3,3,0.13018771918707717
cleanStatic,calibration,64,64.0176192,10,23,1600190480,1600690480,5539715.789578001,6598909.658782371,analytic_sparse_k5,5,0.278780872518604
cleanStatic,calibration,64,64.0176192,10,23,1600190480,1600690480,5539715.789578001,6598909.658782371,uniform_k5,5,0.08279473148921983
cleanStatic,calibration,64,64.0176192,10,23,1600190480,1600690480,5539715.789578001,6598909.658782371,shuffled_k5,5,0.270285901123717
cleanStatic,calibration,64,64.0176192,10,23,1600190480,1600690480,5539715.789578001,6598909.658782371,analytic_sparse_k9,9,0.16905510549040473
cleanStatic,calibration,64,64.0176192,10,23,1600190480,1600690480,5539715.789578001,6598909.658782371,uniform_k9,9,0.015196008754863315
cleanStatic,calibration,64,64.0176192,10,23,1600190480,1600690480,5539715.789578001,6598909.658782371,shuffled_k9,9,0.28283392343282415
cleanStatic,calibration,64,64.0176192,10,23,1600190480,1600690480,5539715.789578001,6598909.658782371,ai_sparse_k3,3,0.31032540709733786
cleanStatic,calibration,64,64.0176192,10,23,1600190480,1600690480,5539715.789578001,6598909.658782371,pg_scc_k3,3,0.47781643306927446
cleanStatic,calibration,64,64.0176192,10,23,1600190480,1600690480,5539715.789578001,6598909.658782371,ai_sparse_k5,5,0.49696255788073096
cleanStatic,calibration,64,64.0176192,10,23,1600190480,1600690480,5539715.789578001,6598909.658782371,pg_scc_k5,5,0.10909642488650109
cleanStatic,calibration,64,64.0176192,10,23,1600190480,1600690480,5539715.789578001,6598909.658782371,ai_sparse_k9,9,0.5072296912150461
cleanStatic,calibration,64,64.0176192,10,23,1600190480,1600690480,5539715.789578001,6598909.658782371,pg_scc_k9,9,0.11742962861377526
cleanStatic,calibration,64,64.0176192,10,23,1600190480,1600690480,5539715.789578001,6598909.658782371,epl3,3,0.3157893765143279
cleanStatic,calibration,64,64.0176192,10,23,1600190480,1600690480,5539715.789578001,6598909.658782371,fixed9,9,0.40438910862983474
cleanStatic,calibration,64,64.0176192,10,23,1600190480,1600690480,5539715.789578001,6598909.658782371,random1_k3,3,0.28047848187099367
cleanStatic,calibration,64,64.0176192,10,23,1600190480,1600690480,5539715.789578001,6598909.658782371,random2_k3,3,0.19368251587539143
cleanStatic,calibration,64,64.0176192,10,23,1600190480,1600690480,5539715.789578001,6598909.658782371,random3_k3,3,0.33056433753273406
cleanStatic,calibration,64,64.0176192,10,23,1600190480,1600690480,5539715.789578001,6598909.658782371,random4_k3,3,0.040184043296221335
cleanStatic,calibration,64,64.0176192,10,23,1600190480,1600690480,5539715.789578001,6598909.658782371,random5_k3,3,0.4121729592056665
cleanStatic,calibration,64,64.0176192,10,23,1600190480,1600690480,5539715.789578001,6598909.658782371,random1_k5,5,0.1064535160494761
cleanStatic,calibration,64,64.0176192,10,23,1600190480,1600690480,5539715.789578001,6598909.658782371,random2_k5,5,0.12186665763264619
cleanStatic,calibration,64,64.0176192,10,23,1600190480,1600690480,5539715.789578001,6598909.658782371,random3_k5,5,0.16025045706450455
cleanStatic,calibration,64,64.0176192,10,23,1600190480,1600690480,5539715.789578001,6598909.658782371,random4_k5,5,0.18315656219300896
cleanStatic,calibration,64,64.0176192,10,23,1600190480,1600690480,5539715.789578001,6598909.658782371,random5_k5,5,0.1471370955789382
cleanStatic,calibration,64,64.0176192,10,23,1600190480,1600690480,5539715.789578001,6598909.658782371,random1_k9,9,0.1554242603916679
cleanStatic,calibration,64,64.0176192,10,23,1600190480,1600690480,5539715.789578001,6598909.658782371,random2_k9,9,0.14597548288459292
cleanStatic,calibration,64,64.0176192,10,23,1600190480,1600690480,5539715.789578001,6598909.658782371,random3_k9,9,0.16708363347043853
cleanStatic,calibration,64,64.0176192,10,23,1600190480,1600690480,5539715.789578001,6598909.658782371,random4_k9,9,0.13603099973655775
cleanStatic,calibration,64,64.0176192,10,23,1600190480,1600690480,5539715.789578001,6598909.658782371,random5_k9,9,0.13829478802598014
cleanStatic,calibration,65,65.00431888,0,16,1624857972,1625357972,5561370.62906,4843135.148759589,dense_two_source_glrt,187,0.033182250397654295
cleanStatic,calibration,65,65.00431888,0,16,1624857972,1625357972,5561370.62906,4843135.148759589,dense_one_source_residual,187,0.2871154410252277
cleanStatic,calibration,65,65.00431888,0,16,1624857972,1625357972,5561370.62906,4843135.148759589,raw_power_only,0,5561370.62906
cleanStatic,calibration,65,65.00431888,0,16,1624857972,1625357972,5561370.62906,4843135.148759589,analytic_sparse_k3,3,0.07643784053056407
cleanStatic,calibration,65,65.00431888,0,16,1624857972,1625357972,5561370.62906,4843135.148759589,uniform_k3,3,0.14610023622569648
cleanStatic,calibration,65,65.00431888,0,16,1624857972,1625357972,5561370.62906,4843135.148759589,shuffled_k3,3,0.1392726612588334
cleanStatic,calibration,65,65.00431888,0,16,1624857972,1625357972,5561370.62906,4843135.148759589,analytic_sparse_k5,5,0.12168925203959662
cleanStatic,calibration,65,65.00431888,0,16,1624857972,1625357972,5561370.62906,4843135.148759589,uniform_k5,5,0.20355649553967722
cleanStatic,calibration,65,65.00431888,0,16,1624857972,1625357972,5561370.62906,4843135.148759589,shuffled_k5,5,0.1556099729763539
cleanStatic,calibration,65,65.00431888,0,16,1624857972,1625357972,5561370.62906,4843135.148759589,analytic_sparse_k9,9,0.11780390704714737
cleanStatic,calibration,65,65.00431888,0,16,1624857972,1625357972,5561370.62906,4843135.148759589,uniform_k9,9,0.058516545786683145
cleanStatic,calibration,65,65.00431888,0,16,1624857972,1625357972,5561370.62906,4843135.148759589,shuffled_k9,9,0.0595028190633519
cleanStatic,calibration,65,65.00431888,0,16,1624857972,1625357972,5561370.62906,4843135.148759589,ai_sparse_k3,3,0.13556313158411004
cleanStatic,calibration,65,65.00431888,0,16,1624857972,1625357972,5561370.62906,4843135.148759589,pg_scc_k3,3,0.1638165591199478
cleanStatic,calibration,65,65.00431888,0,16,1624857972,1625357972,5561370.62906,4843135.148759589,ai_sparse_k5,5,0.0856520158752767
cleanStatic,calibration,65,65.00431888,0,16,1624857972,1625357972,5561370.62906,4843135.148759589,pg_scc_k5,5,0.06955695327553509
cleanStatic,calibration,65,65.00431888,0,16,1624857972,1625357972,5561370.62906,4843135.148759589,ai_sparse_k9,9,0.04653413172562805
cleanStatic,calibration,65,65.00431888,0,16,1624857972,1625357972,5561370.62906,4843135.148759589,pg_scc_k9,9,0.0433609375602929
cleanStatic,calibration,65,65.00431888,0,16,1624857972,1625357972,5561370.62906,4843135.148759589,epl3,3,0.13192829322960628
cleanStatic,calibration,65,65.00431888,0,16,1624857972,1625357972,5561370.62906,4843135.148759589,fixed9,9,0.1694233238311499
cleanStatic,calibration,65,65.00431888,0,16,1624857972,1625357972,5561370.62906,4843135.148759589,random1_k3,3,0.19499894085820038
cleanStatic,calibration,65,65.00431888,0,16,1624857972,1625357972,5561370.62906,4843135.148759589,random2_k3,3,0.03678007824749903
cleanStatic,calibration,65,65.00431888,0,16,1624857972,1625357972,5561370.62906,4843135.148759589,random3_k3,3,0.1399446716991821
cleanStatic,calibration,65,65.00431888,0,16,1624857972,1625357972,5561370.62906,4843135.148759589,random4_k3,3,0.2932242998179563
cleanStatic,calibration,65,65.00431888,0,16,1624857972,1625357972,5561370.62906,4843135.148759589,random5_k3,3,0.06894325425534119
cleanStatic,calibration,65,65.00431888,0,16,1624857972,1625357972,5561370.62906,4843135.148759589,random1_k5,5,0.10075082856312054
cleanStatic,calibration,65,65.00431888,0,16,1624857972,1625357972,5561370.62906,4843135.148759589,random2_k5,5,0.18068949182072055
cleanStatic,calibration,65,65.00431888,0,16,1624857972,1625357972,5561370.62906,4843135.148759589,random3_k5,5,0.1619510294981259
cleanStatic,calibration,65,65.00431888,0,16,1624857972,1625357972,5561370.62906,4843135.148759589,random4_k5,5,0.214558492581519
cleanStatic,calibration,65,65.00431888,0,16,1624857972,1625357972,5561370.62906,4843135.148759589,random5_k5,5,0.074373901965931
cleanStatic,calibration,65,65.00431888,0,16,1624857972,1625357972,5561370.62906,4843135.148759589,random1_k9,9,0.06459292524709465
cleanStatic,calibration,65,65.00431888,0,16,1624857972,1625357972,5561370.62906,4843135.148759589,random2_k9,9,0.0169347506011786
cleanStatic,calibration,65,65.00431888,0,16,1624857972,1625357972,5561370.62906,4843135.148759589,random3_k9,9,0.06589777782368962
cleanStatic,calibration,65,65.00431888,0,16,1624857972,1625357972,5561370.62906,4843135.148759589,random4_k9,9,0.1182382788866884
cleanStatic,calibration,65,65.00431888,0,16,1624857972,1625357972,5561370.62906,4843135.148759589,random5_k9,9,0.30444053040420066
cleanStatic,calibration,65,64.9905378,2,3,1624513445,1625013445,5573370.394958,5777402.558298146,dense_two_source_glrt,187,0.10250002851290263
cleanStatic,calibration,65,64.9905378,2,3,1624513445,1625013445,5573370.394958,5777402.558298146,dense_one_source_residual,187,0.5298065783702852
cleanStatic,calibration,65,64.9905378,2,3,1624513445,1625013445,5573370.394958,5777402.558298146,raw_power_only,0,5573370.394958
cleanStatic,calibration,65,64.9905378,2,3,1624513445,1625013445,5573370.394958,5777402.558298146,analytic_sparse_k3,3,0.055019132717905726
cleanStatic,calibration,65,64.9905378,2,3,1624513445,1625013445,5573370.394958,5777402.558298146,uniform_k3,3,0.5111611131422718
cleanStatic,calibration,65,64.9905378,2,3,1624513445,1625013445,5573370.394958,5777402.558298146,shuffled_k3,3,0.04363888694564957
cleanStatic,calibration,65,64.9905378,2,3,1624513445,1625013445,5573370.394958,5777402.558298146,analytic_sparse_k5,5,0.11964432288886115
cleanStatic,calibration,65,64.9905378,2,3,1624513445,1625013445,5573370.394958,5777402.558298146,uniform_k5,5,0.4313145513341329
cleanStatic,calibration,65,64.9905378,2,3,1624513445,1625013445,5573370.394958,5777402.558298146,shuffled_k5,5,0.10928583234260233
cleanStatic,calibration,65,64.9905378,2,3,1624513445,1625013445,5573370.394958,5777402.558298146,analytic_sparse_k9,9,0.050800075282674745
cleanStatic,calibration,65,64.9905378,2,3,1624513445,1625013445,5573370.394958,5777402.558298146,uniform_k9,9,0.07343867376501784
cleanStatic,calibration,65,64.9905378,2,3,1624513445,1625013445,5573370.394958,5777402.558298146,shuffled_k9,9,0.2742400894888189
cleanStatic,calibration,65,64.9905378,2,3,1624513445,1625013445,5573370.394958,5777402.558298146,ai_sparse_k3,3,0.19434246945150516
cleanStatic,calibration,65,64.9905378,2,3,1624513445,1625013445,5573370.394958,5777402.558298146,pg_scc_k3,3,0.166839309696546
cleanStatic,calibration,65,64.9905378,2,3,1624513445,1625013445,5573370.394958,5777402.558298146,ai_sparse_k5,5,0.22148860191824377
cleanStatic,calibration,65,64.9905378,2,3,1624513445,1625013445,5573370.394958,5777402.558298146,pg_scc_k5,5,0.04181014956806002
cleanStatic,calibration,65,64.9905378,2,3,1624513445,1625013445,5573370.394958,5777402.558298146,ai_sparse_k9,9,0.166718269210427
cleanStatic,calibration,65,64.9905378,2,3,1624513445,1625013445,5573370.394958,5777402.558298146,pg_scc_k9,9,0.10262577334625271
cleanStatic,calibration,65,64.9905378,2,3,1624513445,1625013445,5573370.394958,5777402.558298146,epl3,3,0.5862912183903216
cleanStatic,calibration,65,64.9905378,2,3,1624513445,1625013445,5573370.394958,5777402.558298146,fixed9,9,0.3049932635675047
cleanStatic,calibration,65,64.9905378,2,3,1624513445,1625013445,5573370.394958,5777402.558298146,random1_k3,3,0.4497206070449646
cleanStatic,calibration,65,64.9905378,2,3,1624513445,1625013445,5573370.394958,5777402.558298146,random2_k3,3,0.33271895426901243
cleanStatic,calibration,65,64.9905378,2,3,1624513445,1625013445,5573370.394958,5777402.558298146,random3_k3,3,0.3740037989847797
cleanStatic,calibration,65,64.9905378,2,3,1624513445,1625013445,5573370.394958,5777402.558298146,random4_k3,3,0.3736854954585596
cleanStatic,calibration,65,64.9905378,2,3,1624513445,1625013445,5573370.394958,5777402.558298146,random5_k3,3,0.11246132078865466
cleanStatic,calibration,65,64.9905378,2,3,1624513445,1625013445,5573370.394958,5777402.558298146,random1_k5,5,0.15525475619678586
cleanStatic,calibration,65,64.9905378,2,3,1624513445,1625013445,5573370.394958,5777402.558298146,random2_k5,5,0.21382468524858145
cleanStatic,calibration,65,64.9905378,2,3,1624513445,1625013445,5573370.394958,5777402.558298146,random3_k5,5,0.2318484646329903
cleanStatic,calibration,65,64.9905378,2,3,1624513445,1625013445,5573370.394958,5777402.558298146,random4_k5,5,0.12516435640591672
cleanStatic,calibration,65,64.9905378,2,3,1624513445,1625013445,5573370.394958,5777402.558298146,random5_k5,5,0.440888644459578
cleanStatic,calibration,65,64.9905378,2,3,1624513445,1625013445,5573370.394958,5777402.558298146,random1_k9,9,0.1988156422851065
cleanStatic,calibration,65,64.9905378,2,3,1624513445,1625013445,5573370.394958,5777402.558298146,random2_k9,9,0.11250810368968119
cleanStatic,calibration,65,64.9905378,2,3,1624513445,1625013445,5573370.394958,5777402.558298146,random3_k9,9,0.35237170674973295
cleanStatic,calibration,65,64.9905378,2,3,1624513445,1625013445,5573370.394958,5777402.558298146,random4_k9,9,0.2560391400513848
cleanStatic,calibration,65,64.9905378,2,3,1624513445,1625013445,5573370.394958,5777402.558298146,random5_k9,9,0.21240740426820615
cleanStatic,calibration,65,65.00536812,3,20,1624884203,1625384203,5566380.333094,2194722.594257255,dense_two_source_glrt,187,0.8787978800481495
cleanStatic,calibration,65,65.00536812,3,20,1624884203,1625384203,5566380.333094,2194722.594257255,dense_one_source_residual,187,2.9581020950804837
cleanStatic,calibration,65,65.00536812,3,20,1624884203,1625384203,5566380.333094,2194722.594257255,raw_power_only,0,5566380.333094
cleanStatic,calibration,65,65.00536812,3,20,1624884203,1625384203,5566380.333094,2194722.594257255,analytic_sparse_k3,3,2.4525967584487263
cleanStatic,calibration,65,65.00536812,3,20,1624884203,1625384203,5566380.333094,2194722.594257255,uniform_k3,3,3.7947139595068027
cleanStatic,calibration,65,65.00536812,3,20,1624884203,1625384203,5566380.333094,2194722.594257255,shuffled_k3,3,3.3857632533439213
cleanStatic,calibration,65,65.00536812,3,20,1624884203,1625384203,5566380.333094,2194722.594257255,analytic_sparse_k5,5,2.2960054482803196
cleanStatic,calibration,65,65.00536812,3,20,1624884203,1625384203,5566380.333094,2194722.594257255,uniform_k5,5,2.22724315711199
cleanStatic,calibration,65,65.00536812,3,20,1624884203,1625384203,5566380.333094,2194722.594257255,shuffled_k5,5,1.298395912793299
cleanStatic,calibration,65,65.00536812,3,20,1624884203,1625384203,5566380.333094,2194722.594257255,analytic_sparse_k9,9,1.7288537078675545
cleanStatic,calibration,65,65.00536812,3,20,1624884203,1625384203,5566380.333094,2194722.594257255,uniform_k9,9,0.7684605892410532
cleanStatic,calibration,65,65.00536812,3,20,1624884203,1625384203,5566380.333094,2194722.594257255,shuffled_k9,9,0.2686943334213095
cleanStatic,calibration,65,65.00536812,3,20,1624884203,1625384203,5566380.333094,2194722.594257255,ai_sparse_k3,3,1.696313813025209
cleanStatic,calibration,65,65.00536812,3,20,1624884203,1625384203,5566380.333094,2194722.594257255,pg_scc_k3,3,0.9752125769203334
cleanStatic,calibration,65,65.00536812,3,20,1624884203,1625384203,5566380.333094,2194722.594257255,ai_sparse_k5,5,1.005871646798099
cleanStatic,calibration,65,65.00536812,3,20,1624884203,1625384203,5566380.333094,2194722.594257255,pg_scc_k5,5,0.6152561844092084
cleanStatic,calibration,65,65.00536812,3,20,1624884203,1625384203,5566380.333094,2194722.594257255,ai_sparse_k9,9,0.4747047500626128
cleanStatic,calibration,65,65.00536812,3,20,1624884203,1625384203,5566380.333094,2194722.594257255,pg_scc_k9,9,1.1475859592727107
cleanStatic,calibration,65,65.00536812,3,20,1624884203,1625384203,5566380.333094,2194722.594257255,epl3,3,0.8364494378152169
cleanStatic,calibration,65,65.00536812,3,20,1624884203,1625384203,5566380.333094,2194722.594257255,fixed9,9,0.24314445228171364
cleanStatic,calibration,65,65.00536812,3,20,1624884203,1625384203,5566380.333094,2194722.594257255,random1_k3,3,1.2694087096218862
cleanStatic,calibration,65,65.00536812,3,20,1624884203,1625384203,5566380.333094,2194722.594257255,random2_k3,3,2.685451338475954
cleanStatic,calibration,65,65.00536812,3,20,1624884203,1625384203,5566380.333094,2194722.594257255,random3_k3,3,1.8065535357705702
cleanStatic,calibration,65,65.00536812,3,20,1624884203,1625384203,5566380.333094,2194722.594257255,random4_k3,3,0.8555765000374119
cleanStatic,calibration,65,65.00536812,3,20,1624884203,1625384203,5566380.333094,2194722.594257255,random5_k3,3,2.014539284399035
cleanStatic,calibration,65,65.00536812,3,20,1624884203,1625384203,5566380.333094,2194722.594257255,random1_k5,5,1.1659246598770157
cleanStatic,calibration,65,65.00536812,3,20,1624884203,1625384203,5566380.333094,2194722.594257255,random2_k5,5,1.8489848224447527
cleanStatic,calibration,65,65.00536812,3,20,1624884203,1625384203,5566380.333094,2194722.594257255,random3_k5,5,0.5613208357995585
cleanStatic,calibration,65,65.00536812,3,20,1624884203,1625384203,5566380.333094,2194722.594257255,random4_k5,5,2.167595378309886
cleanStatic,calibration,65,65.00536812,3,20,1624884203,1625384203,5566380.333094,2194722.594257255,random5_k5,5,1.0768300484380284
cleanStatic,calibration,65,65.00536812,3,20,1624884203,1625384203,5566380.333094,2194722.594257255,random1_k9,9,0.9285219193843179
cleanStatic,calibration,65,65.00536812,3,20,1624884203,1625384203,5566380.333094,2194722.594257255,random2_k9,9,2.226277352551834
cleanStatic,calibration,65,65.00536812,3,20,1624884203,1625384203,5566380.333094,2194722.594257255,random3_k9,9,0.7743997652819736
cleanStatic,calibration,65,65.00536812,3,20,1624884203,1625384203,5566380.333094,2194722.594257255,random4_k9,9,1.5416738107661474
cleanStatic,calibration,65,65.00536812,3,20,1624884203,1625384203,5566380.333094,2194722.594257255,random5_k9,9,0.7143007257626847
cleanStatic,calibration,65,65.03468032,4,30,1625617008,1626117008,5554775.714074001,2249217.604276589,dense_two_source_glrt,187,0.5455313025306924
cleanStatic,calibration,65,65.03468032,4,30,1625617008,1626117008,5554775.714074001,2249217.604276589,dense_one_source_residual,187,3.2370483426274306
cleanStatic,calibration,65,65.03468032,4,30,1625617008,1626117008,5554775.714074001,2249217.604276589,raw_power_only,0,5554775.714074001
cleanStatic,calibration,65,65.03468032,4,30,1625617008,1626117008,5554775.714074001,2249217.604276589,analytic_sparse_k3,3,5.092698857834825
cleanStatic,calibration,65,65.03468032,4,30,1625617008,1626117008,5554775.714074001,2249217.604276589,uniform_k3,3,1.4516719903950757
cleanStatic,calibration,65,65.03468032,4,30,1625617008,1626117008,5554775.714074001,2249217.604276589,shuffled_k3,3,1.3987302311773118
cleanStatic,calibration,65,65.03468032,4,30,1625617008,1626117008,5554775.714074001,2249217.604276589,analytic_sparse_k5,5,4.174941639685294
cleanStatic,calibration,65,65.03468032,4,30,1625617008,1626117008,5554775.714074001,2249217.604276589,uniform_k5,5,1.4977304390001323
cleanStatic,calibration,65,65.03468032,4,30,1625617008,1626117008,5554775.714074001,2249217.604276589,shuffled_k5,5,0.9307569653863439
cleanStatic,calibration,65,65.03468032,4,30,1625617008,1626117008,5554775.714074001,2249217.604276589,analytic_sparse_k9,9,2.125452267822746
cleanStatic,calibration,65,65.03468032,4,30,1625617008,1626117008,5554775.714074001,2249217.604276589,uniform_k9,9,0.49433741187286706
cleanStatic,calibration,65,65.03468032,4,30,1625617008,1626117008,5554775.714074001,2249217.604276589,shuffled_k9,9,0.4309783272263886
cleanStatic,calibration,65,65.03468032,4,30,1625617008,1626117008,5554775.714074001,2249217.604276589,ai_sparse_k3,3,0.9553166368989633
cleanStatic,calibration,65,65.03468032,4,30,1625617008,1626117008,5554775.714074001,2249217.604276589,pg_scc_k3,3,0.8984716030812717
cleanStatic,calibration,65,65.03468032,4,30,1625617008,1626117008,5554775.714074001,2249217.604276589,ai_sparse_k5,5,0.8415262616886905
cleanStatic,calibration,65,65.03468032,4,30,1625617008,1626117008,5554775.714074001,2249217.604276589,pg_scc_k5,5,0.8910002457133382
cleanStatic,calibration,65,65.03468032,4,30,1625617008,1626117008,5554775.714074001,2249217.604276589,ai_sparse_k9,9,1.622905656602665
cleanStatic,calibration,65,65.03468032,4,30,1625617008,1626117008,5554775.714074001,2249217.604276589,pg_scc_k9,9,0.997336288891009
cleanStatic,calibration,65,65.03468032,4,30,1625617008,1626117008,5554775.714074001,2249217.604276589,epl3,3,1.2884492421854243
cleanStatic,calibration,65,65.03468032,4,30,1625617008,1626117008,5554775.714074001,2249217.604276589,fixed9,9,0.4350922547112377
cleanStatic,calibration,65,65.03468032,4,30,1625617008,1626117008,5554775.714074001,2249217.604276589,random1_k3,3,3.4631998654641003
cleanStatic,calibration,65,65.03468032,4,30,1625617008,1626117008,5554775.714074001,2249217.604276589,random2_k3,3,3.732969506140025
cleanStatic,calibration,65,65.03468032,4,30,1625617008,1626117008,5554775.714074001,2249217.604276589,random3_k3,3,1.3012430243289563
cleanStatic,calibration,65,65.03468032,4,30,1625617008,1626117008,5554775.714074001,2249217.604276589,random4_k3,3,1.2791028640543107
cleanStatic,calibration,65,65.03468032,4,30,1625617008,1626117008,5554775.714074001,2249217.604276589,random5_k3,3,3.377691019815314
cleanStatic,calibration,65,65.03468032,4,30,1625617008,1626117008,5554775.714074001,2249217.604276589,random1_k5,5,2.503229959592877
cleanStatic,calibration,65,65.03468032,4,30,1625617008,1626117008,5554775.714074001,2249217.604276589,random2_k5,5,1.2181334850561722
cleanStatic,calibration,65,65.03468032,4,30,1625617008,1626117008,5554775.714074001,2249217.604276589,random3_k5,5,0.4758896454571575
cleanStatic,calibration,65,65.03468032,4,30,1625617008,1626117008,5554775.714074001,2249217.604276589,random4_k5,5,0.7278419987978687
cleanStatic,calibration,65,65.03468032,4,30,1625617008,1626117008,5554775.714074001,2249217.604276589,random5_k5,5,1.337891751332169
cleanStatic,calibration,65,65.03468032,4,30,1625617008,1626117008,5554775.714074001,2249217.604276589,random1_k9,9,0.9120169125970475
cleanStatic,calibration,65,65.03468032,4,30,1625617008,1626117008,5554775.714074001,2249217.604276589,random2_k9,9,1.649894872355774
cleanStatic,calibration,65,65.03468032,4,30,1625617008,1626117008,5554775.714074001,2249217.604276589,random3_k9,9,0.6899892764990935
cleanStatic,calibration,65,65.03468032,4,30,1625617008,1626117008,5554775.714074001,2249217.604276589,random4_k9,9,1.0403383973661815
cleanStatic,calibration,65,65.03468032,4,30,1625617008,1626117008,5554775.714074001,2249217.604276589,random5_k9,9,0.7755319344329078
cleanStatic,calibration,65,64.99066344,5,6,1624516586,1625016586,5574278.2841300005,4392757.082691843,dense_two_source_glrt,187,0.02559300280373339
cleanStatic,calibration,65,64.99066344,5,6,1624516586,1625016586,5574278.2841300005,4392757.082691843,dense_one_source_residual,187,0.33031909161063877
cleanStatic,calibration,65,64.99066344,5,6,1624516586,1625016586,5574278.2841300005,4392757.082691843,raw_power_only,0,5574278.2841300005
cleanStatic,calibration,65,64.99066344,5,6,1624516586,1625016586,5574278.2841300005,4392757.082691843,analytic_sparse_k3,3,0.02658816053870787
cleanStatic,calibration,65,64.99066344,5,6,1624516586,1625016586,5574278.2841300005,4392757.082691843,uniform_k3,3,0.22729371125087747
cleanStatic,calibration,65,64.99066344,5,6,1624516586,1625016586,5574278.2841300005,4392757.082691843,shuffled_k3,3,0.17386581083634747
cleanStatic,calibration,65,64.99066344,5,6,1624516586,1625016586,5574278.2841300005,4392757.082691843,analytic_sparse_k5,5,0.03216589439016143
cleanStatic,calibration,65,64.99066344,5,6,1624516586,1625016586,5574278.2841300005,4392757.082691843,uniform_k5,5,0.15183625999852376
cleanStatic,calibration,65,64.99066344,5,6,1624516586,1625016586,5574278.2841300005,4392757.082691843,shuffled_k5,5,0.06814109829537504
cleanStatic,calibration,65,64.99066344,5,6,1624516586,1625016586,5574278.2841300005,4392757.082691843,analytic_sparse_k9,9,0.11661812314142692
cleanStatic,calibration,65,64.99066344,5,6,1624516586,1625016586,5574278.2841300005,4392757.082691843,uniform_k9,9,0.060336208895413405
cleanStatic,calibration,65,64.99066344,5,6,1624516586,1625016586,5574278.2841300005,4392757.082691843,shuffled_k9,9,0.0773232056495558
cleanStatic,calibration,65,64.99066344,5,6,1624516586,1625016586,5574278.2841300005,4392757.082691843,ai_sparse_k3,3,0.36018279494498046
cleanStatic,calibration,65,64.99066344,5,6,1624516586,1625016586,5574278.2841300005,4392757.082691843,pg_scc_k3,3,0.1964473407514632
cleanStatic,calibration,65,64.99066344,5,6,1624516586,1625016586,5574278.2841300005,4392757.082691843,ai_sparse_k5,5,0.15522025230890457
cleanStatic,calibration,65,64.99066344,5,6,1624516586,1625016586,5574278.2841300005,4392757.082691843,pg_scc_k5,5,0.01760001376982747
cleanStatic,calibration,65,64.99066344,5,6,1624516586,1625016586,5574278.2841300005,4392757.082691843,ai_sparse_k9,9,0.1924883007858387
cleanStatic,calibration,65,64.99066344,5,6,1624516586,1625016586,5574278.2841300005,4392757.082691843,pg_scc_k9,9,0.056687889432488356
cleanStatic,calibration,65,64.99066344,5,6,1624516586,1625016586,5574278.2841300005,4392757.082691843,epl3,3,0.1869474647185185
cleanStatic,calibration,65,64.99066344,5,6,1624516586,1625016586,5574278.2841300005,4392757.082691843,fixed9,9,0.11128942093428898
cleanStatic,calibration,65,64.99066344,5,6,1624516586,1625016586,5574278.2841300005,4392757.082691843,random1_k3,3,0.06806655517619156
cleanStatic,calibration,65,64.99066344,5,6,1624516586,1625016586,5574278.2841300005,4392757.082691843,random2_k3,3,0.06070792386465524
cleanStatic,calibration,65,64.99066344,5,6,1624516586,1625016586,5574278.2841300005,4392757.082691843,random3_k3,3,0.2671928957003451
cleanStatic,calibration,65,64.99066344,5,6,1624516586,1625016586,5574278.2841300005,4392757.082691843,random4_k3,3,0.15475902994277876
cleanStatic,calibration,65,64.99066344,5,6,1624516586,1625016586,5574278.2841300005,4392757.082691843,random5_k3,3,0.09923371247622638
cleanStatic,calibration,65,64.99066344,5,6,1624516586,1625016586,5574278.2841300005,4392757.082691843,random1_k5,5,0.12661807952023438
cleanStatic,calibration,65,64.99066344,5,6,1624516586,1625016586,5574278.2841300005,4392757.082691843,random2_k5,5,0.06634602589115472
cleanStatic,calibration,65,64.99066344,5,6,1624516586,1625016586,5574278.2841300005,4392757.082691843,random3_k5,5,0.10815611057024208
cleanStatic,calibration,65,64.99066344,5,6,1624516586,1625016586,5574278.2841300005,4392757.082691843,random4_k5,5,0.054920417861020775
cleanStatic,calibration,65,64.99066344,5,6,1624516586,1625016586,5574278.2841300005,4392757.082691843,random5_k5,5,0.2276423150519134
cleanStatic,calibration,65,64.99066344,5,6,1624516586,1625016586,5574278.2841300005,4392757.082691843,random1_k9,9,0.14888543624593512
cleanStatic,calibration,65,64.99066344,5,6,1624516586,1625016586,5574278.2841300005,4392757.082691843,random2_k9,9,0.08425251898813396
cleanStatic,calibration,65,64.99066344,5,6,1624516586,1625016586,5574278.2841300005,4392757.082691843,random3_k9,9,0.08447804267407882
cleanStatic,calibration,65,64.99066344,5,6,1624516586,1625016586,5574278.2841300005,4392757.082691843,random4_k9,9,0.09912492541750931
cleanStatic,calibration,65,64.99066344,5,6,1624516586,1625016586,5574278.2841300005,4392757.082691843,random5_k9,9,0.06575755248287789
cleanStatic,calibration,65,64.99618108,6,7,1624654527,1625154527,5586637.8384960005,4621414.9480612455,dense_two_source_glrt,187,0.11863408885371417
cleanStatic,calibration,65,64.99618108,6,7,1624654527,1625154527,5586637.8384960005,4621414.9480612455,dense_one_source_residual,187,1.0642472990627412
cleanStatic,calibration,65,64.99618108,6,7,1624654527,1625154527,5586637.8384960005,4621414.9480612455,raw_power_only,0,5586637.8384960005
cleanStatic,calibration,65,64.99618108,6,7,1624654527,1625154527,5586637.8384960005,4621414.9480612455,analytic_sparse_k3,3,0.23912411813652346
cleanStatic,calibration,65,64.99618108,6,7,1624654527,1625154527,5586637.8384960005,4621414.9480612455,uniform_k3,3,0.9376805294173525
cleanStatic,calibration,65,64.99618108,6,7,1624654527,1625154527,5586637.8384960005,4621414.9480612455,shuffled_k3,3,0.4366865682501779
cleanStatic,calibration,65,64.99618108,6,7,1624654527,1625154527,5586637.8384960005,4621414.9480612455,analytic_sparse_k5,5,0.3368064066636659
cleanStatic,calibration,65,64.99618108,6,7,1624654527,1625154527,5586637.8384960005,4621414.9480612455,uniform_k5,5,0.712469190998029
cleanStatic,calibration,65,64.99618108,6,7,1624654527,1625154527,5586637.8384960005,4621414.9480612455,shuffled_k5,5,0.5592625886152016
cleanStatic,calibration,65,64.99618108,6,7,1624654527,1625154527,5586637.8384960005,4621414.9480612455,analytic_sparse_k9,9,0.4765291277878081
cleanStatic,calibration,65,64.99618108,6,7,1624654527,1625154527,5586637.8384960005,4621414.9480612455,uniform_k9,9,0.12630322787613302
cleanStatic,calibration,65,64.99618108,6,7,1624654527,1625154527,5586637.8384960005,4621414.9480612455,shuffled_k9,9,0.47020211943621504
cleanStatic,calibration,65,64.99618108,6,7,1624654527,1625154527,5586637.8384960005,4621414.9480612455,ai_sparse_k3,3,0.635985462885469
cleanStatic,calibration,65,64.99618108,6,7,1624654527,1625154527,5586637.8384960005,4621414.9480612455,pg_scc_k3,3,0.5032403494232308
cleanStatic,calibration,65,64.99618108,6,7,1624654527,1625154527,5586637.8384960005,4621414.9480612455,ai_sparse_k5,5,0.5896681285440579
cleanStatic,calibration,65,64.99618108,6,7,1624654527,1625154527,5586637.8384960005,4621414.9480612455,pg_scc_k5,5,0.5994298026316983
cleanStatic,calibration,65,64.99618108,6,7,1624654527,1625154527,5586637.8384960005,4621414.9480612455,ai_sparse_k9,9,0.6381723812832745
cleanStatic,calibration,65,64.99618108,6,7,1624654527,1625154527,5586637.8384960005,4621414.9480612455,pg_scc_k9,9,0.5545237504098554
cleanStatic,calibration,65,64.99618108,6,7,1624654527,1625154527,5586637.8384960005,4621414.9480612455,epl3,3,0.5662747901665779
cleanStatic,calibration,65,64.99618108,6,7,1624654527,1625154527,5586637.8384960005,4621414.9480612455,fixed9,9,0.3111491684268713
cleanStatic,calibration,65,64.99618108,6,7,1624654527,1625154527,5586637.8384960005,4621414.9480612455,random1_k3,3,0.9484891321437384
cleanStatic,calibration,65,64.99618108,6,7,1624654527,1625154527,5586637.8384960005,4621414.9480612455,random2_k3,3,0.6413010225711397
cleanStatic,calibration,65,64.99618108,6,7,1624654527,1625154527,5586637.8384960005,4621414.9480612455,random3_k3,3,0.9610584657420054
cleanStatic,calibration,65,64.99618108,6,7,1624654527,1625154527,5586637.8384960005,4621414.9480612455,random4_k3,3,0.48490362652073166
cleanStatic,calibration,65,64.99618108,6,7,1624654527,1625154527,5586637.8384960005,4621414.9480612455,random5_k3,3,0.2306128762059115
cleanStatic,calibration,65,64.99618108,6,7,1624654527,1625154527,5586637.8384960005,4621414.9480612455,random1_k5,5,0.12000967820756073
cleanStatic,calibration,65,64.99618108,6,7,1624654527,1625154527,5586637.8384960005,4621414.9480612455,random2_k5,5,0.4853210010751221
cleanStatic,calibration,65,64.99618108,6,7,1624654527,1625154527,5586637.8384960005,4621414.9480612455,random3_k5,5,0.33259003546393995
cleanStatic,calibration,65,64.99618108,6,7,1624654527,1625154527,5586637.8384960005,4621414.9480612455,random4_k5,5,0.18310935833397482
cleanStatic,calibration,65,64.99618108,6,7,1624654527,1625154527,5586637.8384960005,4621414.9480612455,random5_k5,5,0.7917159947781965
cleanStatic,calibration,65,64.99618108,6,7,1624654527,1625154527,5586637.8384960005,4621414.9480612455,random1_k9,9,0.2691126386351448
cleanStatic,calibration,65,64.99618108,6,7,1624654527,1625154527,5586637.8384960005,4621414.9480612455,random2_k9,9,0.18600339470730937
cleanStatic,calibration,65,64.99618108,6,7,1624654527,1625154527,5586637.8384960005,4621414.9480612455,random3_k9,9,0.48179044429811263
cleanStatic,calibration,65,64.99618108,6,7,1624654527,1625154527,5586637.8384960005,4621414.9480612455,random4_k9,9,0.41063169322564863
cleanStatic,calibration,65,64.99618108,6,7,1624654527,1625154527,5586637.8384960005,4621414.9480612455,random5_k9,9,0.33179482292790563
cleanStatic,calibration,65,64.99036976,7,10,1624509244,1625009244,5573525.3031979995,2465065.186127213,dense_two_source_glrt,187,0.520626375616798
cleanStatic,calibration,65,64.99036976,7,10,1624509244,1625009244,5573525.3031979995,2465065.186127213,dense_one_source_residual,187,1.8309803605623887
cleanStatic,calibration,65,64.99036976,7,10,1624509244,1625009244,5573525.3031979995,2465065.186127213,raw_power_only,0,5573525.3031979995
cleanStatic,calibration,65,64.99036976,7,10,1624509244,1625009244,5573525.3031979995,2465065.186127213,analytic_sparse_k3,3,0.41490613302719775
cleanStatic,calibration,65,64.99036976,7,10,1624509244,1625009244,5573525.3031979995,2465065.186127213,uniform_k3,3,0.6043735900954895
cleanStatic,calibration,65,64.99036976,7,10,1624509244,1625009244,5573525.3031979995,2465065.186127213,shuffled_k3,3,0.9440030753573986
cleanStatic,calibration,65,64.99036976,7,10,1624509244,1625009244,5573525.3031979995,2465065.186127213,analytic_sparse_k5,5,0.6179097834837514
cleanStatic,calibration,65,64.99036976,7,10,1624509244,1625009244,5573525.3031979995,2465065.186127213,uniform_k5,5,0.8073641513274484
cleanStatic,calibration,65,64.99036976,7,10,1624509244,1625009244,5573525.3031979995,2465065.186127213,shuffled_k5,5,0.7348889609798086
cleanStatic,calibration,65,64.99036976,7,10,1624509244,1625009244,5573525.3031979995,2465065.186127213,analytic_sparse_k9,9,0.556776363066175
cleanStatic,calibration,65,64.99036976,7,10,1624509244,1625009244,5573525.3031979995,2465065.186127213,uniform_k9,9,0.29611019232526936
cleanStatic,calibration,65,64.99036976,7,10,1624509244,1625009244,5573525.3031979995,2465065.186127213,shuffled_k9,9,0.7987357193542128
cleanStatic,calibration,65,64.99036976,7,10,1624509244,1625009244,5573525.3031979995,2465065.186127213,ai_sparse_k3,3,2.1952770751602397
cleanStatic,calibration,65,64.99036976,7,10,1624509244,1625009244,5573525.3031979995,2465065.186127213,pg_scc_k3,3,1.062393724326886
cleanStatic,calibration,65,64.99036976,7,10,1624509244,1625009244,5573525.3031979995,2465065.186127213,ai_sparse_k5,5,1.352373327812383
cleanStatic,calibration,65,64.99036976,7,10,1624509244,1625009244,5573525.3031979995,2465065.186127213,pg_scc_k5,5,1.0773232984594343
cleanStatic,calibration,65,64.99036976,7,10,1624509244,1625009244,5573525.3031979995,2465065.186127213,ai_sparse_k9,9,1.0723232299348173
cleanStatic,calibration,65,64.99036976,7,10,1624509244,1625009244,5573525.3031979995,2465065.186127213,pg_scc_k9,9,0.7447460577839357
cleanStatic,calibration,65,64.99036976,7,10,1624509244,1625009244,5573525.3031979995,2465065.186127213,epl3,3,0.9158634103725783
cleanStatic,calibration,65,64.99036976,7,10,1624509244,1625009244,5573525.3031979995,2465065.186127213,fixed9,9,1.0975472652738967
cleanStatic,calibration,65,64.99036976,7,10,1624509244,1625009244,5573525.3031979995,2465065.186127213,random1_k3,3,1.3362379407214027
cleanStatic,calibration,65,64.99036976,7,10,1624509244,1625009244,5573525.3031979995,2465065.186127213,random2_k3,3,1.5563044889383564
cleanStatic,calibration,65,64.99036976,7,10,1624509244,1625009244,5573525.3031979995,2465065.186127213,random3_k3,3,1.4835284715516301
cleanStatic,calibration,65,64.99036976,7,10,1624509244,1625009244,5573525.3031979995,2465065.186127213,random4_k3,3,0.4813390357465874
cleanStatic,calibration,65,64.99036976,7,10,1624509244,1625009244,5573525.3031979995,2465065.186127213,random5_k3,3,0.7605855436035243
cleanStatic,calibration,65,64.99036976,7,10,1624509244,1625009244,5573525.3031979995,2465065.186127213,random1_k5,5,1.183295308495942
cleanStatic,calibration,65,64.99036976,7,10,1624509244,1625009244,5573525.3031979995,2465065.186127213,random2_k5,5,0.32287404078082516
cleanStatic,calibration,65,64.99036976,7,10,1624509244,1625009244,5573525.3031979995,2465065.186127213,random3_k5,5,0.771153968090584
cleanStatic,calibration,65,64.99036976,7,10,1624509244,1625009244,5573525.3031979995,2465065.186127213,random4_k5,5,0.8922188818472072
cleanStatic,calibration,65,64.99036976,7,10,1624509244,1625009244,5573525.3031979995,2465065.186127213,random5_k5,5,1.5461641960254158
cleanStatic,calibration,65,64.99036976,7,10,1624509244,1625009244,5573525.3031979995,2465065.186127213,random1_k9,9,0.5689705061937658
cleanStatic,calibration,65,64.99036976,7,10,1624509244,1625009244,5573525.3031979995,2465065.186127213,random2_k9,9,0.4721494994443872
cleanStatic,calibration,65,64.99036976,7,10,1624509244,1625009244,5573525.3031979995,2465065.186127213,random3_k9,9,0.6350531331718994
cleanStatic,calibration,65,64.99036976,7,10,1624509244,1625009244,5573525.3031979995,2465065.186127213,random4_k9,9,1.1851390060868556
cleanStatic,calibration,65,64.99036976,7,10,1624509244,1625009244,5573525.3031979995,2465065.186127213,random5_k9,9,0.8159598075919666
cleanStatic,calibration,65,65.005658,8,13,1624891450,1625391450,5562712.826012,6101283.075084004,dense_two_source_glrt,187,0.06834775641638795
cleanStatic,calibration,65,65.005658,8,13,1624891450,1625391450,5562712.826012,6101283.075084004,dense_one_source_residual,187,0.3664572778313387
cleanStatic,calibration,65,65.005658,8,13,1624891450,1625391450,5562712.826012,6101283.075084004,raw_power_only,0,5562712.826012
cleanStatic,calibration,65,65.005658,8,13,1624891450,1625391450,5562712.826012,6101283.075084004,analytic_sparse_k3,3,0.18778374427280506
cleanStatic,calibration,65,65.005658,8,13,1624891450,1625391450,5562712.826012,6101283.075084004,uniform_k3,3,0.15918612705434868
cleanStatic,calibration,65,65.005658,8,13,1624891450,1625391450,5562712.826012,6101283.075084004,shuffled_k3,3,0.2583775009312248
cleanStatic,calibration,65,65.005658,8,13,1624891450,1625391450,5562712.826012,6101283.075084004,analytic_sparse_k5,5,0.18674918853520459
cleanStatic,calibration,65,65.005658,8,13,1624891450,1625391450,5562712.826012,6101283.075084004,uniform_k5,5,0.1420472127133171
cleanStatic,calibration,65,65.005658,8,13,1624891450,1625391450,5562712.826012,6101283.075084004,shuffled_k5,5,0.24442532566690986
cleanStatic,calibration,65,65.005658,8,13,1624891450,1625391450,5562712.826012,6101283.075084004,analytic_sparse_k9,9,0.19442753363438664
cleanStatic,calibration,65,65.005658,8,13,1624891450,1625391450,5562712.826012,6101283.075084004,uniform_k9,9,0.043734713862323416
cleanStatic,calibration,65,65.005658,8,13,1624891450,1625391450,5562712.826012,6101283.075084004,shuffled_k9,9,0.24317870019396842
cleanStatic,calibration,65,65.005658,8,13,1624891450,1625391450,5562712.826012,6101283.075084004,ai_sparse_k3,3,0.15019685863887372
cleanStatic,calibration,65,65.005658,8,13,1624891450,1625391450,5562712.826012,6101283.075084004,pg_scc_k3,3,0.28961219758652945
cleanStatic,calibration,65,65.005658,8,13,1624891450,1625391450,5562712.826012,6101283.075084004,ai_sparse_k5,5,0.1307602209892869
cleanStatic,calibration,65,65.005658,8,13,1624891450,1625391450,5562712.826012,6101283.075084004,pg_scc_k5,5,0.11017528004113446
cleanStatic,calibration,65,65.005658,8,13,1624891450,1625391450,5562712.826012,6101283.075084004,ai_sparse_k9,9,0.19818273655680851
cleanStatic,calibration,65,65.005658,8,13,1624891450,1625391450,5562712.826012,6101283.075084004,pg_scc_k9,9,0.08807201968061656
cleanStatic,calibration,65,65.005658,8,13,1624891450,1625391450,5562712.826012,6101283.075084004,epl3,3,0.49093729199868524
cleanStatic,calibration,65,65.005658,8,13,1624891450,1625391450,5562712.826012,6101283.075084004,fixed9,9,0.3088973436564146
cleanStatic,calibration,65,65.005658,8,13,1624891450,1625391450,5562712.826012,6101283.075084004,random1_k3,3,0.1721144998234978
cleanStatic,calibration,65,65.005658,8,13,1624891450,1625391450,5562712.826012,6101283.075084004,random2_k3,3,0.17072803380301038
cleanStatic,calibration,65,65.005658,8,13,1624891450,1625391450,5562712.826012,6101283.075084004,random3_k3,3,0.3958845920999104
cleanStatic,calibration,65,65.005658,8,13,1624891450,1625391450,5562712.826012,6101283.075084004,random4_k3,3,0.15701537068716676
cleanStatic,calibration,65,65.005658,8,13,1624891450,1625391450,5562712.826012,6101283.075084004,random5_k3,3,0.2622537955409594
cleanStatic,calibration,65,65.005658,8,13,1624891450,1625391450,5562712.826012,6101283.075084004,random1_k5,5,0.13009344360312292
cleanStatic,calibration,65,65.005658,8,13,1624891450,1625391450,5562712.826012,6101283.075084004,random2_k5,5,0.2689047128180152
cleanStatic,calibration,65,65.005658,8,13,1624891450,1625391450,5562712.826012,6101283.075084004,random3_k5,5,0.28922038941093353
cleanStatic,calibration,65,65.005658,8,13,1624891450,1625391450,5562712.826012,6101283.075084004,random4_k5,5,0.2645065846388447
cleanStatic,calibration,65,65.005658,8,13,1624891450,1625391450,5562712.826012,6101283.075084004,random5_k5,5,0.11481631384286439
cleanStatic,calibration,65,65.005658,8,13,1624891450,1625391450,5562712.826012,6101283.075084004,random1_k9,9,0.11598877455349912
cleanStatic,calibration,65,65.005658,8,13,1624891450,1625391450,5562712.826012,6101283.075084004,random2_k9,9,0.06767649503384741
cleanStatic,calibration,65,65.005658,8,13,1624891450,1625391450,5562712.826012,6101283.075084004,random3_k9,9,0.1381983621389633
cleanStatic,calibration,65,65.005658,8,13,1624891450,1625391450,5562712.826012,6101283.075084004,random4_k9,9,0.16648968480595078
cleanStatic,calibration,65,65.005658,8,13,1624891450,1625391450,5562712.826012,6101283.075084004,random5_k9,9,0.06958171181406951
cleanStatic,calibration,65,64.9904874,9,19,1624512185,1625012185,5573538.705062,4536132.439795313,dense_two_source_glrt,187,0.05558169957909996
cleanStatic,calibration,65,64.9904874,9,19,1624512185,1625012185,5573538.705062,4536132.439795313,dense_one_source_residual,187,0.7095429869419647
cleanStatic,calibration,65,64.9904874,9,19,1624512185,1625012185,5573538.705062,4536132.439795313,raw_power_only,0,5573538.705062
cleanStatic,calibration,65,64.9904874,9,19,1624512185,1625012185,5573538.705062,4536132.439795313,analytic_sparse_k3,3,0.5605229907281434
cleanStatic,calibration,65,64.9904874,9,19,1624512185,1625012185,5573538.705062,4536132.439795313,uniform_k3,3,0.3919357895686548
cleanStatic,calibration,65,64.9904874,9,19,1624512185,1625012185,5573538.705062,4536132.439795313,shuffled_k3,3,0.16176107903662876
cleanStatic,calibration,65,64.9904874,9,19,1624512185,1625012185,5573538.705062,4536132.439795313,analytic_sparse_k5,5,0.2972374638806141
cleanStatic,calibration,65,64.9904874,9,19,1624512185,1625012185,5573538.705062,4536132.439795313,uniform_k5,5,0.25198635978903583
cleanStatic,calibration,65,64.9904874,9,19,1624512185,1625012185,5573538.705062,4536132.439795313,shuffled_k5,5,0.19694689735007884
cleanStatic,calibration,65,64.9904874,9,19,1624512185,1625012185,5573538.705062,4536132.439795313,analytic_sparse_k9,9,0.3121954307263739
cleanStatic,calibration,65,64.9904874,9,19,1624512185,1625012185,5573538.705062,4536132.439795313,uniform_k9,9,0.032686583179504874
cleanStatic,calibration,65,64.9904874,9,19,1624512185,1625012185,5573538.705062,4536132.439795313,shuffled_k9,9,0.1671301418211763
cleanStatic,calibration,65,64.9904874,9,19,1624512185,1625012185,5573538.705062,4536132.439795313,ai_sparse_k3,3,0.5581549830097635
cleanStatic,calibration,65,64.9904874,9,19,1624512185,1625012185,5573538.705062,4536132.439795313,pg_scc_k3,3,0.7536158138060691
cleanStatic,calibration,65,64.9904874,9,19,1624512185,1625012185,5573538.705062,4536132.439795313,ai_sparse_k5,5,0.5162048834542312
cleanStatic,calibration,65,64.9904874,9,19,1624512185,1625012185,5573538.705062,4536132.439795313,pg_scc_k5,5,0.09530679765887787
cleanStatic,calibration,65,64.9904874,9,19,1624512185,1625012185,5573538.705062,4536132.439795313,ai_sparse_k9,9,0.35186317752963747
cleanStatic,calibration,65,64.9904874,9,19,1624512185,1625012185,5573538.705062,4536132.439795313,pg_scc_k9,9,0.12215625163473437
cleanStatic,calibration,65,64.9904874,9,19,1624512185,1625012185,5573538.705062,4536132.439795313,epl3,3,0.09543685359297209
cleanStatic,calibration,65,64.9904874,9,19,1624512185,1625012185,5573538.705062,4536132.439795313,fixed9,9,0.34566719822673925
cleanStatic,calibration,65,64.9904874,9,19,1624512185,1625012185,5573538.705062,4536132.439795313,random1_k3,3,0.12126804715402169
cleanStatic,calibration,65,64.9904874,9,19,1624512185,1625012185,5573538.705062,4536132.439795313,random2_k3,3,0.28537878056845384
cleanStatic,calibration,65,64.9904874,9,19,1624512185,1625012185,5573538.705062,4536132.439795313,random3_k3,3,0.6524375300206193
cleanStatic,calibration,65,64.9904874,9,19,1624512185,1625012185,5573538.705062,4536132.439795313,random4_k3,3,0.7408127375615065
cleanStatic,calibration,65,64.9904874,9,19,1624512185,1625012185,5573538.705062,4536132.439795313,random5_k3,3,0.19015182571386893
cleanStatic,calibration,65,64.9904874,9,19,1624512185,1625012185,5573538.705062,4536132.439795313,random1_k5,5,0.17335765658118082
cleanStatic,calibration,65,64.9904874,9,19,1624512185,1625012185,5573538.705062,4536132.439795313,random2_k5,5,0.22575164633480216
cleanStatic,calibration,65,64.9904874,9,19,1624512185,1625012185,5573538.705062,4536132.439795313,random3_k5,5,0.4203025403839086
cleanStatic,calibration,65,64.9904874,9,19,1624512185,1625012185,5573538.705062,4536132.439795313,random4_k5,5,0.10168109241710091
cleanStatic,calibration,65,64.9904874,9,19,1624512185,1625012185,5573538.705062,4536132.439795313,random5_k5,5,0.23005678937153626
cleanStatic,calibration,65,64.9904874,9,19,1624512185,1625012185,5573538.705062,4536132.439795313,random1_k9,9,0.1862940607536682
cleanStatic,calibration,65,64.9904874,9,19,1624512185,1625012185,5573538.705062,4536132.439795313,random2_k9,9,0.07990939425417526
cleanStatic,calibration,65,64.9904874,9,19,1624512185,1625012185,5573538.705062,4536132.439795313,random3_k9,9,0.14741079632323537
cleanStatic,calibration,65,64.9904874,9,19,1624512185,1625012185,5573538.705062,4536132.439795313,random4_k9,9,0.16786886450273883
cleanStatic,calibration,65,64.9904874,9,19,1624512185,1625012185,5573538.705062,4536132.439795313,random5_k9,9,0.07562656935224668
cleanStatic,calibration,65,64.99061948,10,23,1624515487,1625015487,5573946.886056,6628180.450337416,dense_two_source_glrt,187,0.0055553406983390495
cleanStatic,calibration,65,64.99061948,10,23,1624515487,1625015487,5573946.886056,6628180.450337416,dense_one_source_residual,187,0.11627052725396232
cleanStatic,calibration,65,64.99061948,10,23,1624515487,1625015487,5573946.886056,6628180.450337416,raw_power_only,0,5573946.886056
cleanStatic,calibration,65,64.99061948,10,23,1624515487,1625015487,5573946.886056,6628180.450337416,analytic_sparse_k3,3,0.00920923285187225
cleanStatic,calibration,65,64.99061948,10,23,1624515487,1625015487,5573946.886056,6628180.450337416,uniform_k3,3,0.10727461176869986
cleanStatic,calibration,65,64.99061948,10,23,1624515487,1625015487,5573946.886056,6628180.450337416,shuffled_k3,3,0.07396486023483237
cleanStatic,calibration,65,64.99061948,10,23,1624515487,1625015487,5573946.886056,6628180.450337416,analytic_sparse_k5,5,0.04515199008982122
cleanStatic,calibration,65,64.99061948,10,23,1624515487,1625015487,5573946.886056,6628180.450337416,uniform_k5,5,0.0644641294862718
cleanStatic,calibration,65,64.99061948,10,23,1624515487,1625015487,5573946.886056,6628180.450337416,shuffled_k5,5,0.03154424242328637
cleanStatic,calibration,65,64.99061948,10,23,1624515487,1625015487,5573946.886056,6628180.450337416,analytic_sparse_k9,9,0.017880340755693655
cleanStatic,calibration,65,64.99061948,10,23,1624515487,1625015487,5573946.886056,6628180.450337416,uniform_k9,9,0.031369726841695554
cleanStatic,calibration,65,64.99061948,10,23,1624515487,1625015487,5573946.886056,6628180.450337416,shuffled_k9,9,0.055385851843398365
cleanStatic,calibration,65,64.99061948,10,23,1624515487,1625015487,5573946.886056,6628180.450337416,ai_sparse_k3,3,0.14021503759970202
cleanStatic,calibration,65,64.99061948,10,23,1624515487,1625015487,5573946.886056,6628180.450337416,pg_scc_k3,3,0.11004738731057408
cleanStatic,calibration,65,64.99061948,10,23,1624515487,1625015487,5573946.886056,6628180.450337416,ai_sparse_k5,5,0.11541024833347742
cleanStatic,calibration,65,64.99061948,10,23,1624515487,1625015487,5573946.886056,6628180.450337416,pg_scc_k5,5,0.06505267721839514
cleanStatic,calibration,65,64.99061948,10,23,1624515487,1625015487,5573946.886056,6628180.450337416,ai_sparse_k9,9,0.06692448163533535
cleanStatic,calibration,65,64.99061948,10,23,1624515487,1625015487,5573946.886056,6628180.450337416,pg_scc_k9,9,0.059990318456776465
cleanStatic,calibration,65,64.99061948,10,23,1624515487,1625015487,5573946.886056,6628180.450337416,epl3,3,0.06977651977766218
cleanStatic,calibration,65,64.99061948,10,23,1624515487,1625015487,5573946.886056,6628180.450337416,fixed9,9,0.038466881273716655
cleanStatic,calibration,65,64.99061948,10,23,1624515487,1625015487,5573946.886056,6628180.450337416,random1_k3,3,0.04706880627792207
cleanStatic,calibration,65,64.99061948,10,23,1624515487,1625015487,5573946.886056,6628180.450337416,random2_k3,3,0.07316262501286987
cleanStatic,calibration,65,64.99061948,10,23,1624515487,1625015487,5573946.886056,6628180.450337416,random3_k3,3,0.03608144134143561
cleanStatic,calibration,65,64.99061948,10,23,1624515487,1625015487,5573946.886056,6628180.450337416,random4_k3,3,0.01612053828392165
cleanStatic,calibration,65,64.99061948,10,23,1624515487,1625015487,5573946.886056,6628180.450337416,random5_k3,3,0.04292679560031835
cleanStatic,calibration,65,64.99061948,10,23,1624515487,1625015487,5573946.886056,6628180.450337416,random1_k5,5,0.026994793924310083
cleanStatic,calibration,65,64.99061948,10,23,1624515487,1625015487,5573946.886056,6628180.450337416,random2_k5,5,0.052496559760655856
cleanStatic,calibration,65,64.99061948,10,23,1624515487,1625015487,5573946.886056,6628180.450337416,random3_k5,5,0.046711958143131824
cleanStatic,calibration,65,64.99061948,10,23,1624515487,1625015487,5573946.886056,6628180.450337416,random4_k5,5,0.03315600965753178
cleanStatic,calibration,65,64.99061948,10,23,1624515487,1625015487,5573946.886056,6628180.450337416,random5_k5,5,0.07354989735952563
cleanStatic,calibration,65,64.99061948,10,23,1624515487,1625015487,5573946.886056,6628180.450337416,random1_k9,9,0.05028799995811627
cleanStatic,calibration,65,64.99061948,10,23,1624515487,1625015487,5573946.886056,6628180.450337416,random2_k9,9,0.01596867645508124
cleanStatic,calibration,65,64.99061948,10,23,1624515487,1625015487,5573946.886056,6628180.450337416,random3_k9,9,0.03300608709427472
cleanStatic,calibration,65,64.99061948,10,23,1624515487,1625015487,5573946.886056,6628180.450337416,random4_k9,9,0.012393970504604656
cleanStatic,calibration,65,64.99061948,10,23,1624515487,1625015487,5573946.886056,6628180.450337416,random5_k9,9,0.012169153190424553
cleanStatic,calibration,66,65.99132064,0,16,1649533016,1650033016,5486266.983829999,4685925.9878126,dense_two_source_glrt,187,0.12788699844353416
cleanStatic,calibration,66,65.99132064,0,16,1649533016,1650033016,5486266.983829999,4685925.9878126,dense_one_source_residual,187,0.6669766581089833
cleanStatic,calibration,66,65.99132064,0,16,1649533016,1650033016,5486266.983829999,4685925.9878126,raw_power_only,0,5486266.983829999
cleanStatic,calibration,66,65.99132064,0,16,1649533016,1650033016,5486266.983829999,4685925.9878126,analytic_sparse_k3,3,0.4269219364885198
cleanStatic,calibration,66,65.99132064,0,16,1649533016,1650033016,5486266.983829999,4685925.9878126,uniform_k3,3,0.4701733582123874
cleanStatic,calibration,66,65.99132064,0,16,1649533016,1650033016,5486266.983829999,4685925.9878126,shuffled_k3,3,0.1789837301750522
cleanStatic,calibration,66,65.99132064,0,16,1649533016,1650033016,5486266.983829999,4685925.9878126,analytic_sparse_k5,5,0.3116102373770377
cleanStatic,calibration,66,65.99132064,0,16,1649533016,1650033016,5486266.983829999,4685925.9878126,uniform_k5,5,0.31403739634335237
cleanStatic,calibration,66,65.99132064,0,16,1649533016,1650033016,5486266.983829999,4685925.9878126,shuffled_k5,5,0.1265700758331012
cleanStatic,calibration,66,65.99132064,0,16,1649533016,1650033016,5486266.983829999,4685925.9878126,analytic_sparse_k9,9,0.28675924814019615
cleanStatic,calibration,66,65.99132064,0,16,1649533016,1650033016,5486266.983829999,4685925.9878126,uniform_k9,9,0.06869814548872125
cleanStatic,calibration,66,65.99132064,0,16,1649533016,1650033016,5486266.983829999,4685925.9878126,shuffled_k9,9,0.2991059232684563
cleanStatic,calibration,66,65.99132064,0,16,1649533016,1650033016,5486266.983829999,4685925.9878126,ai_sparse_k3,3,0.5260908877029884
cleanStatic,calibration,66,65.99132064,0,16,1649533016,1650033016,5486266.983829999,4685925.9878126,pg_scc_k3,3,0.8879433194526216
cleanStatic,calibration,66,65.99132064,0,16,1649533016,1650033016,5486266.983829999,4685925.9878126,ai_sparse_k5,5,0.3647649678018043
cleanStatic,calibration,66,65.99132064,0,16,1649533016,1650033016,5486266.983829999,4685925.9878126,pg_scc_k5,5,0.23683308296941954
cleanStatic,calibration,66,65.99132064,0,16,1649533016,1650033016,5486266.983829999,4685925.9878126,ai_sparse_k9,9,0.3585005903117462
cleanStatic,calibration,66,65.99132064,0,16,1649533016,1650033016,5486266.983829999,4685925.9878126,pg_scc_k9,9,0.2208343296902127
cleanStatic,calibration,66,65.99132064,0,16,1649533016,1650033016,5486266.983829999,4685925.9878126,epl3,3,0.49730334762683787
cleanStatic,calibration,66,65.99132064,0,16,1649533016,1650033016,5486266.983829999,4685925.9878126,fixed9,9,0.5277355490439657
cleanStatic,calibration,66,65.99132064,0,16,1649533016,1650033016,5486266.983829999,4685925.9878126,random1_k3,3,0.921723051734586
cleanStatic,calibration,66,65.99132064,0,16,1649533016,1650033016,5486266.983829999,4685925.9878126,random2_k3,3,0.17075997948566887
cleanStatic,calibration,66,65.99132064,0,16,1649533016,1650033016,5486266.983829999,4685925.9878126,random3_k3,3,0.5216519295891396
cleanStatic,calibration,66,65.99132064,0,16,1649533016,1650033016,5486266.983829999,4685925.9878126,random4_k3,3,0.4604067565745602
cleanStatic,calibration,66,65.99132064,0,16,1649533016,1650033016,5486266.983829999,4685925.9878126,random5_k3,3,0.16737177553944546
cleanStatic,calibration,66,65.99132064,0,16,1649533016,1650033016,5486266.983829999,4685925.9878126,random1_k5,5,0.3158412806054362
cleanStatic,calibration,66,65.99132064,0,16,1649533016,1650033016,5486266.983829999,4685925.9878126,random2_k5,5,0.14741952212034834
cleanStatic,calibration,66,65.99132064,0,16,1649533016,1650033016,5486266.983829999,4685925.9878126,random3_k5,5,0.2870824449499211
cleanStatic,calibration,66,65.99132064,0,16,1649533016,1650033016,5486266.983829999,4685925.9878126,random4_k5,5,0.25185459873510085
cleanStatic,calibration,66,65.99132064,0,16,1649533016,1650033016,5486266.983829999,4685925.9878126,random5_k5,5,0.16168863506250414
cleanStatic,calibration,66,65.99132064,0,16,1649533016,1650033016,5486266.983829999,4685925.9878126,random1_k9,9,0.12470769203321923
cleanStatic,calibration,66,65.99132064,0,16,1649533016,1650033016,5486266.983829999,4685925.9878126,random2_k9,9,0.19347480042919907
cleanStatic,calibration,66,65.99132064,0,16,1649533016,1650033016,5486266.983829999,4685925.9878126,random3_k9,9,0.12326672211460002
cleanStatic,calibration,66,65.99132064,0,16,1649533016,1650033016,5486266.983829999,4685925.9878126,random4_k9,9,0.2970562328956416
cleanStatic,calibration,66,65.99132064,0,16,1649533016,1650033016,5486266.983829999,4685925.9878126,random5_k9,9,0.5143128936390915
cleanStatic,calibration,66,66.00653732,2,3,1649913433,1650413433,5530965.684408,5778477.285897407,dense_two_source_glrt,187,0.08970562362573385
cleanStatic,calibration,66,66.00653732,2,3,1649913433,1650413433,5530965.684408,5778477.285897407,dense_one_source_residual,187,0.4027617785263071
cleanStatic,calibration,66,66.00653732,2,3,1649913433,1650413433,5530965.684408,5778477.285897407,raw_power_only,0,5530965.684408
cleanStatic,calibration,66,66.00653732,2,3,1649913433,1650413433,5530965.684408,5778477.285897407,analytic_sparse_k3,3,0.06722388723717043
cleanStatic,calibration,66,66.00653732,2,3,1649913433,1650413433,5530965.684408,5778477.285897407,uniform_k3,3,0.33769460078824437
cleanStatic,calibration,66,66.00653732,2,3,1649913433,1650413433,5530965.684408,5778477.285897407,shuffled_k3,3,0.028234866516786666
cleanStatic,calibration,66,66.00653732,2,3,1649913433,1650413433,5530965.684408,5778477.285897407,analytic_sparse_k5,5,0.247441026213746
cleanStatic,calibration,66,66.00653732,2,3,1649913433,1650413433,5530965.684408,5778477.285897407,uniform_k5,5,0.2135842689722786
cleanStatic,calibration,66,66.00653732,2,3,1649913433,1650413433,5530965.684408,5778477.285897407,shuffled_k5,5,0.16294673126786924
cleanStatic,calibration,66,66.00653732,2,3,1649913433,1650413433,5530965.684408,5778477.285897407,analytic_sparse_k9,9,0.11627593368233684
cleanStatic,calibration,66,66.00653732,2,3,1649913433,1650413433,5530965.684408,5778477.285897407,uniform_k9,9,0.047224417198287946
cleanStatic,calibration,66,66.00653732,2,3,1649913433,1650413433,5530965.684408,5778477.285897407,shuffled_k9,9,0.13243673173427428
cleanStatic,calibration,66,66.00653732,2,3,1649913433,1650413433,5530965.684408,5778477.285897407,ai_sparse_k3,3,0.07228189987810155
cleanStatic,calibration,66,66.00653732,2,3,1649913433,1650413433,5530965.684408,5778477.285897407,pg_scc_k3,3,0.006158767337564282
cleanStatic,calibration,66,66.00653732,2,3,1649913433,1650413433,5530965.684408,5778477.285897407,ai_sparse_k5,5,0.12989670995991492
cleanStatic,calibration,66,66.00653732,2,3,1649913433,1650413433,5530965.684408,5778477.285897407,pg_scc_k5,5,0.09392667997936413
cleanStatic,calibration,66,66.00653732,2,3,1649913433,1650413433,5530965.684408,5778477.285897407,ai_sparse_k9,9,0.10662706392751248
cleanStatic,calibration,66,66.00653732,2,3,1649913433,1650413433,5530965.684408,5778477.285897407,pg_scc_k9,9,0.06748960148655805
cleanStatic,calibration,66,66.00653732,2,3,1649913433,1650413433,5530965.684408,5778477.285897407,epl3,3,0.20379573158811568
cleanStatic,calibration,66,66.00653732,2,3,1649913433,1650413433,5530965.684408,5778477.285897407,fixed9,9,0.1783655899156377
cleanStatic,calibration,66,66.00653732,2,3,1649913433,1650413433,5530965.684408,5778477.285897407,random1_k3,3,0.20976840595148694
cleanStatic,calibration,66,66.00653732,2,3,1649913433,1650413433,5530965.684408,5778477.285897407,random2_k3,3,0.1763880992870505
cleanStatic,calibration,66,66.00653732,2,3,1649913433,1650413433,5530965.684408,5778477.285897407,random3_k3,3,0.18338789316817397
cleanStatic,calibration,66,66.00653732,2,3,1649913433,1650413433,5530965.684408,5778477.285897407,random4_k3,3,0.25727189895745745
cleanStatic,calibration,66,66.00653732,2,3,1649913433,1650413433,5530965.684408,5778477.285897407,random5_k3,3,0.08252579436554727
cleanStatic,calibration,66,66.00653732,2,3,1649913433,1650413433,5530965.684408,5778477.285897407,random1_k5,5,0.20796061344784236
cleanStatic,calibration,66,66.00653732,2,3,1649913433,1650413433,5530965.684408,5778477.285897407,random2_k5,5,0.14825532266685165
cleanStatic,calibration,66,66.00653732,2,3,1649913433,1650413433,5530965.684408,5778477.285897407,random3_k5,5,0.2632531312270957
cleanStatic,calibration,66,66.00653732,2,3,1649913433,1650413433,5530965.684408,5778477.285897407,random4_k5,5,0.11995991855478993
cleanStatic,calibration,66,66.00653732,2,3,1649913433,1650413433,5530965.684408,5778477.285897407,random5_k5,5,0.2800304601315603
cleanStatic,calibration,66,66.00653732,2,3,1649913433,1650413433,5530965.684408,5778477.285897407,random1_k9,9,0.10350409644565704
cleanStatic,calibration,66,66.00653732,2,3,1649913433,1650413433,5530965.684408,5778477.285897407,random2_k9,9,0.09142645626138189
cleanStatic,calibration,66,66.00653732,2,3,1649913433,1650413433,5530965.684408,5778477.285897407,random3_k9,9,0.24208664434813995
cleanStatic,calibration,66,66.00653732,2,3,1649913433,1650413433,5530965.684408,5778477.285897407,random4_k9,9,0.20049808858695947
cleanStatic,calibration,66,66.00653732,2,3,1649913433,1650413433,5530965.684408,5778477.285897407,random5_k9,9,0.12327100832524662
cleanStatic,calibration,66,66.00137,3,20,1649784250,1650284250,5506962.864545999,2263720.300211407,dense_two_source_glrt,187,0.3294970273573032
cleanStatic,calibration,66,66.00137,3,20,1649784250,1650284250,5506962.864545999,2263720.300211407,dense_one_source_residual,187,1.6461127707325598
cleanStatic,calibration,66,66.00137,3,20,1649784250,1650284250,5506962.864545999,2263720.300211407,raw_power_only,0,5506962.864545999
cleanStatic,calibration,66,66.00137,3,20,1649784250,1650284250,5506962.864545999,2263720.300211407,analytic_sparse_k3,3,0.019152342006955005
cleanStatic,calibration,66,66.00137,3,20,1649784250,1650284250,5506962.864545999,2263720.300211407,uniform_k3,3,0.588732883406588
cleanStatic,calibration,66,66.00137,3,20,1649784250,1650284250,5506962.864545999,2263720.300211407,shuffled_k3,3,0.23747834872442833
cleanStatic,calibration,66,66.00137,3,20,1649784250,1650284250,5506962.864545999,2263720.300211407,analytic_sparse_k5,5,0.11707488588689023
cleanStatic,calibration,66,66.00137,3,20,1649784250,1650284250,5506962.864545999,2263720.300211407,uniform_k5,5,0.505895760307806
cleanStatic,calibration,66,66.00137,3,20,1649784250,1650284250,5506962.864545999,2263720.300211407,shuffled_k5,5,0.8906261709145443
cleanStatic,calibration,66,66.00137,3,20,1649784250,1650284250,5506962.864545999,2263720.300211407,analytic_sparse_k9,9,0.7785784998437377
cleanStatic,calibration,66,66.00137,3,20,1649784250,1650284250,5506962.864545999,2263720.300211407,uniform_k9,9,0.14272414993933027
cleanStatic,calibration,66,66.00137,3,20,1649784250,1650284250,5506962.864545999,2263720.300211407,shuffled_k9,9,1.0264164508993705
cleanStatic,calibration,66,66.00137,3,20,1649784250,1650284250,5506962.864545999,2263720.300211407,ai_sparse_k3,3,2.1073382255196904
cleanStatic,calibration,66,66.00137,3,20,1649784250,1650284250,5506962.864545999,2263720.300211407,pg_scc_k3,3,3.2939550640885513
cleanStatic,calibration,66,66.00137,3,20,1649784250,1650284250,5506962.864545999,2263720.300211407,ai_sparse_k5,5,1.6720008042012537
cleanStatic,calibration,66,66.00137,3,20,1649784250,1650284250,5506962.864545999,2263720.300211407,pg_scc_k5,5,1.2404664487770112
cleanStatic,calibration,66,66.00137,3,20,1649784250,1650284250,5506962.864545999,2263720.300211407,ai_sparse_k9,9,1.3080555807774752
cleanStatic,calibration,66,66.00137,3,20,1649784250,1650284250,5506962.864545999,2263720.300211407,pg_scc_k9,9,1.2020019959483366
cleanStatic,calibration,66,66.00137,3,20,1649784250,1650284250,5506962.864545999,2263720.300211407,epl3,3,1.656199556161394
cleanStatic,calibration,66,66.00137,3,20,1649784250,1650284250,5506962.864545999,2263720.300211407,fixed9,9,1.4304861998241556
cleanStatic,calibration,66,66.00137,3,20,1649784250,1650284250,5506962.864545999,2263720.300211407,random1_k3,3,2.7957003066789983
cleanStatic,calibration,66,66.00137,3,20,1649784250,1650284250,5506962.864545999,2263720.300211407,random2_k3,3,0.36448118982919436
cleanStatic,calibration,66,66.00137,3,20,1649784250,1650284250,5506962.864545999,2263720.300211407,random3_k3,3,0.9260720138008313
cleanStatic,calibration,66,66.00137,3,20,1649784250,1650284250,5506962.864545999,2263720.300211407,random4_k3,3,0.27673912906627196
cleanStatic,calibration,66,66.00137,3,20,1649784250,1650284250,5506962.864545999,2263720.300211407,random5_k3,3,0.1335942219203824
cleanStatic,calibration,66,66.00137,3,20,1649784250,1650284250,5506962.864545999,2263720.300211407,random1_k5,5,0.26970918911944874
cleanStatic,calibration,66,66.00137,3,20,1649784250,1650284250,5506962.864545999,2263720.300211407,random2_k5,5,0.5372285775966642
cleanStatic,calibration,66,66.00137,3,20,1649784250,1650284250,5506962.864545999,2263720.300211407,random3_k5,5,1.0719851200759118
cleanStatic,calibration,66,66.00137,3,20,1649784250,1650284250,5506962.864545999,2263720.300211407,random4_k5,5,0.26693895377635163
cleanStatic,calibration,66,66.00137,3,20,1649784250,1650284250,5506962.864545999,2263720.300211407,random5_k5,5,1.1714082032017394
cleanStatic,calibration,66,66.00137,3,20,1649784250,1650284250,5506962.864545999,2263720.300211407,random1_k9,9,0.5996274012985493
cleanStatic,calibration,66,66.00137,3,20,1649784250,1650284250,5506962.864545999,2263720.300211407,random2_k9,9,0.19692804388990343
cleanStatic,calibration,66,66.00137,3,20,1649784250,1650284250,5506962.864545999,2263720.300211407,random3_k9,9,0.6502906978630646
cleanStatic,calibration,66,66.00137,3,20,1649784250,1650284250,5506962.864545999,2263720.300211407,random4_k9,9,0.8692167045948069
cleanStatic,calibration,66,66.00137,3,20,1649784250,1650284250,5506962.864545999,2263720.300211407,random5_k9,9,0.6253647600526308
cleanStatic,calibration,66,66.05868248,4,30,1651217062,1651717062,5571456.684254,2288173.4346765215,dense_two_source_glrt,187,0.2370048656657074
cleanStatic,calibration,66,66.05868248,4,30,1651217062,1651717062,5571456.684254,2288173.4346765215,dense_one_source_residual,187,1.816227166220801
cleanStatic,calibration,66,66.05868248,4,30,1651217062,1651717062,5571456.684254,2288173.4346765215,raw_power_only,0,5571456.684254
cleanStatic,calibration,66,66.05868248,4,30,1651217062,1651717062,5571456.684254,2288173.4346765215,analytic_sparse_k3,3,0.19897967372190709
cleanStatic,calibration,66,66.05868248,4,30,1651217062,1651717062,5571456.684254,2288173.4346765215,uniform_k3,3,0.40552954974312194
cleanStatic,calibration,66,66.05868248,4,30,1651217062,1651717062,5571456.684254,2288173.4346765215,shuffled_k3,3,0.5444928036048375
cleanStatic,calibration,66,66.05868248,4,30,1651217062,1651717062,5571456.684254,2288173.4346765215,analytic_sparse_k5,5,0.6004074238941874
cleanStatic,calibration,66,66.05868248,4,30,1651217062,1651717062,5571456.684254,2288173.4346765215,uniform_k5,5,0.38859675970665786
cleanStatic,calibration,66,66.05868248,4,30,1651217062,1651717062,5571456.684254,2288173.4346765215,shuffled_k5,5,1.100704996938913
cleanStatic,calibration,66,66.05868248,4,30,1651217062,1651717062,5571456.684254,2288173.4346765215,analytic_sparse_k9,9,0.6418890789811635
cleanStatic,calibration,66,66.05868248,4,30,1651217062,1651717062,5571456.684254,2288173.4346765215,uniform_k9,9,0.13296798526659115
cleanStatic,calibration,66,66.05868248,4,30,1651217062,1651717062,5571456.684254,2288173.4346765215,shuffled_k9,9,0.7089413052775656
cleanStatic,calibration,66,66.05868248,4,30,1651217062,1651717062,5571456.684254,2288173.4346765215,ai_sparse_k3,3,1.0768341632187062
cleanStatic,calibration,66,66.05868248,4,30,1651217062,1651717062,5571456.684254,2288173.4346765215,pg_scc_k3,3,1.0924479112980283
cleanStatic,calibration,66,66.05868248,4,30,1651217062,1651717062,5571456.684254,2288173.4346765215,ai_sparse_k5,5,2.098459739399371
cleanStatic,calibration,66,66.05868248,4,30,1651217062,1651717062,5571456.684254,2288173.4346765215,pg_scc_k5,5,0.1427281608347677
cleanStatic,calibration,66,66.05868248,4,30,1651217062,1651717062,5571456.684254,2288173.4346765215,ai_sparse_k9,9,1.3272951202471488
cleanStatic,calibration,66,66.05868248,4,30,1651217062,1651717062,5571456.684254,2288173.4346765215,pg_scc_k9,9,0.3309302845968855
cleanStatic,calibration,66,66.05868248,4,30,1651217062,1651717062,5571456.684254,2288173.4346765215,epl3,3,0.6044019063850155
cleanStatic,calibration,66,66.05868248,4,30,1651217062,1651717062,5571456.684254,2288173.4346765215,fixed9,9,0.7898676947512636
cleanStatic,calibration,66,66.05868248,4,30,1651217062,1651717062,5571456.684254,2288173.4346765215,random1_k3,3,1.8568019709498695
cleanStatic,calibration,66,66.05868248,4,30,1651217062,1651717062,5571456.684254,2288173.4346765215,random2_k3,3,3.0326561965235412
cleanStatic,calibration,66,66.05868248,4,30,1651217062,1651717062,5571456.684254,2288173.4346765215,random3_k3,3,0.5362064405167234
cleanStatic,calibration,66,66.05868248,4,30,1651217062,1651717062,5571456.684254,2288173.4346765215,random4_k3,3,0.7580623685092958
cleanStatic,calibration,66,66.05868248,4,30,1651217062,1651717062,5571456.684254,2288173.4346765215,random5_k3,3,0.9654357628471185
cleanStatic,calibration,66,66.05868248,4,30,1651217062,1651717062,5571456.684254,2288173.4346765215,random1_k5,5,0.5738894429126677
cleanStatic,calibration,66,66.05868248,4,30,1651217062,1651717062,5571456.684254,2288173.4346765215,random2_k5,5,0.8628925171779368
cleanStatic,calibration,66,66.05868248,4,30,1651217062,1651717062,5571456.684254,2288173.4346765215,random3_k5,5,1.1756891705841255
cleanStatic,calibration,66,66.05868248,4,30,1651217062,1651717062,5571456.684254,2288173.4346765215,random4_k5,5,0.7041059769353204
cleanStatic,calibration,66,66.05868248,4,30,1651217062,1651717062,5571456.684254,2288173.4346765215,random5_k5,5,0.2513993985161931
cleanStatic,calibration,66,66.05868248,4,30,1651217062,1651717062,5571456.684254,2288173.4346765215,random1_k9,9,1.044736644923235
cleanStatic,calibration,66,66.05868248,4,30,1651217062,1651717062,5571456.684254,2288173.4346765215,random2_k9,9,0.2634869135070422
cleanStatic,calibration,66,66.05868248,4,30,1651217062,1651717062,5571456.684254,2288173.4346765215,random3_k9,9,0.4514804990587693
cleanStatic,calibration,66,66.05868248,4,30,1651217062,1651717062,5571456.684254,2288173.4346765215,random4_k9,9,1.5124389356137042
cleanStatic,calibration,66,66.05868248,4,30,1651217062,1651717062,5571456.684254,2288173.4346765215,random5_k9,9,1.0358037288209034
cleanStatic,calibration,66,65.9906638,5,6,1649516595,1650016595,5487046.621808001,4512897.420711877,dense_two_source_glrt,187,0.01623087543639471
cleanStatic,calibration,66,65.9906638,5,6,1649516595,1650016595,5487046.621808001,4512897.420711877,dense_one_source_residual,187,0.2406399124350499
cleanStatic,calibration,66,65.9906638,5,6,1649516595,1650016595,5487046.621808001,4512897.420711877,raw_power_only,0,5487046.621808001
cleanStatic,calibration,66,65.9906638,5,6,1649516595,1650016595,5487046.621808001,4512897.420711877,analytic_sparse_k3,3,0.10691068002201305
cleanStatic,calibration,66,65.9906638,5,6,1649516595,1650016595,5487046.621808001,4512897.420711877,uniform_k3,3,0.24071871135851777
cleanStatic,calibration,66,65.9906638,5,6,1649516595,1650016595,5487046.621808001,4512897.420711877,shuffled_k3,3,0.05090500942668579
cleanStatic,calibration,66,65.9906638,5,6,1649516595,1650016595,5487046.621808001,4512897.420711877,analytic_sparse_k5,5,0.09003103886549486
cleanStatic,calibration,66,65.9906638,5,6,1649516595,1650016595,5487046.621808001,4512897.420711877,uniform_k5,5,0.12043941767387627
cleanStatic,calibration,66,65.9906638,5,6,1649516595,1650016595,5487046.621808001,4512897.420711877,shuffled_k5,5,0.10212212351875642
cleanStatic,calibration,66,65.9906638,5,6,1649516595,1650016595,5487046.621808001,4512897.420711877,analytic_sparse_k9,9,0.04457810776795284
cleanStatic,calibration,66,65.9906638,5,6,1649516595,1650016595,5487046.621808001,4512897.420711877,uniform_k9,9,0.011723035975442232
cleanStatic,calibration,66,65.9906638,5,6,1649516595,1650016595,5487046.621808001,4512897.420711877,shuffled_k9,9,0.08799849376699292
cleanStatic,calibration,66,65.9906638,5,6,1649516595,1650016595,5487046.621808001,4512897.420711877,ai_sparse_k3,3,0.08299710554210497
cleanStatic,calibration,66,65.9906638,5,6,1649516595,1650016595,5487046.621808001,4512897.420711877,pg_scc_k3,3,0.13229584601506272
cleanStatic,calibration,66,65.9906638,5,6,1649516595,1650016595,5487046.621808001,4512897.420711877,ai_sparse_k5,5,0.09575505991400671
cleanStatic,calibration,66,65.9906638,5,6,1649516595,1650016595,5487046.621808001,4512897.420711877,pg_scc_k5,5,0.05290864655325285
cleanStatic,calibration,66,65.9906638,5,6,1649516595,1650016595,5487046.621808001,4512897.420711877,ai_sparse_k9,9,0.07204784488347887
cleanStatic,calibration,66,65.9906638,5,6,1649516595,1650016595,5487046.621808001,4512897.420711877,pg_scc_k9,9,0.029919292287963244
cleanStatic,calibration,66,65.9906638,5,6,1649516595,1650016595,5487046.621808001,4512897.420711877,epl3,3,0.2420853602889775
cleanStatic,calibration,66,65.9906638,5,6,1649516595,1650016595,5487046.621808001,4512897.420711877,fixed9,9,0.10544110387281877
cleanStatic,calibration,66,65.9906638,5,6,1649516595,1650016595,5487046.621808001,4512897.420711877,random1_k3,3,0.04763192487012289
cleanStatic,calibration,66,65.9906638,5,6,1649516595,1650016595,5487046.621808001,4512897.420711877,random2_k3,3,0.038701454393875026
cleanStatic,calibration,66,65.9906638,5,6,1649516595,1650016595,5487046.621808001,4512897.420711877,random3_k3,3,0.1221561811926477
cleanStatic,calibration,66,65.9906638,5,6,1649516595,1650016595,5487046.621808001,4512897.420711877,random4_k3,3,0.13092581283330598
cleanStatic,calibration,66,65.9906638,5,6,1649516595,1650016595,5487046.621808001,4512897.420711877,random5_k3,3,0.02741529177205458
cleanStatic,calibration,66,65.9906638,5,6,1649516595,1650016595,5487046.621808001,4512897.420711877,random1_k5,5,0.05801426179521356
cleanStatic,calibration,66,65.9906638,5,6,1649516595,1650016595,5487046.621808001,4512897.420711877,random2_k5,5,0.053278701588398335
cleanStatic,calibration,66,65.9906638,5,6,1649516595,1650016595,5487046.621808001,4512897.420711877,random3_k5,5,0.0880610779205524
cleanStatic,calibration,66,65.9906638,5,6,1649516595,1650016595,5487046.621808001,4512897.420711877,random4_k5,5,0.10154719730088498
cleanStatic,calibration,66,65.9906638,5,6,1649516595,1650016595,5487046.621808001,4512897.420711877,random5_k5,5,0.011722582510052768
cleanStatic,calibration,66,65.9906638,5,6,1649516595,1650016595,5487046.621808001,4512897.420711877,random1_k9,9,0.07640049487215338
cleanStatic,calibration,66,65.9906638,5,6,1649516595,1650016595,5487046.621808001,4512897.420711877,random2_k9,9,0.04207794930804895
cleanStatic,calibration,66,65.9906638,5,6,1649516595,1650016595,5487046.621808001,4512897.420711877,random3_k9,9,0.09860074629759384
cleanStatic,calibration,66,65.9906638,5,6,1649516595,1650016595,5487046.621808001,4512897.420711877,random4_k9,9,0.03480734654041765
cleanStatic,calibration,66,65.9906638,5,6,1649516595,1650016595,5487046.621808001,4512897.420711877,random5_k9,9,0.05117190009076587
cleanStatic,calibration,66,65.99017992,6,7,1649504498,1650004498,5487472.520496,4490602.946840539,dense_two_source_glrt,187,0.10803270732513856
cleanStatic,calibration,66,65.99017992,6,7,1649504498,1650004498,5487472.520496,4490602.946840539,dense_one_source_residual,187,1.5199026172642387
cleanStatic,calibration,66,65.99017992,6,7,1649504498,1650004498,5487472.520496,4490602.946840539,raw_power_only,0,5487472.520496
cleanStatic,calibration,66,65.99017992,6,7,1649504498,1650004498,5487472.520496,4490602.946840539,analytic_sparse_k3,3,0.6693332543358413
cleanStatic,calibration,66,65.99017992,6,7,1649504498,1650004498,5487472.520496,4490602.946840539,uniform_k3,3,1.9246647479096337
cleanStatic,calibration,66,65.99017992,6,7,1649504498,1650004498,5487472.520496,4490602.946840539,shuffled_k3,3,0.6454882788071056
cleanStatic,calibration,66,65.99017992,6,7,1649504498,1650004498,5487472.520496,4490602.946840539,analytic_sparse_k5,5,0.5817370600593698
cleanStatic,calibration,66,65.99017992,6,7,1649504498,1650004498,5487472.520496,4490602.946840539,uniform_k5,5,1.7350969273795513
cleanStatic,calibration,66,65.99017992,6,7,1649504498,1650004498,5487472.520496,4490602.946840539,shuffled_k5,5,0.9487964377359275
cleanStatic,calibration,66,65.99017992,6,7,1649504498,1650004498,5487472.520496,4490602.946840539,analytic_sparse_k9,9,0.43040396081646976
cleanStatic,calibration,66,65.99017992,6,7,1649504498,1650004498,5487472.520496,4490602.946840539,uniform_k9,9,0.08136858462782826
cleanStatic,calibration,66,65.99017992,6,7,1649504498,1650004498,5487472.520496,4490602.946840539,shuffled_k9,9,0.20951448560319738
cleanStatic,calibration,66,65.99017992,6,7,1649504498,1650004498,5487472.520496,4490602.946840539,ai_sparse_k3,3,0.23448035072881615
cleanStatic,calibration,66,65.99017992,6,7,1649504498,1650004498,5487472.520496,4490602.946840539,pg_scc_k3,3,0.24399067170099253
cleanStatic,calibration,66,65.99017992,6,7,1649504498,1650004498,5487472.520496,4490602.946840539,ai_sparse_k5,5,0.08895305992187938
cleanStatic,calibration,66,65.99017992,6,7,1649504498,1650004498,5487472.520496,4490602.946840539,pg_scc_k5,5,0.11505643505634555
cleanStatic,calibration,66,65.99017992,6,7,1649504498,1650004498,5487472.520496,4490602.946840539,ai_sparse_k9,9,0.20273654373210562
cleanStatic,calibration,66,65.99017992,6,7,1649504498,1650004498,5487472.520496,4490602.946840539,pg_scc_k9,9,0.18247988590402603
cleanStatic,calibration,66,65.99017992,6,7,1649504498,1650004498,5487472.520496,4490602.946840539,epl3,3,1.1209763441047291
cleanStatic,calibration,66,65.99017992,6,7,1649504498,1650004498,5487472.520496,4490602.946840539,fixed9,9,0.11836908969401971
cleanStatic,calibration,66,65.99017992,6,7,1649504498,1650004498,5487472.520496,4490602.946840539,random1_k3,3,0.6988552649130254
cleanStatic,calibration,66,65.99017992,6,7,1649504498,1650004498,5487472.520496,4490602.946840539,random2_k3,3,0.735900436919161
cleanStatic,calibration,66,65.99017992,6,7,1649504498,1650004498,5487472.520496,4490602.946840539,random3_k3,3,0.4167232155643969
cleanStatic,calibration,66,65.99017992,6,7,1649504498,1650004498,5487472.520496,4490602.946840539,random4_k3,3,1.4099096072787354
cleanStatic,calibration,66,65.99017992,6,7,1649504498,1650004498,5487472.520496,4490602.946840539,random5_k3,3,0.526747852567471
cleanStatic,calibration,66,65.99017992,6,7,1649504498,1650004498,5487472.520496,4490602.946840539,random1_k5,5,0.42993009932051046
cleanStatic,calibration,66,65.99017992,6,7,1649504498,1650004498,5487472.520496,4490602.946840539,random2_k5,5,0.8350908461639808
cleanStatic,calibration,66,65.99017992,6,7,1649504498,1650004498,5487472.520496,4490602.946840539,random3_k5,5,0.5104797123598783
cleanStatic,calibration,66,65.99017992,6,7,1649504498,1650004498,5487472.520496,4490602.946840539,random4_k5,5,0.48165616689515256
cleanStatic,calibration,66,65.99017992,6,7,1649504498,1650004498,5487472.520496,4490602.946840539,random5_k5,5,0.6250798623082658
cleanStatic,calibration,66,65.99017992,6,7,1649504498,1650004498,5487472.520496,4490602.946840539,random1_k9,9,0.14304261173941737
cleanStatic,calibration,66,65.99017992,6,7,1649504498,1650004498,5487472.520496,4490602.946840539,random2_k9,9,0.26150591990466965
cleanStatic,calibration,66,65.99017992,6,7,1649504498,1650004498,5487472.520496,4490602.946840539,random3_k9,9,0.5705857302095109
cleanStatic,calibration,66,65.99017992,6,7,1649504498,1650004498,5487472.520496,4490602.946840539,random4_k9,9,0.6633746893367258
cleanStatic,calibration,66,65.99017992,6,7,1649504498,1650004498,5487472.520496,4490602.946840539,random5_k9,9,0.8399095607768958
cleanStatic,calibration,66,65.99036936,7,10,1649509234,1650009234,5486157.139282001,2273685.051444172,dense_two_source_glrt,187,0.9635338330248518
cleanStatic,calibration,66,65.99036936,7,10,1649509234,1650009234,5486157.139282001,2273685.051444172,dense_one_source_residual,187,3.3842012003100015
cleanStatic,calibration,66,65.99036936,7,10,1649509234,1650009234,5486157.139282001,2273685.051444172,raw_power_only,0,5486157.139282001
cleanStatic,calibration,66,65.99036936,7,10,1649509234,1650009234,5486157.139282001,2273685.051444172,analytic_sparse_k3,3,2.177592472880493
cleanStatic,calibration,66,65.99036936,7,10,1649509234,1650009234,5486157.139282001,2273685.051444172,uniform_k3,3,2.2290323963683494
cleanStatic,calibration,66,65.99036936,7,10,1649509234,1650009234,5486157.139282001,2273685.051444172,shuffled_k3,3,1.545466372012674
cleanStatic,calibration,66,65.99036936,7,10,1649509234,1650009234,5486157.139282001,2273685.051444172,analytic_sparse_k5,5,2.081142422253273
cleanStatic,calibration,66,65.99036936,7,10,1649509234,1650009234,5486157.139282001,2273685.051444172,uniform_k5,5,3.0683634295548385
cleanStatic,calibration,66,65.99036936,7,10,1649509234,1650009234,5486157.139282001,2273685.051444172,shuffled_k5,5,2.0378449750632224
cleanStatic,calibration,66,65.99036936,7,10,1649509234,1650009234,5486157.139282001,2273685.051444172,analytic_sparse_k9,9,1.4244260413422802
cleanStatic,calibration,66,65.99036936,7,10,1649509234,1650009234,5486157.139282001,2273685.051444172,uniform_k9,9,0.2440624245329125
cleanStatic,calibration,66,65.99036936,7,10,1649509234,1650009234,5486157.139282001,2273685.051444172,shuffled_k9,9,1.9553873758472402
cleanStatic,calibration,66,65.99036936,7,10,1649509234,1650009234,5486157.139282001,2273685.051444172,ai_sparse_k3,3,2.1076890567935056
cleanStatic,calibration,66,65.99036936,7,10,1649509234,1650009234,5486157.139282001,2273685.051444172,pg_scc_k3,3,2.1424784201138225
cleanStatic,calibration,66,65.99036936,7,10,1649509234,1650009234,5486157.139282001,2273685.051444172,ai_sparse_k5,5,2.7168567577667813
cleanStatic,calibration,66,65.99036936,7,10,1649509234,1650009234,5486157.139282001,2273685.051444172,pg_scc_k5,5,0.48456480357991116
cleanStatic,calibration,66,65.99036936,7,10,1649509234,1650009234,5486157.139282001,2273685.051444172,ai_sparse_k9,9,2.430717999518615
cleanStatic,calibration,66,65.99036936,7,10,1649509234,1650009234,5486157.139282001,2273685.051444172,pg_scc_k9,9,0.5694468718819728
cleanStatic,calibration,66,65.99036936,7,10,1649509234,1650009234,5486157.139282001,2273685.051444172,epl3,3,1.183576290607463
cleanStatic,calibration,66,65.99036936,7,10,1649509234,1650009234,5486157.139282001,2273685.051444172,fixed9,9,2.3148068897542773
cleanStatic,calibration,66,65.99036936,7,10,1649509234,1650009234,5486157.139282001,2273685.051444172,random1_k3,3,1.6963682849882635
cleanStatic,calibration,66,65.99036936,7,10,1649509234,1650009234,5486157.139282001,2273685.051444172,random2_k3,3,1.416846021805143
cleanStatic,calibration,66,65.99036936,7,10,1649509234,1650009234,5486157.139282001,2273685.051444172,random3_k3,3,2.6670658945726786
cleanStatic,calibration,66,65.99036936,7,10,1649509234,1650009234,5486157.139282001,2273685.051444172,random4_k3,3,1.425425290085398
cleanStatic,calibration,66,65.99036936,7,10,1649509234,1650009234,5486157.139282001,2273685.051444172,random5_k3,3,1.7914617791205714
cleanStatic,calibration,66,65.99036936,7,10,1649509234,1650009234,5486157.139282001,2273685.051444172,random1_k5,5,1.2903295647875983
cleanStatic,calibration,66,65.99036936,7,10,1649509234,1650009234,5486157.139282001,2273685.051444172,random2_k5,5,0.4706919592428186
cleanStatic,calibration,66,65.99036936,7,10,1649509234,1650009234,5486157.139282001,2273685.051444172,random3_k5,5,1.2358837119716146
cleanStatic,calibration,66,65.99036936,7,10,1649509234,1650009234,5486157.139282001,2273685.051444172,random4_k5,5,2.4035566408004683
cleanStatic,calibration,66,65.99036936,7,10,1649509234,1650009234,5486157.139282001,2273685.051444172,random5_k5,5,0.9473411543990686
cleanStatic,calibration,66,65.99036936,7,10,1649509234,1650009234,5486157.139282001,2273685.051444172,random1_k9,9,1.1754845043314066
cleanStatic,calibration,66,65.99036936,7,10,1649509234,1650009234,5486157.139282001,2273685.051444172,random2_k9,9,0.7708101393714446
cleanStatic,calibration,66,65.99036936,7,10,1649509234,1650009234,5486157.139282001,2273685.051444172,random3_k9,9,1.3533669192775901
cleanStatic,calibration,66,65.99036936,7,10,1649509234,1650009234,5486157.139282001,2273685.051444172,random4_k9,9,0.8308890122218386
cleanStatic,calibration,66,65.99036936,7,10,1649509234,1650009234,5486157.139282001,2273685.051444172,random5_k9,9,0.5729887594517274
cleanStatic,calibration,66,66.00965684,8,13,1649991421,1650491421,5534842.97145,6389386.512413008,dense_two_source_glrt,187,0.02119079421600152
cleanStatic,calibration,66,66.00965684,8,13,1649991421,1650491421,5534842.97145,6389386.512413008,dense_one_source_residual,187,0.187802809205416
cleanStatic,calibration,66,66.00965684,8,13,1649991421,1650491421,5534842.97145,6389386.512413008,raw_power_only,0,5534842.97145
cleanStatic,calibration,66,66.00965684,8,13,1649991421,1650491421,5534842.97145,6389386.512413008,analytic_sparse_k3,3,0.04299143087672382
cleanStatic,calibration,66,66.00965684,8,13,1649991421,1650491421,5534842.97145,6389386.512413008,uniform_k3,3,0.2868934268358727
cleanStatic,calibration,66,66.00965684,8,13,1649991421,1650491421,5534842.97145,6389386.512413008,shuffled_k3,3,0.14603112211710992
cleanStatic,calibration,66,66.00965684,8,13,1649991421,1650491421,5534842.97145,6389386.512413008,analytic_sparse_k5,5,0.08350765370911804
cleanStatic,calibration,66,66.00965684,8,13,1649991421,1650491421,5534842.97145,6389386.512413008,uniform_k5,5,0.09553871921072085
cleanStatic,calibration,66,66.00965684,8,13,1649991421,1650491421,5534842.97145,6389386.512413008,shuffled_k5,5,0.07495429602506089
cleanStatic,calibration,66,66.00965684,8,13,1649991421,1650491421,5534842.97145,6389386.512413008,analytic_sparse_k9,9,0.04495063270249422
cleanStatic,calibration,66,66.00965684,8,13,1649991421,1650491421,5534842.97145,6389386.512413008,uniform_k9,9,0.04034594678793216
cleanStatic,calibration,66,66.00965684,8,13,1649991421,1650491421,5534842.97145,6389386.512413008,shuffled_k9,9,0.014579750347373391
cleanStatic,calibration,66,66.00965684,8,13,1649991421,1650491421,5534842.97145,6389386.512413008,ai_sparse_k3,3,0.0069669098275108865
cleanStatic,calibration,66,66.00965684,8,13,1649991421,1650491421,5534842.97145,6389386.512413008,pg_scc_k3,3,0.0173745366719889
cleanStatic,calibration,66,66.00965684,8,13,1649991421,1650491421,5534842.97145,6389386.512413008,ai_sparse_k5,5,0.01730145693923809
cleanStatic,calibration,66,66.00965684,8,13,1649991421,1650491421,5534842.97145,6389386.512413008,pg_scc_k5,5,0.050811319352816596
cleanStatic,calibration,66,66.00965684,8,13,1649991421,1650491421,5534842.97145,6389386.512413008,ai_sparse_k9,9,0.04464899148632626
cleanStatic,calibration,66,66.00965684,8,13,1649991421,1650491421,5534842.97145,6389386.512413008,pg_scc_k9,9,0.0743216402007563
cleanStatic,calibration,66,66.00965684,8,13,1649991421,1650491421,5534842.97145,6389386.512413008,epl3,3,0.004515972194699901
cleanStatic,calibration,66,66.00965684,8,13,1649991421,1650491421,5534842.97145,6389386.512413008,fixed9,9,0.011192550542703609
cleanStatic,calibration,66,66.00965684,8,13,1649991421,1650491421,5534842.97145,6389386.512413008,random1_k3,3,0.14593575271830317
cleanStatic,calibration,66,66.00965684,8,13,1649991421,1650491421,5534842.97145,6389386.512413008,random2_k3,3,0.4256085846911826
cleanStatic,calibration,66,66.00965684,8,13,1649991421,1650491421,5534842.97145,6389386.512413008,random3_k3,3,0.06545196630566516
cleanStatic,calibration,66,66.00965684,8,13,1649991421,1650491421,5534842.97145,6389386.512413008,random4_k3,3,0.2029107387577849
cleanStatic,calibration,66,66.00965684,8,13,1649991421,1650491421,5534842.97145,6389386.512413008,random5_k3,3,0.019970156838925696
cleanStatic,calibration,66,66.00965684,8,13,1649991421,1650491421,5534842.97145,6389386.512413008,random1_k5,5,0.03871410642896768
cleanStatic,calibration,66,66.00965684,8,13,1649991421,1650491421,5534842.97145,6389386.512413008,random2_k5,5,0.05236387868458603
cleanStatic,calibration,66,66.00965684,8,13,1649991421,1650491421,5534842.97145,6389386.512413008,random3_k5,5,0.08035184442015204
cleanStatic,calibration,66,66.00965684,8,13,1649991421,1650491421,5534842.97145,6389386.512413008,random4_k5,5,0.02031561645381328
cleanStatic,calibration,66,66.00965684,8,13,1649991421,1650491421,5534842.97145,6389386.512413008,random5_k5,5,0.13618143092116192
cleanStatic,calibration,66,66.00965684,8,13,1649991421,1650491421,5534842.97145,6389386.512413008,random1_k9,9,0.016847530874761985
cleanStatic,calibration,66,66.00965684,8,13,1649991421,1650491421,5534842.97145,6389386.512413008,random2_k9,9,0.06660474198571993
cleanStatic,calibration,66,66.00965684,8,13,1649991421,1650491421,5534842.97145,6389386.512413008,random3_k9,9,0.06813455326700668
cleanStatic,calibration,66,66.00965684,8,13,1649991421,1650491421,5534842.97145,6389386.512413008,random4_k9,9,0.050856710135616025
cleanStatic,calibration,66,66.00965684,8,13,1649991421,1650491421,5534842.97145,6389386.512413008,random5_k9,9,0.05584603861312162
cleanStatic,calibration,66,66.00248572,9,19,1649812143,1650312143,5515269.655564,4423688.886667076,dense_two_source_glrt,187,0.026258573387539976
cleanStatic,calibration,66,66.00248572,9,19,1649812143,1650312143,5515269.655564,4423688.886667076,dense_one_source_residual,187,0.3211953759951433
cleanStatic,calibration,66,66.00248572,9,19,1649812143,1650312143,5515269.655564,4423688.886667076,raw_power_only,0,5515269.655564
cleanStatic,calibration,66,66.00248572,9,19,1649812143,1650312143,5515269.655564,4423688.886667076,analytic_sparse_k3,3,0.034048755024338545
cleanStatic,calibration,66,66.00248572,9,19,1649812143,1650312143,5515269.655564,4423688.886667076,uniform_k3,3,0.1075798819202805
cleanStatic,calibration,66,66.00248572,9,19,1649812143,1650312143,5515269.655564,4423688.886667076,shuffled_k3,3,0.08859538234708203
cleanStatic,calibration,66,66.00248572,9,19,1649812143,1650312143,5515269.655564,4423688.886667076,analytic_sparse_k5,5,0.07128182945782657
cleanStatic,calibration,66,66.00248572,9,19,1649812143,1650312143,5515269.655564,4423688.886667076,uniform_k5,5,0.07968333154016942
cleanStatic,calibration,66,66.00248572,9,19,1649812143,1650312143,5515269.655564,4423688.886667076,shuffled_k5,5,0.07165108118771948
cleanStatic,calibration,66,66.00248572,9,19,1649812143,1650312143,5515269.655564,4423688.886667076,analytic_sparse_k9,9,0.08264801836396522
cleanStatic,calibration,66,66.00248572,9,19,1649812143,1650312143,5515269.655564,4423688.886667076,uniform_k9,9,0.03177362278690819
cleanStatic,calibration,66,66.00248572,9,19,1649812143,1650312143,5515269.655564,4423688.886667076,shuffled_k9,9,0.27717998499703544
cleanStatic,calibration,66,66.00248572,9,19,1649812143,1650312143,5515269.655564,4423688.886667076,ai_sparse_k3,3,0.48271925094486895
cleanStatic,calibration,66,66.00248572,9,19,1649812143,1650312143,5515269.655564,4423688.886667076,pg_scc_k3,3,0.18995999651770812
cleanStatic,calibration,66,66.00248572,9,19,1649812143,1650312143,5515269.655564,4423688.886667076,ai_sparse_k5,5,0.3763044477897875
cleanStatic,calibration,66,66.00248572,9,19,1649812143,1650312143,5515269.655564,4423688.886667076,pg_scc_k5,5,0.2213235131669244
cleanStatic,calibration,66,66.00248572,9,19,1649812143,1650312143,5515269.655564,4423688.886667076,ai_sparse_k9,9,0.03615852132289795
cleanStatic,calibration,66,66.00248572,9,19,1649812143,1650312143,5515269.655564,4423688.886667076,pg_scc_k9,9,0.0728087050754415
cleanStatic,calibration,66,66.00248572,9,19,1649812143,1650312143,5515269.655564,4423688.886667076,epl3,3,0.29913866345355966
cleanStatic,calibration,66,66.00248572,9,19,1649812143,1650312143,5515269.655564,4423688.886667076,fixed9,9,0.2450878170925176
cleanStatic,calibration,66,66.00248572,9,19,1649812143,1650312143,5515269.655564,4423688.886667076,random1_k3,3,0.11066745811760285
cleanStatic,calibration,66,66.00248572,9,19,1649812143,1650312143,5515269.655564,4423688.886667076,random2_k3,3,0.23053067827365425
cleanStatic,calibration,66,66.00248572,9,19,1649812143,1650312143,5515269.655564,4423688.886667076,random3_k3,3,0.3869328910985068
cleanStatic,calibration,66,66.00248572,9,19,1649812143,1650312143,5515269.655564,4423688.886667076,random4_k3,3,0.2693111585129445
cleanStatic,calibration,66,66.00248572,9,19,1649812143,1650312143,5515269.655564,4423688.886667076,random5_k3,3,0.01951416641068778
cleanStatic,calibration,66,66.00248572,9,19,1649812143,1650312143,5515269.655564,4423688.886667076,random1_k5,5,0.02555456399551894
cleanStatic,calibration,66,66.00248572,9,19,1649812143,1650312143,5515269.655564,4423688.886667076,random2_k5,5,0.05226970633926246
cleanStatic,calibration,66,66.00248572,9,19,1649812143,1650312143,5515269.655564,4423688.886667076,random3_k5,5,0.08620141444459044
cleanStatic,calibration,66,66.00248572,9,19,1649812143,1650312143,5515269.655564,4423688.886667076,random4_k5,5,0.02156107562534857
cleanStatic,calibration,66,66.00248572,9,19,1649812143,1650312143,5515269.655564,4423688.886667076,random5_k5,5,0.13814898226108724
cleanStatic,calibration,66,66.00248572,9,19,1649812143,1650312143,5515269.655564,4423688.886667076,random1_k9,9,0.22186435046060834
cleanStatic,calibration,66,66.00248572,9,19,1649812143,1650312143,5515269.655564,4423688.886667076,random2_k9,9,0.04882689394543519
cleanStatic,calibration,66,66.00248572,9,19,1649812143,1650312143,5515269.655564,4423688.886667076,random3_k9,9,0.31121094400572524
cleanStatic,calibration,66,66.00248572,9,19,1649812143,1650312143,5515269.655564,4423688.886667076,random4_k9,9,0.08856903112142916
cleanStatic,calibration,66,66.00248572,9,19,1649812143,1650312143,5515269.655564,4423688.886667076,random5_k9,9,0.054570332015773645
cleanStatic,calibration,66,65.99061976,10,23,1649515494,1650015494,5486938.198736,6666828.289715259,dense_two_source_glrt,187,0.0038658726728369014
cleanStatic,calibration,66,65.99061976,10,23,1649515494,1650015494,5486938.198736,6666828.289715259,dense_one_source_residual,187,0.08410405683133003
cleanStatic,calibration,66,65.99061976,10,23,1649515494,1650015494,5486938.198736,6666828.289715259,raw_power_only,0,5486938.198736
cleanStatic,calibration,66,65.99061976,10,23,1649515494,1650015494,5486938.198736,6666828.289715259,analytic_sparse_k3,3,0.05085335545025659
cleanStatic,calibration,66,65.99061976,10,23,1649515494,1650015494,5486938.198736,6666828.289715259,uniform_k3,3,0.09087794413811111
cleanStatic,calibration,66,65.99061976,10,23,1649515494,1650015494,5486938.198736,6666828.289715259,shuffled_k3,3,0.09358487186487054
cleanStatic,calibration,66,65.99061976,10,23,1649515494,1650015494,5486938.198736,6666828.289715259,analytic_sparse_k5,5,0.04222284653023537
cleanStatic,calibration,66,65.99061976,10,23,1649515494,1650015494,5486938.198736,6666828.289715259,uniform_k5,5,0.04411890582498289
cleanStatic,calibration,66,65.99061976,10,23,1649515494,1650015494,5486938.198736,6666828.289715259,shuffled_k5,5,0.03611593554377023
cleanStatic,calibration,66,65.99061976,10,23,1649515494,1650015494,5486938.198736,6666828.289715259,analytic_sparse_k9,9,0.02230801371889103
cleanStatic,calibration,66,65.99061976,10,23,1649515494,1650015494,5486938.198736,6666828.289715259,uniform_k9,9,0.003211696779705638
cleanStatic,calibration,66,65.99061976,10,23,1649515494,1650015494,5486938.198736,6666828.289715259,shuffled_k9,9,0.026884899117790715
cleanStatic,calibration,66,65.99061976,10,23,1649515494,1650015494,5486938.198736,6666828.289715259,ai_sparse_k3,3,0.09790132973969168
cleanStatic,calibration,66,65.99061976,10,23,1649515494,1650015494,5486938.198736,6666828.289715259,pg_scc_k3,3,0.03540906285817706
cleanStatic,calibration,66,65.99061976,10,23,1649515494,1650015494,5486938.198736,6666828.289715259,ai_sparse_k5,5,0.09351614258008673
cleanStatic,calibration,66,65.99061976,10,23,1649515494,1650015494,5486938.198736,6666828.289715259,pg_scc_k5,5,0.06649825593123501
cleanStatic,calibration,66,65.99061976,10,23,1649515494,1650015494,5486938.198736,6666828.289715259,ai_sparse_k9,9,0.04213590105348903
cleanStatic,calibration,66,65.99061976,10,23,1649515494,1650015494,5486938.198736,6666828.289715259,pg_scc_k9,9,0.0499487973023104
cleanStatic,calibration,66,65.99061976,10,23,1649515494,1650015494,5486938.198736,6666828.289715259,epl3,3,0.07164050381468949
cleanStatic,calibration,66,65.99061976,10,23,1649515494,1650015494,5486938.198736,6666828.289715259,fixed9,9,0.0189166651314499
cleanStatic,calibration,66,65.99061976,10,23,1649515494,1650015494,5486938.198736,6666828.289715259,random1_k3,3,0.03214220861836952
cleanStatic,calibration,66,65.99061976,10,23,1649515494,1650015494,5486938.198736,6666828.289715259,random2_k3,3,0.0454997359610294
cleanStatic,calibration,66,65.99061976,10,23,1649515494,1650015494,5486938.198736,6666828.289715259,random3_k3,3,0.0027917945427522197
cleanStatic,calibration,66,65.99061976,10,23,1649515494,1650015494,5486938.198736,6666828.289715259,random4_k3,3,0.05646654604999144
cleanStatic,calibration,66,65.99061976,10,23,1649515494,1650015494,5486938.198736,6666828.289715259,random5_k3,3,0.03871812513745245
cleanStatic,calibration,66,65.99061976,10,23,1649515494,1650015494,5486938.198736,6666828.289715259,random1_k5,5,0.04898002556402084
cleanStatic,calibration,66,65.99061976,10,23,1649515494,1650015494,5486938.198736,6666828.289715259,random2_k5,5,0.029918885282466796
cleanStatic,calibration,66,65.99061976,10,23,1649515494,1650015494,5486938.198736,6666828.289715259,random3_k5,5,0.048705709196301974
cleanStatic,calibration,66,65.99061976,10,23,1649515494,1650015494,5486938.198736,6666828.289715259,random4_k5,5,0.016460963050698708
cleanStatic,calibration,66,65.99061976,10,23,1649515494,1650015494,5486938.198736,6666828.289715259,random5_k5,5,0.12241964249642098
cleanStatic,calibration,66,65.99061976,10,23,1649515494,1650015494,5486938.198736,6666828.289715259,random1_k9,9,0.04507987853682454
cleanStatic,calibration,66,65.99061976,10,23,1649515494,1650015494,5486938.198736,6666828.289715259,random2_k9,9,0.05178690956527096
cleanStatic,calibration,66,65.99061976,10,23,1649515494,1650015494,5486938.198736,6666828.289715259,random3_k9,9,0.008892884884570277
cleanStatic,calibration,66,65.99061976,10,23,1649515494,1650015494,5486938.198736,6666828.289715259,random4_k9,9,0.12631585928428585
cleanStatic,calibration,66,65.99061976,10,23,1649515494,1650015494,5486938.198736,6666828.289715259,random5_k9,9,0.007122054903189161
cleanStatic,calibration,67,66.99832244,0,16,1674708061,1675208061,5542456.485510001,4957680.626316105,dense_two_source_glrt,187,0.05267097982099489
cleanStatic,calibration,67,66.99832244,0,16,1674708061,1675208061,5542456.485510001,4957680.626316105,dense_one_source_residual,187,0.4893678318009635
cleanStatic,calibration,67,66.99832244,0,16,1674708061,1675208061,5542456.485510001,4957680.626316105,raw_power_only,0,5542456.485510001
cleanStatic,calibration,67,66.99832244,0,16,1674708061,1675208061,5542456.485510001,4957680.626316105,analytic_sparse_k3,3,0.07671020696836954
cleanStatic,calibration,67,66.99832244,0,16,1674708061,1675208061,5542456.485510001,4957680.626316105,uniform_k3,3,0.22404141691614363
cleanStatic,calibration,67,66.99832244,0,16,1674708061,1675208061,5542456.485510001,4957680.626316105,shuffled_k3,3,0.02380641175571371
cleanStatic,calibration,67,66.99832244,0,16,1674708061,1675208061,5542456.485510001,4957680.626316105,analytic_sparse_k5,5,0.08637438709357148
cleanStatic,calibration,67,66.99832244,0,16,1674708061,1675208061,5542456.485510001,4957680.626316105,uniform_k5,5,0.26256984615648765
cleanStatic,calibration,67,66.99832244,0,16,1674708061,1675208061,5542456.485510001,4957680.626316105,shuffled_k5,5,0.04609100211535861
cleanStatic,calibration,67,66.99832244,0,16,1674708061,1675208061,5542456.485510001,4957680.626316105,analytic_sparse_k9,9,0.12916667967090553
cleanStatic,calibration,67,66.99832244,0,16,1674708061,1675208061,5542456.485510001,4957680.626316105,uniform_k9,9,0.04561604163663199
cleanStatic,calibration,67,66.99832244,0,16,1674708061,1675208061,5542456.485510001,4957680.626316105,shuffled_k9,9,0.32144656944606154
cleanStatic,calibration,67,66.99832244,0,16,1674708061,1675208061,5542456.485510001,4957680.626316105,ai_sparse_k3,3,0.5929013918519241
cleanStatic,calibration,67,66.99832244,0,16,1674708061,1675208061,5542456.485510001,4957680.626316105,pg_scc_k3,3,0.7483827809746305
cleanStatic,calibration,67,66.99832244,0,16,1674708061,1675208061,5542456.485510001,4957680.626316105,ai_sparse_k5,5,0.6467258083633171
cleanStatic,calibration,67,66.99832244,0,16,1674708061,1675208061,5542456.485510001,4957680.626316105,pg_scc_k5,5,0.27821546879021836
cleanStatic,calibration,67,66.99832244,0,16,1674708061,1675208061,5542456.485510001,4957680.626316105,ai_sparse_k9,9,0.4183313420780933
cleanStatic,calibration,67,66.99832244,0,16,1674708061,1675208061,5542456.485510001,4957680.626316105,pg_scc_k9,9,0.13813173077997554
cleanStatic,calibration,67,66.99832244,0,16,1674708061,1675208061,5542456.485510001,4957680.626316105,epl3,3,0.41220282638340516
cleanStatic,calibration,67,66.99832244,0,16,1674708061,1675208061,5542456.485510001,4957680.626316105,fixed9,9,0.37874844440547445
cleanStatic,calibration,67,66.99832244,0,16,1674708061,1675208061,5542456.485510001,4957680.626316105,random1_k3,3,0.4971992963631311
cleanStatic,calibration,67,66.99832244,0,16,1674708061,1675208061,5542456.485510001,4957680.626316105,random2_k3,3,0.22981009899062865
cleanStatic,calibration,67,66.99832244,0,16,1674708061,1675208061,5542456.485510001,4957680.626316105,random3_k3,3,0.31693482934852163
cleanStatic,calibration,67,66.99832244,0,16,1674708061,1675208061,5542456.485510001,4957680.626316105,random4_k3,3,0.2173514625048053
cleanStatic,calibration,67,66.99832244,0,16,1674708061,1675208061,5542456.485510001,4957680.626316105,random5_k3,3,0.24858755972617896
cleanStatic,calibration,67,66.99832244,0,16,1674708061,1675208061,5542456.485510001,4957680.626316105,random1_k5,5,0.20365295761820135
cleanStatic,calibration,67,66.99832244,0,16,1674708061,1675208061,5542456.485510001,4957680.626316105,random2_k5,5,0.01892138559639891
cleanStatic,calibration,67,66.99832244,0,16,1674708061,1675208061,5542456.485510001,4957680.626316105,random3_k5,5,0.08180297607834168
cleanStatic,calibration,67,66.99832244,0,16,1674708061,1675208061,5542456.485510001,4957680.626316105,random4_k5,5,0.15362170722760032
cleanStatic,calibration,67,66.99832244,0,16,1674708061,1675208061,5542456.485510001,4957680.626316105,random5_k5,5,0.2828813023571574
cleanStatic,calibration,67,66.99832244,0,16,1674708061,1675208061,5542456.485510001,4957680.626316105,random1_k9,9,0.2786623143185345
cleanStatic,calibration,67,66.99832244,0,16,1674708061,1675208061,5542456.485510001,4957680.626316105,random2_k9,9,0.07937009477862494
cleanStatic,calibration,67,66.99832244,0,16,1674708061,1675208061,5542456.485510001,4957680.626316105,random3_k9,9,0.2313128708768425
cleanStatic,calibration,67,66.99832244,0,16,1674708061,1675208061,5542456.485510001,4957680.626316105,random4_k9,9,0.21670694422065762
cleanStatic,calibration,67,66.99832244,0,16,1674708061,1675208061,5542456.485510001,4957680.626316105,random5_k9,9,0.2987452099896075
cleanStatic,calibration,67,66.99053688,2,3,1674513422,1675013422,5564273.037649999,5805967.01801429,dense_two_source_glrt,187,0.2663507755732904
cleanStatic,calibration,67,66.99053688,2,3,1674513422,1675013422,5564273.037649999,5805967.01801429,dense_one_source_residual,187,0.5239454261728501
cleanStatic,calibration,67,66.99053688,2,3,1674513422,1675013422,5564273.037649999,5805967.01801429,raw_power_only,0,5564273.037649999
cleanStatic,calibration,67,66.99053688,2,3,1674513422,1675013422,5564273.037649999,5805967.01801429,analytic_sparse_k3,3,0.05508410043489447
cleanStatic,calibration,67,66.99053688,2,3,1674513422,1675013422,5564273.037649999,5805967.01801429,uniform_k3,3,0.30733109922790264
cleanStatic,calibration,67,66.99053688,2,3,1674513422,1675013422,5564273.037649999,5805967.01801429,shuffled_k3,3,0.15515162389480777
cleanStatic,calibration,67,66.99053688,2,3,1674513422,1675013422,5564273.037649999,5805967.01801429,analytic_sparse_k5,5,0.133119776503218
cleanStatic,calibration,67,66.99053688,2,3,1674513422,1675013422,5564273.037649999,5805967.01801429,uniform_k5,5,0.1465284973877798
cleanStatic,calibration,67,66.99053688,2,3,1674513422,1675013422,5564273.037649999,5805967.01801429,shuffled_k5,5,0.22030253687644397
cleanStatic,calibration,67,66.99053688,2,3,1674513422,1675013422,5564273.037649999,5805967.01801429,analytic_sparse_k9,9,0.12579048669064516
cleanStatic,calibration,67,66.99053688,2,3,1674513422,1675013422,5564273.037649999,5805967.01801429,uniform_k9,9,0.16387509223744098
cleanStatic,calibration,67,66.99053688,2,3,1674513422,1675013422,5564273.037649999,5805967.01801429,shuffled_k9,9,0.50085855029061
cleanStatic,calibration,67,66.99053688,2,3,1674513422,1675013422,5564273.037649999,5805967.01801429,ai_sparse_k3,3,0.36890292165892663
cleanStatic,calibration,67,66.99053688,2,3,1674513422,1675013422,5564273.037649999,5805967.01801429,pg_scc_k3,3,0.1357245681120484
cleanStatic,calibration,67,66.99053688,2,3,1674513422,1675013422,5564273.037649999,5805967.01801429,ai_sparse_k5,5,0.5350420147330259
cleanStatic,calibration,67,66.99053688,2,3,1674513422,1675013422,5564273.037649999,5805967.01801429,pg_scc_k5,5,0.27905848739438666
cleanStatic,calibration,67,66.99053688,2,3,1674513422,1675013422,5564273.037649999,5805967.01801429,ai_sparse_k9,9,0.3866557374868905
cleanStatic,calibration,67,66.99053688,2,3,1674513422,1675013422,5564273.037649999,5805967.01801429,pg_scc_k9,9,0.2288894049176099
cleanStatic,calibration,67,66.99053688,2,3,1674513422,1675013422,5564273.037649999,5805967.01801429,epl3,3,0.36383154190420613
cleanStatic,calibration,67,66.99053688,2,3,1674513422,1675013422,5564273.037649999,5805967.01801429,fixed9,9,0.22248458990775363
cleanStatic,calibration,67,66.99053688,2,3,1674513422,1675013422,5564273.037649999,5805967.01801429,random1_k3,3,0.19695185044333216
cleanStatic,calibration,67,66.99053688,2,3,1674513422,1675013422,5564273.037649999,5805967.01801429,random2_k3,3,0.31448442285838324
cleanStatic,calibration,67,66.99053688,2,3,1674513422,1675013422,5564273.037649999,5805967.01801429,random3_k3,3,0.40596283302462477
cleanStatic,calibration,67,66.99053688,2,3,1674513422,1675013422,5564273.037649999,5805967.01801429,random4_k3,3,0.33451639282259044
cleanStatic,calibration,67,66.99053688,2,3,1674513422,1675013422,5564273.037649999,5805967.01801429,random5_k3,3,0.3243199542596683
cleanStatic,calibration,67,66.99053688,2,3,1674513422,1675013422,5564273.037649999,5805967.01801429,random1_k5,5,0.31237899205048025
cleanStatic,calibration,67,66.99053688,2,3,1674513422,1675013422,5564273.037649999,5805967.01801429,random2_k5,5,0.10256728924782824
cleanStatic,calibration,67,66.99053688,2,3,1674513422,1675013422,5564273.037649999,5805967.01801429,random3_k5,5,0.19360507007576622
cleanStatic,calibration,67,66.99053688,2,3,1674513422,1675013422,5564273.037649999,5805967.01801429,random4_k5,5,0.5083269057289788
cleanStatic,calibration,67,66.99053688,2,3,1674513422,1675013422,5564273.037649999,5805967.01801429,random5_k5,5,0.538486633938266
cleanStatic,calibration,67,66.99053688,2,3,1674513422,1675013422,5564273.037649999,5805967.01801429,random1_k9,9,0.4744369196155206
cleanStatic,calibration,67,66.99053688,2,3,1674513422,1675013422,5564273.037649999,5805967.01801429,random2_k9,9,0.3201372489656555
cleanStatic,calibration,67,66.99053688,2,3,1674513422,1675013422,5564273.037649999,5805967.01801429,random3_k9,9,0.558957151191611
cleanStatic,calibration,67,66.99053688,2,3,1674513422,1675013422,5564273.037649999,5805967.01801429,random4_k9,9,0.3017324364167731
cleanStatic,calibration,67,66.99053688,2,3,1674513422,1675013422,5564273.037649999,5805967.01801429,random5_k9,9,0.253942351335274
cleanStatic,calibration,67,67.00337188,3,20,1674834297,1675334297,5536423.573074,2347452.3228857247,dense_two_source_glrt,187,0.23961877668023135
cleanStatic,calibration,67,67.00337188,3,20,1674834297,1675334297,5536423.573074,2347452.3228857247,dense_one_source_residual,187,1.6031989516973202
cleanStatic,calibration,67,67.00337188,3,20,1674834297,1675334297,5536423.573074,2347452.3228857247,raw_power_only,0,5536423.573074
cleanStatic,calibration,67,67.00337188,3,20,1674834297,1675334297,5536423.573074,2347452.3228857247,analytic_sparse_k3,3,1.315800293823477
cleanStatic,calibration,67,67.00337188,3,20,1674834297,1675334297,5536423.573074,2347452.3228857247,uniform_k3,3,0.889552281281084
cleanStatic,calibration,67,67.00337188,3,20,1674834297,1675334297,5536423.573074,2347452.3228857247,shuffled_k3,3,0.5198499259300536
cleanStatic,calibration,67,67.00337188,3,20,1674834297,1675334297,5536423.573074,2347452.3228857247,analytic_sparse_k5,5,1.4133972312617673
cleanStatic,calibration,67,67.00337188,3,20,1674834297,1675334297,5536423.573074,2347452.3228857247,uniform_k5,5,0.3492205238242887
cleanStatic,calibration,67,67.00337188,3,20,1674834297,1675334297,5536423.573074,2347452.3228857247,shuffled_k5,5,0.9852713531039546
cleanStatic,calibration,67,67.00337188,3,20,1674834297,1675334297,5536423.573074,2347452.3228857247,analytic_sparse_k9,9,0.6012301841415186
cleanStatic,calibration,67,67.00337188,3,20,1674834297,1675334297,5536423.573074,2347452.3228857247,uniform_k9,9,0.28734567615157125
cleanStatic,calibration,67,67.00337188,3,20,1674834297,1675334297,5536423.573074,2347452.3228857247,shuffled_k9,9,0.156922228424931
cleanStatic,calibration,67,67.00337188,3,20,1674834297,1675334297,5536423.573074,2347452.3228857247,ai_sparse_k3,3,1.2087807946380147
cleanStatic,calibration,67,67.00337188,3,20,1674834297,1675334297,5536423.573074,2347452.3228857247,pg_scc_k3,3,0.9555064836813805
cleanStatic,calibration,67,67.00337188,3,20,1674834297,1675334297,5536423.573074,2347452.3228857247,ai_sparse_k5,5,0.7610937750698704
cleanStatic,calibration,67,67.00337188,3,20,1674834297,1675334297,5536423.573074,2347452.3228857247,pg_scc_k5,5,0.9469220212259322
cleanStatic,calibration,67,67.00337188,3,20,1674834297,1675334297,5536423.573074,2347452.3228857247,ai_sparse_k9,9,0.5464894200578185
cleanStatic,calibration,67,67.00337188,3,20,1674834297,1675334297,5536423.573074,2347452.3228857247,pg_scc_k9,9,0.6232472059408227
cleanStatic,calibration,67,67.00337188,3,20,1674834297,1675334297,5536423.573074,2347452.3228857247,epl3,3,0.4705734154828844
cleanStatic,calibration,67,67.00337188,3,20,1674834297,1675334297,5536423.573074,2347452.3228857247,fixed9,9,0.17778632869135358
cleanStatic,calibration,67,67.00337188,3,20,1674834297,1675334297,5536423.573074,2347452.3228857247,random1_k3,3,1.274516159405738
cleanStatic,calibration,67,67.00337188,3,20,1674834297,1675334297,5536423.573074,2347452.3228857247,random2_k3,3,3.0539877112687708
cleanStatic,calibration,67,67.00337188,3,20,1674834297,1675334297,5536423.573074,2347452.3228857247,random3_k3,3,0.8004130838185635
cleanStatic,calibration,67,67.00337188,3,20,1674834297,1675334297,5536423.573074,2347452.3228857247,random4_k3,3,1.1223447407801952
cleanStatic,calibration,67,67.00337188,3,20,1674834297,1675334297,5536423.573074,2347452.3228857247,random5_k3,3,0.9797406096565702
cleanStatic,calibration,67,67.00337188,3,20,1674834297,1675334297,5536423.573074,2347452.3228857247,random1_k5,5,0.8204472541873986
cleanStatic,calibration,67,67.00337188,3,20,1674834297,1675334297,5536423.573074,2347452.3228857247,random2_k5,5,1.1819310497136946
cleanStatic,calibration,67,67.00337188,3,20,1674834297,1675334297,5536423.573074,2347452.3228857247,random3_k5,5,0.7393795242786092
cleanStatic,calibration,67,67.00337188,3,20,1674834297,1675334297,5536423.573074,2347452.3228857247,random4_k5,5,0.8857851185987042
cleanStatic,calibration,67,67.00337188,3,20,1674834297,1675334297,5536423.573074,2347452.3228857247,random5_k5,5,1.0289352988347575
cleanStatic,calibration,67,67.00337188,3,20,1674834297,1675334297,5536423.573074,2347452.3228857247,random1_k9,9,0.4270733766121773
cleanStatic,calibration,67,67.00337188,3,20,1674834297,1675334297,5536423.573074,2347452.3228857247,random2_k9,9,0.444320519672426
cleanStatic,calibration,67,67.00337188,3,20,1674834297,1675334297,5536423.573074,2347452.3228857247,random3_k9,9,0.30298131182557025
cleanStatic,calibration,67,67.00337188,3,20,1674834297,1675334297,5536423.573074,2347452.3228857247,random4_k9,9,0.2545653450799289
cleanStatic,calibration,67,67.00337188,3,20,1674834297,1675334297,5536423.573074,2347452.3228857247,random5_k9,9,0.20550671594896702
cleanStatic,calibration,67,67.08268464,4,30,1676817116,1677317116,5498465.125077999,2172047.563146894,dense_two_source_glrt,187,0.13090843225320611
cleanStatic,calibration,67,67.08268464,4,30,1676817116,1677317116,5498465.125077999,2172047.563146894,dense_one_source_residual,187,1.5864019229632544
cleanStatic,calibration,67,67.08268464,4,30,1676817116,1677317116,5498465.125077999,2172047.563146894,raw_power_only,0,5498465.125077999
cleanStatic,calibration,67,67.08268464,4,30,1676817116,1677317116,5498465.125077999,2172047.563146894,analytic_sparse_k3,3,0.2523996604409224
cleanStatic,calibration,67,67.08268464,4,30,1676817116,1677317116,5498465.125077999,2172047.563146894,uniform_k3,3,0.7513531719114064
cleanStatic,calibration,67,67.08268464,4,30,1676817116,1677317116,5498465.125077999,2172047.563146894,shuffled_k3,3,1.0628763115498887
cleanStatic,calibration,67,67.08268464,4,30,1676817116,1677317116,5498465.125077999,2172047.563146894,analytic_sparse_k5,5,0.4873088482013558
cleanStatic,calibration,67,67.08268464,4,30,1676817116,1677317116,5498465.125077999,2172047.563146894,uniform_k5,5,0.4826178566807737
cleanStatic,calibration,67,67.08268464,4,30,1676817116,1677317116,5498465.125077999,2172047.563146894,shuffled_k5,5,0.5581580809309501
cleanStatic,calibration,67,67.08268464,4,30,1676817116,1677317116,5498465.125077999,2172047.563146894,analytic_sparse_k9,9,0.6629976334336365
cleanStatic,calibration,67,67.08268464,4,30,1676817116,1677317116,5498465.125077999,2172047.563146894,uniform_k9,9,0.1753038992568248
cleanStatic,calibration,67,67.08268464,4,30,1676817116,1677317116,5498465.125077999,2172047.563146894,shuffled_k9,9,0.4667101991527487
cleanStatic,calibration,67,67.08268464,4,30,1676817116,1677317116,5498465.125077999,2172047.563146894,ai_sparse_k3,3,0.5060472610685669
cleanStatic,calibration,67,67.08268464,4,30,1676817116,1677317116,5498465.125077999,2172047.563146894,pg_scc_k3,3,0.3558756360189115
cleanStatic,calibration,67,67.08268464,4,30,1676817116,1677317116,5498465.125077999,2172047.563146894,ai_sparse_k5,5,0.5950125035894599
cleanStatic,calibration,67,67.08268464,4,30,1676817116,1677317116,5498465.125077999,2172047.563146894,pg_scc_k5,5,0.3087580694906672
cleanStatic,calibration,67,67.08268464,4,30,1676817116,1677317116,5498465.125077999,2172047.563146894,ai_sparse_k9,9,0.22404084140724637
cleanStatic,calibration,67,67.08268464,4,30,1676817116,1677317116,5498465.125077999,2172047.563146894,pg_scc_k9,9,0.4543200634891655
cleanStatic,calibration,67,67.08268464,4,30,1676817116,1677317116,5498465.125077999,2172047.563146894,epl3,3,0.3167233854528689
cleanStatic,calibration,67,67.08268464,4,30,1676817116,1677317116,5498465.125077999,2172047.563146894,fixed9,9,0.15277992115518657
cleanStatic,calibration,67,67.08268464,4,30,1676817116,1677317116,5498465.125077999,2172047.563146894,random1_k3,3,0.8976834338316574
cleanStatic,calibration,67,67.08268464,4,30,1676817116,1677317116,5498465.125077999,2172047.563146894,random2_k3,3,0.6100468547299485
cleanStatic,calibration,67,67.08268464,4,30,1676817116,1677317116,5498465.125077999,2172047.563146894,random3_k3,3,0.5765219991159548
cleanStatic,calibration,67,67.08268464,4,30,1676817116,1677317116,5498465.125077999,2172047.563146894,random4_k3,3,1.0397518692848955
cleanStatic,calibration,67,67.08268464,4,30,1676817116,1677317116,5498465.125077999,2172047.563146894,random5_k3,3,0.758943377146008
cleanStatic,calibration,67,67.08268464,4,30,1676817116,1677317116,5498465.125077999,2172047.563146894,random1_k5,5,0.21194623789689918
cleanStatic,calibration,67,67.08268464,4,30,1676817116,1677317116,5498465.125077999,2172047.563146894,random2_k5,5,0.6464780221415914
cleanStatic,calibration,67,67.08268464,4,30,1676817116,1677317116,5498465.125077999,2172047.563146894,random3_k5,5,1.734716244356596
cleanStatic,calibration,67,67.08268464,4,30,1676817116,1677317116,5498465.125077999,2172047.563146894,random4_k5,5,0.14979282149089262
cleanStatic,calibration,67,67.08268464,4,30,1676817116,1677317116,5498465.125077999,2172047.563146894,random5_k5,5,0.9184019333003957
cleanStatic,calibration,67,67.08268464,4,30,1676817116,1677317116,5498465.125077999,2172047.563146894,random1_k9,9,0.8146536374355894
cleanStatic,calibration,67,67.08268464,4,30,1676817116,1677317116,5498465.125077999,2172047.563146894,random2_k9,9,0.34101693170224706
cleanStatic,calibration,67,67.08268464,4,30,1676817116,1677317116,5498465.125077999,2172047.563146894,random3_k9,9,0.44787868582283263
cleanStatic,calibration,67,67.08268464,4,30,1676817116,1677317116,5498465.125077999,2172047.563146894,random4_k9,9,0.14577955758490674
cleanStatic,calibration,67,67.08268464,4,30,1676817116,1677317116,5498465.125077999,2172047.563146894,random5_k9,9,0.3627829929240936
cleanStatic,calibration,67,66.99966416,5,6,1674741604,1675241604,5539061.110413999,4558901.6471182,dense_two_source_glrt,187,0.12131346069967892
cleanStatic,calibration,67,66.99966416,5,6,1674741604,1675241604,5539061.110413999,4558901.6471182,dense_one_source_residual,187,0.5789635883982165
cleanStatic,calibration,67,66.99966416,5,6,1674741604,1675241604,5539061.110413999,4558901.6471182,raw_power_only,0,5539061.110413999
cleanStatic,calibration,67,66.99966416,5,6,1674741604,1675241604,5539061.110413999,4558901.6471182,analytic_sparse_k3,3,0.17961231566915145
cleanStatic,calibration,67,66.99966416,5,6,1674741604,1675241604,5539061.110413999,4558901.6471182,uniform_k3,3,0.1344366377136136
cleanStatic,calibration,67,66.99966416,5,6,1674741604,1675241604,5539061.110413999,4558901.6471182,shuffled_k3,3,0.18503520554946276
cleanStatic,calibration,67,66.99966416,5,6,1674741604,1675241604,5539061.110413999,4558901.6471182,analytic_sparse_k5,5,0.31537498284660914
cleanStatic,calibration,67,66.99966416,5,6,1674741604,1675241604,5539061.110413999,4558901.6471182,uniform_k5,5,0.20772210864187207
cleanStatic,calibration,67,66.99966416,5,6,1674741604,1675241604,5539061.110413999,4558901.6471182,shuffled_k5,5,0.23423351422901062
cleanStatic,calibration,67,66.99966416,5,6,1674741604,1675241604,5539061.110413999,4558901.6471182,analytic_sparse_k9,9,0.22195790201346519
cleanStatic,calibration,67,66.99966416,5,6,1674741604,1675241604,5539061.110413999,4558901.6471182,uniform_k9,9,0.07523045638701259
cleanStatic,calibration,67,66.99966416,5,6,1674741604,1675241604,5539061.110413999,4558901.6471182,shuffled_k9,9,0.2315221907059969
cleanStatic,calibration,67,66.99966416,5,6,1674741604,1675241604,5539061.110413999,4558901.6471182,ai_sparse_k3,3,0.20645618517387962
cleanStatic,calibration,67,66.99966416,5,6,1674741604,1675241604,5539061.110413999,4558901.6471182,pg_scc_k3,3,0.43037499887251757
cleanStatic,calibration,67,66.99966416,5,6,1674741604,1675241604,5539061.110413999,4558901.6471182,ai_sparse_k5,5,0.3700082528982237
cleanStatic,calibration,67,66.99966416,5,6,1674741604,1675241604,5539061.110413999,4558901.6471182,pg_scc_k5,5,0.1531487923361174
cleanStatic,calibration,67,66.99966416,5,6,1674741604,1675241604,5539061.110413999,4558901.6471182,ai_sparse_k9,9,0.3869155689849247
cleanStatic,calibration,67,66.99966416,5,6,1674741604,1675241604,5539061.110413999,4558901.6471182,pg_scc_k9,9,0.11694992528897721
cleanStatic,calibration,67,66.99966416,5,6,1674741604,1675241604,5539061.110413999,4558901.6471182,epl3,3,0.16970722929503945
cleanStatic,calibration,67,66.99966416,5,6,1674741604,1675241604,5539061.110413999,4558901.6471182,fixed9,9,0.2882135085413333
cleanStatic,calibration,67,66.99966416,5,6,1674741604,1675241604,5539061.110413999,4558901.6471182,random1_k3,3,0.48274191170514363
cleanStatic,calibration,67,66.99966416,5,6,1674741604,1675241604,5539061.110413999,4558901.6471182,random2_k3,3,0.7054437304201858
cleanStatic,calibration,67,66.99966416,5,6,1674741604,1675241604,5539061.110413999,4558901.6471182,random3_k3,3,0.1034984660430599
cleanStatic,calibration,67,66.99966416,5,6,1674741604,1675241604,5539061.110413999,4558901.6471182,random4_k3,3,0.517727104131253
cleanStatic,calibration,67,66.99966416,5,6,1674741604,1675241604,5539061.110413999,4558901.6471182,random5_k3,3,0.6371348256189054
cleanStatic,calibration,67,66.99966416,5,6,1674741604,1675241604,5539061.110413999,4558901.6471182,random1_k5,5,0.0959336983508043
cleanStatic,calibration,67,66.99966416,5,6,1674741604,1675241604,5539061.110413999,4558901.6471182,random2_k5,5,0.32156589731519575
cleanStatic,calibration,67,66.99966416,5,6,1674741604,1675241604,5539061.110413999,4558901.6471182,random3_k5,5,0.08421941305942962
cleanStatic,calibration,67,66.99966416,5,6,1674741604,1675241604,5539061.110413999,4558901.6471182,random4_k5,5,0.10479429937272977
cleanStatic,calibration,67,66.99966416,5,6,1674741604,1675241604,5539061.110413999,4558901.6471182,random5_k5,5,0.4718593446796938
cleanStatic,calibration,67,66.99966416,5,6,1674741604,1675241604,5539061.110413999,4558901.6471182,random1_k9,9,0.08032585671218578
cleanStatic,calibration,67,66.99966416,5,6,1674741604,1675241604,5539061.110413999,4558901.6471182,random2_k9,9,0.268711461979554
cleanStatic,calibration,67,66.99966416,5,6,1674741604,1675241604,5539061.110413999,4558901.6471182,random3_k9,9,0.23459821945563344
cleanStatic,calibration,67,66.99966416,5,6,1674741604,1675241604,5539061.110413999,4558901.6471182,random4_k9,9,0.48398103408100723
cleanStatic,calibration,67,66.99966416,5,6,1674741604,1675241604,5539061.110413999,4558901.6471182,random5_k9,9,0.12600946406395874
cleanStatic,calibration,67,67.00317872,6,7,1674829468,1675329468,5536513.950777999,4508350.661968736,dense_two_source_glrt,187,0.3086687198431686
cleanStatic,calibration,67,67.00317872,6,7,1674829468,1675329468,5536513.950777999,4508350.661968736,dense_one_source_residual,187,2.1855566822051284
cleanStatic,calibration,67,67.00317872,6,7,1674829468,1675329468,5536513.950777999,4508350.661968736,raw_power_only,0,5536513.950777999
cleanStatic,calibration,67,67.00317872,6,7,1674829468,1675329468,5536513.950777999,4508350.661968736,analytic_sparse_k3,3,1.6380819372486997
cleanStatic,calibration,67,67.00317872,6,7,1674829468,1675329468,5536513.950777999,4508350.661968736,uniform_k3,3,1.4968261278641444
cleanStatic,calibration,67,67.00317872,6,7,1674829468,1675329468,5536513.950777999,4508350.661968736,shuffled_k3,3,1.431770670036763
cleanStatic,calibration,67,67.00317872,6,7,1674829468,1675329468,5536513.950777999,4508350.661968736,analytic_sparse_k5,5,1.9573369405312124
cleanStatic,calibration,67,67.00317872,6,7,1674829468,1675329468,5536513.950777999,4508350.661968736,uniform_k5,5,0.9800219540427616
cleanStatic,calibration,67,67.00317872,6,7,1674829468,1675329468,5536513.950777999,4508350.661968736,shuffled_k5,5,2.003590897738905
cleanStatic,calibration,67,67.00317872,6,7,1674829468,1675329468,5536513.950777999,4508350.661968736,analytic_sparse_k9,9,1.4359708556236486
cleanStatic,calibration,67,67.00317872,6,7,1674829468,1675329468,5536513.950777999,4508350.661968736,uniform_k9,9,0.15734294735731189
cleanStatic,calibration,67,67.00317872,6,7,1674829468,1675329468,5536513.950777999,4508350.661968736,shuffled_k9,9,0.39977593654086163
cleanStatic,calibration,67,67.00317872,6,7,1674829468,1675329468,5536513.950777999,4508350.661968736,ai_sparse_k3,3,0.21944737379848586
cleanStatic,calibration,67,67.00317872,6,7,1674829468,1675329468,5536513.950777999,4508350.661968736,pg_scc_k3,3,0.44046525216729954
cleanStatic,calibration,67,67.00317872,6,7,1674829468,1675329468,5536513.950777999,4508350.661968736,ai_sparse_k5,5,0.28614540641124775
cleanStatic,calibration,67,67.00317872,6,7,1674829468,1675329468,5536513.950777999,4508350.661968736,pg_scc_k5,5,0.3104766197754062
cleanStatic,calibration,67,67.00317872,6,7,1674829468,1675329468,5536513.950777999,4508350.661968736,ai_sparse_k9,9,0.3237354624980444
cleanStatic,calibration,67,67.00317872,6,7,1674829468,1675329468,5536513.950777999,4508350.661968736,pg_scc_k9,9,0.31428403306770547
cleanStatic,calibration,67,67.00317872,6,7,1674829468,1675329468,5536513.950777999,4508350.661968736,epl3,3,1.899321271717907
cleanStatic,calibration,67,67.00317872,6,7,1674829468,1675329468,5536513.950777999,4508350.661968736,fixed9,9,0.7481550154444615
cleanStatic,calibration,67,67.00317872,6,7,1674829468,1675329468,5536513.950777999,4508350.661968736,random1_k3,3,2.357130705518979
cleanStatic,calibration,67,67.00317872,6,7,1674829468,1675329468,5536513.950777999,4508350.661968736,random2_k3,3,1.7005171960980654
cleanStatic,calibration,67,67.00317872,6,7,1674829468,1675329468,5536513.950777999,4508350.661968736,random3_k3,3,0.43896346012147075
cleanStatic,calibration,67,67.00317872,6,7,1674829468,1675329468,5536513.950777999,4508350.661968736,random4_k3,3,2.108708708680023
cleanStatic,calibration,67,67.00317872,6,7,1674829468,1675329468,5536513.950777999,4508350.661968736,random5_k3,3,2.0039957133747497
cleanStatic,calibration,67,67.00317872,6,7,1674829468,1675329468,5536513.950777999,4508350.661968736,random1_k5,5,0.6179403730078559
cleanStatic,calibration,67,67.00317872,6,7,1674829468,1675329468,5536513.950777999,4508350.661968736,random2_k5,5,0.7424426904989236
cleanStatic,calibration,67,67.00317872,6,7,1674829468,1675329468,5536513.950777999,4508350.661968736,random3_k5,5,1.246764387300725
cleanStatic,calibration,67,67.00317872,6,7,1674829468,1675329468,5536513.950777999,4508350.661968736,random4_k5,5,1.110777651561178
cleanStatic,calibration,67,67.00317872,6,7,1674829468,1675329468,5536513.950777999,4508350.661968736,random5_k5,5,0.957158710152266
cleanStatic,calibration,67,67.00317872,6,7,1674829468,1675329468,5536513.950777999,4508350.661968736,random1_k9,9,0.3410032890950298
cleanStatic,calibration,67,67.00317872,6,7,1674829468,1675329468,5536513.950777999,4508350.661968736,random2_k9,9,0.636588407157615
cleanStatic,calibration,67,67.00317872,6,7,1674829468,1675329468,5536513.950777999,4508350.661968736,random3_k9,9,0.5763649650403962
cleanStatic,calibration,67,67.00317872,6,7,1674829468,1675329468,5536513.950777999,4508350.661968736,random4_k9,9,0.8114955128351012
cleanStatic,calibration,67,67.00317872,6,7,1674829468,1675329468,5536513.950777999,4508350.661968736,random5_k9,9,0.24627990773357902
cleanStatic,calibration,67,66.99036896,7,10,1674509224,1675009224,5564343.921526,2306930.176327076,dense_two_source_glrt,187,0.22670246419940768
cleanStatic,calibration,67,66.99036896,7,10,1674509224,1675009224,5564343.921526,2306930.176327076,dense_one_source_residual,187,1.0441211830698067
cleanStatic,calibration,67,66.99036896,7,10,1674509224,1675009224,5564343.921526,2306930.176327076,raw_power_only,0,5564343.921526
cleanStatic,calibration,67,66.99036896,7,10,1674509224,1675009224,5564343.921526,2306930.176327076,analytic_sparse_k3,3,0.17658984508496442
cleanStatic,calibration,67,66.99036896,7,10,1674509224,1675009224,5564343.921526,2306930.176327076,uniform_k3,3,0.8322896961938979
cleanStatic,calibration,67,66.99036896,7,10,1674509224,1675009224,5564343.921526,2306930.176327076,shuffled_k3,3,0.26415638110091266
cleanStatic,calibration,67,66.99036896,7,10,1674509224,1675009224,5564343.921526,2306930.176327076,analytic_sparse_k5,5,0.35774448242672047
cleanStatic,calibration,67,66.99036896,7,10,1674509224,1675009224,5564343.921526,2306930.176327076,uniform_k5,5,0.3157423471135261
cleanStatic,calibration,67,66.99036896,7,10,1674509224,1675009224,5564343.921526,2306930.176327076,shuffled_k5,5,0.29362579415216217
cleanStatic,calibration,67,66.99036896,7,10,1674509224,1675009224,5564343.921526,2306930.176327076,analytic_sparse_k9,9,0.35583137805020454
cleanStatic,calibration,67,66.99036896,7,10,1674509224,1675009224,5564343.921526,2306930.176327076,uniform_k9,9,0.09941859123216684
cleanStatic,calibration,67,66.99036896,7,10,1674509224,1675009224,5564343.921526,2306930.176327076,shuffled_k9,9,0.37896747952762727
cleanStatic,calibration,67,66.99036896,7,10,1674509224,1675009224,5564343.921526,2306930.176327076,ai_sparse_k3,3,0.05892603617635561
cleanStatic,calibration,67,66.99036896,7,10,1674509224,1675009224,5564343.921526,2306930.176327076,pg_scc_k3,3,0.38376457408971193
cleanStatic,calibration,67,66.99036896,7,10,1674509224,1675009224,5564343.921526,2306930.176327076,ai_sparse_k5,5,0.4177302414413314
cleanStatic,calibration,67,66.99036896,7,10,1674509224,1675009224,5564343.921526,2306930.176327076,pg_scc_k5,5,0.0696874927992877
cleanStatic,calibration,67,66.99036896,7,10,1674509224,1675009224,5564343.921526,2306930.176327076,ai_sparse_k9,9,0.42097776637959616
cleanStatic,calibration,67,66.99036896,7,10,1674509224,1675009224,5564343.921526,2306930.176327076,pg_scc_k9,9,0.05748521380671918
cleanStatic,calibration,67,66.99036896,7,10,1674509224,1675009224,5564343.921526,2306930.176327076,epl3,3,0.27427616765984375
cleanStatic,calibration,67,66.99036896,7,10,1674509224,1675009224,5564343.921526,2306930.176327076,fixed9,9,0.2610513044696854
cleanStatic,calibration,67,66.99036896,7,10,1674509224,1675009224,5564343.921526,2306930.176327076,random1_k3,3,0.5237177138012111
cleanStatic,calibration,67,66.99036896,7,10,1674509224,1675009224,5564343.921526,2306930.176327076,random2_k3,3,0.7266802356980971
cleanStatic,calibration,67,66.99036896,7,10,1674509224,1675009224,5564343.921526,2306930.176327076,random3_k3,3,0.9330418864339971
cleanStatic,calibration,67,66.99036896,7,10,1674509224,1675009224,5564343.921526,2306930.176327076,random4_k3,3,1.2515296772415345
cleanStatic,calibration,67,66.99036896,7,10,1674509224,1675009224,5564343.921526,2306930.176327076,random5_k3,3,0.19978713664166783
cleanStatic,calibration,67,66.99036896,7,10,1674509224,1675009224,5564343.921526,2306930.176327076,random1_k5,5,0.5791546981177916
cleanStatic,calibration,67,66.99036896,7,10,1674509224,1675009224,5564343.921526,2306930.176327076,random2_k5,5,0.806705412462453
cleanStatic,calibration,67,66.99036896,7,10,1674509224,1675009224,5564343.921526,2306930.176327076,random3_k5,5,0.16779618900527157
cleanStatic,calibration,67,66.99036896,7,10,1674509224,1675009224,5564343.921526,2306930.176327076,random4_k5,5,0.5150551344001987
cleanStatic,calibration,67,66.99036896,7,10,1674509224,1675009224,5564343.921526,2306930.176327076,random5_k5,5,0.3021484138283809
cleanStatic,calibration,67,66.99036896,7,10,1674509224,1675009224,5564343.921526,2306930.176327076,random1_k9,9,0.26380964607254537
cleanStatic,calibration,67,66.99036896,7,10,1674509224,1675009224,5564343.921526,2306930.176327076,random2_k9,9,0.39563645577431
cleanStatic,calibration,67,66.99036896,7,10,1674509224,1675009224,5564343.921526,2306930.176327076,random3_k9,9,0.3876698486415824
cleanStatic,calibration,67,66.99036896,7,10,1674509224,1675009224,5564343.921526,2306930.176327076,random4_k9,9,0.5035122189123133
cleanStatic,calibration,67,66.99036896,7,10,1674509224,1675009224,5564343.921526,2306930.176327076,random5_k9,9,0.3742557711289266
cleanStatic,calibration,67,66.99065572,8,13,1674516393,1675016393,5565945.145176001,6331623.6635290785,dense_two_source_glrt,187,0.10520641012171528
cleanStatic,calibration,67,66.99065572,8,13,1674516393,1675016393,5565945.145176001,6331623.6635290785,dense_one_source_residual,187,0.30668951948146156
cleanStatic,calibration,67,66.99065572,8,13,1674516393,1675016393,5565945.145176001,6331623.6635290785,raw_power_only,0,5565945.145176001
cleanStatic,calibration,67,66.99065572,8,13,1674516393,1675016393,5565945.145176001,6331623.6635290785,analytic_sparse_k3,3,0.14404118338396912
cleanStatic,calibration,67,66.99065572,8,13,1674516393,1675016393,5565945.145176001,6331623.6635290785,uniform_k3,3,0.03904843757781722
cleanStatic,calibration,67,66.99065572,8,13,1674516393,1675016393,5565945.145176001,6331623.6635290785,shuffled_k3,3,0.11509741344223712
cleanStatic,calibration,67,66.99065572,8,13,1674516393,1675016393,5565945.145176001,6331623.6635290785,analytic_sparse_k5,5,0.12333051853771497
cleanStatic,calibration,67,66.99065572,8,13,1674516393,1675016393,5565945.145176001,6331623.6635290785,uniform_k5,5,0.06137413280010255
cleanStatic,calibration,67,66.99065572,8,13,1674516393,1675016393,5565945.145176001,6331623.6635290785,shuffled_k5,5,0.07461032840045803
cleanStatic,calibration,67,66.99065572,8,13,1674516393,1675016393,5565945.145176001,6331623.6635290785,analytic_sparse_k9,9,0.11217891202905543
cleanStatic,calibration,67,66.99065572,8,13,1674516393,1675016393,5565945.145176001,6331623.6635290785,uniform_k9,9,0.050674976201959904
cleanStatic,calibration,67,66.99065572,8,13,1674516393,1675016393,5565945.145176001,6331623.6635290785,shuffled_k9,9,0.22672977790430698
cleanStatic,calibration,67,66.99065572,8,13,1674516393,1675016393,5565945.145176001,6331623.6635290785,ai_sparse_k3,3,0.13355537040258858
cleanStatic,calibration,67,66.99065572,8,13,1674516393,1675016393,5565945.145176001,6331623.6635290785,pg_scc_k3,3,0.10466673285054705
cleanStatic,calibration,67,66.99065572,8,13,1674516393,1675016393,5565945.145176001,6331623.6635290785,ai_sparse_k5,5,0.09299263292037212
cleanStatic,calibration,67,66.99065572,8,13,1674516393,1675016393,5565945.145176001,6331623.6635290785,pg_scc_k5,5,0.0701488595851272
cleanStatic,calibration,67,66.99065572,8,13,1674516393,1675016393,5565945.145176001,6331623.6635290785,ai_sparse_k9,9,0.06347003753443291
cleanStatic,calibration,67,66.99065572,8,13,1674516393,1675016393,5565945.145176001,6331623.6635290785,pg_scc_k9,9,0.05931755353594396
cleanStatic,calibration,67,66.99065572,8,13,1674516393,1675016393,5565945.145176001,6331623.6635290785,epl3,3,0.2326199301730121
cleanStatic,calibration,67,66.99065572,8,13,1674516393,1675016393,5565945.145176001,6331623.6635290785,fixed9,9,0.1878822811307759
cleanStatic,calibration,67,66.99065572,8,13,1674516393,1675016393,5565945.145176001,6331623.6635290785,random1_k3,3,0.24835025948871972
cleanStatic,calibration,67,66.99065572,8,13,1674516393,1675016393,5565945.145176001,6331623.6635290785,random2_k3,3,0.19631287773293712
cleanStatic,calibration,67,66.99065572,8,13,1674516393,1675016393,5565945.145176001,6331623.6635290785,random3_k3,3,0.3267283697296215
cleanStatic,calibration,67,66.99065572,8,13,1674516393,1675016393,5565945.145176001,6331623.6635290785,random4_k3,3,0.18859314725472168
cleanStatic,calibration,67,66.99065572,8,13,1674516393,1675016393,5565945.145176001,6331623.6635290785,random5_k3,3,0.06593495940503051
cleanStatic,calibration,67,66.99065572,8,13,1674516393,1675016393,5565945.145176001,6331623.6635290785,random1_k5,5,0.13788634902386904
cleanStatic,calibration,67,66.99065572,8,13,1674516393,1675016393,5565945.145176001,6331623.6635290785,random2_k5,5,0.04327007660945568
cleanStatic,calibration,67,66.99065572,8,13,1674516393,1675016393,5565945.145176001,6331623.6635290785,random3_k5,5,0.1297684588209705
cleanStatic,calibration,67,66.99065572,8,13,1674516393,1675016393,5565945.145176001,6331623.6635290785,random4_k5,5,0.12035907069304135
cleanStatic,calibration,67,66.99065572,8,13,1674516393,1675016393,5565945.145176001,6331623.6635290785,random5_k5,5,0.20996553879336194
cleanStatic,calibration,67,66.99065572,8,13,1674516393,1675016393,5565945.145176001,6331623.6635290785,random1_k9,9,0.07088948437204687
cleanStatic,calibration,67,66.99065572,8,13,1674516393,1675016393,5565945.145176001,6331623.6635290785,random2_k9,9,0.092453487726194
cleanStatic,calibration,67,66.99065572,8,13,1674516393,1675016393,5565945.145176001,6331623.6635290785,random3_k9,9,0.1621068661076439
cleanStatic,calibration,67,66.99065572,8,13,1674516393,1675016393,5565945.145176001,6331623.6635290785,random4_k9,9,0.23659989072025958
cleanStatic,calibration,67,66.99065572,8,13,1674516393,1675016393,5565945.145176001,6331623.6635290785,random5_k9,9,0.1569009706050989
cleanStatic,calibration,67,66.99648408,9,19,1674662102,1675162102,5545390.468333999,4538405.442202713,dense_two_source_glrt,187,0.013756779237618524
cleanStatic,calibration,67,66.99648408,9,19,1674662102,1675162102,5545390.468333999,4538405.442202713,dense_one_source_residual,187,0.31529354187455033
cleanStatic,calibration,67,66.99648408,9,19,1674662102,1675162102,5545390.468333999,4538405.442202713,raw_power_only,0,5545390.468333999
cleanStatic,calibration,67,66.99648408,9,19,1674662102,1675162102,5545390.468333999,4538405.442202713,analytic_sparse_k3,3,0.1172918275627507
cleanStatic,calibration,67,66.99648408,9,19,1674662102,1675162102,5545390.468333999,4538405.442202713,uniform_k3,3,0.21061491592462275
cleanStatic,calibration,67,66.99648408,9,19,1674662102,1675162102,5545390.468333999,4538405.442202713,shuffled_k3,3,0.1029160747707607
cleanStatic,calibration,67,66.99648408,9,19,1674662102,1675162102,5545390.468333999,4538405.442202713,analytic_sparse_k5,5,0.15871582918665858
cleanStatic,calibration,67,66.99648408,9,19,1674662102,1675162102,5545390.468333999,4538405.442202713,uniform_k5,5,0.16242934384968855
cleanStatic,calibration,67,66.99648408,9,19,1674662102,1675162102,5545390.468333999,4538405.442202713,shuffled_k5,5,0.27734503599529364
cleanStatic,calibration,67,66.99648408,9,19,1674662102,1675162102,5545390.468333999,4538405.442202713,analytic_sparse_k9,9,0.15067137654471233
cleanStatic,calibration,67,66.99648408,9,19,1674662102,1675162102,5545390.468333999,4538405.442202713,uniform_k9,9,0.0530274079830701
cleanStatic,calibration,67,66.99648408,9,19,1674662102,1675162102,5545390.468333999,4538405.442202713,shuffled_k9,9,0.11896924381120894
cleanStatic,calibration,67,66.99648408,9,19,1674662102,1675162102,5545390.468333999,4538405.442202713,ai_sparse_k3,3,0.2745970873944014
cleanStatic,calibration,67,66.99648408,9,19,1674662102,1675162102,5545390.468333999,4538405.442202713,pg_scc_k3,3,0.05510887606312931
cleanStatic,calibration,67,66.99648408,9,19,1674662102,1675162102,5545390.468333999,4538405.442202713,ai_sparse_k5,5,0.181595058476981
cleanStatic,calibration,67,66.99648408,9,19,1674662102,1675162102,5545390.468333999,4538405.442202713,pg_scc_k5,5,0.05956888419785038
cleanStatic,calibration,67,66.99648408,9,19,1674662102,1675162102,5545390.468333999,4538405.442202713,ai_sparse_k9,9,0.11738554830953254
cleanStatic,calibration,67,66.99648408,9,19,1674662102,1675162102,5545390.468333999,4538405.442202713,pg_scc_k9,9,0.04654132281928737
cleanStatic,calibration,67,66.99648408,9,19,1674662102,1675162102,5545390.468333999,4538405.442202713,epl3,3,0.3016791649787854
cleanStatic,calibration,67,66.99648408,9,19,1674662102,1675162102,5545390.468333999,4538405.442202713,fixed9,9,0.07331636747893085
cleanStatic,calibration,67,66.99648408,9,19,1674662102,1675162102,5545390.468333999,4538405.442202713,random1_k3,3,0.1425641218631539
cleanStatic,calibration,67,66.99648408,9,19,1674662102,1675162102,5545390.468333999,4538405.442202713,random2_k3,3,0.05750604795722095
cleanStatic,calibration,67,66.99648408,9,19,1674662102,1675162102,5545390.468333999,4538405.442202713,random3_k3,3,0.24649890176262948
cleanStatic,calibration,67,66.99648408,9,19,1674662102,1675162102,5545390.468333999,4538405.442202713,random4_k3,3,0.11081728476364773
cleanStatic,calibration,67,66.99648408,9,19,1674662102,1675162102,5545390.468333999,4538405.442202713,random5_k3,3,0.10572197742807843
cleanStatic,calibration,67,66.99648408,9,19,1674662102,1675162102,5545390.468333999,4538405.442202713,random1_k5,5,0.07952797681734362
cleanStatic,calibration,67,66.99648408,9,19,1674662102,1675162102,5545390.468333999,4538405.442202713,random2_k5,5,0.15923416761139647
cleanStatic,calibration,67,66.99648408,9,19,1674662102,1675162102,5545390.468333999,4538405.442202713,random3_k5,5,0.06787966340378677
cleanStatic,calibration,67,66.99648408,9,19,1674662102,1675162102,5545390.468333999,4538405.442202713,random4_k5,5,0.04909289920818984
cleanStatic,calibration,67,66.99648408,9,19,1674662102,1675162102,5545390.468333999,4538405.442202713,random5_k5,5,0.15483800755631605
cleanStatic,calibration,67,66.99648408,9,19,1674662102,1675162102,5545390.468333999,4538405.442202713,random1_k9,9,0.14575256297311473
cleanStatic,calibration,67,66.99648408,9,19,1674662102,1675162102,5545390.468333999,4538405.442202713,random2_k9,9,0.07463889271125927
cleanStatic,calibration,67,66.99648408,9,19,1674662102,1675162102,5545390.468333999,4538405.442202713,random3_k9,9,0.04602856054921034
cleanStatic,calibration,67,66.99648408,9,19,1674662102,1675162102,5545390.468333999,4538405.442202713,random4_k9,9,0.15994191983228342
cleanStatic,calibration,67,66.99648408,9,19,1674662102,1675162102,5545390.468333999,4538405.442202713,random5_k9,9,0.15620155887162104
cleanStatic,calibration,67,66.99062004,10,23,1674515501,1675015501,5565368.373118,6550776.710323536,dense_two_source_glrt,187,0.08206037610498225
cleanStatic,calibration,67,66.99062004,10,23,1674515501,1675015501,5565368.373118,6550776.710323536,dense_one_source_residual,187,0.35081600317469935
cleanStatic,calibration,67,66.99062004,10,23,1674515501,1675015501,5565368.373118,6550776.710323536,raw_power_only,0,5565368.373118
cleanStatic,calibration,67,66.99062004,10,23,1674515501,1675015501,5565368.373118,6550776.710323536,analytic_sparse_k3,3,0.04813405343635605
cleanStatic,calibration,67,66.99062004,10,23,1674515501,1675015501,5565368.373118,6550776.710323536,uniform_k3,3,0.34261609619565375
cleanStatic,calibration,67,66.99062004,10,23,1674515501,1675015501,5565368.373118,6550776.710323536,shuffled_k3,3,0.10196511341045883
cleanStatic,calibration,67,66.99062004,10,23,1674515501,1675015501,5565368.373118,6550776.710323536,analytic_sparse_k5,5,0.1398054569430211
cleanStatic,calibration,67,66.99062004,10,23,1674515501,1675015501,5565368.373118,6550776.710323536,uniform_k5,5,0.1223542600600637
cleanStatic,calibration,67,66.99062004,10,23,1674515501,1675015501,5565368.373118,6550776.710323536,shuffled_k5,5,0.2234074282967473
cleanStatic,calibration,67,66.99062004,10,23,1674515501,1675015501,5565368.373118,6550776.710323536,analytic_sparse_k9,9,0.10815566778341444
cleanStatic,calibration,67,66.99062004,10,23,1674515501,1675015501,5565368.373118,6550776.710323536,uniform_k9,9,0.051589924593823416
cleanStatic,calibration,67,66.99062004,10,23,1674515501,1675015501,5565368.373118,6550776.710323536,shuffled_k9,9,0.2763360425223232
cleanStatic,calibration,67,66.99062004,10,23,1674515501,1675015501,5565368.373118,6550776.710323536,ai_sparse_k3,3,0.4465016246955567
cleanStatic,calibration,67,66.99062004,10,23,1674515501,1675015501,5565368.373118,6550776.710323536,pg_scc_k3,3,0.4615295931437631
cleanStatic,calibration,67,66.99062004,10,23,1674515501,1675015501,5565368.373118,6550776.710323536,ai_sparse_k5,5,0.4291049962374556
cleanStatic,calibration,67,66.99062004,10,23,1674515501,1675015501,5565368.373118,6550776.710323536,pg_scc_k5,5,0.16231608594157967
cleanStatic,calibration,67,66.99062004,10,23,1674515501,1675015501,5565368.373118,6550776.710323536,ai_sparse_k9,9,0.4176569877697479
cleanStatic,calibration,67,66.99062004,10,23,1674515501,1675015501,5565368.373118,6550776.710323536,pg_scc_k9,9,0.20273848735642008
cleanStatic,calibration,67,66.99062004,10,23,1674515501,1675015501,5565368.373118,6550776.710323536,epl3,3,0.31921594429976696
cleanStatic,calibration,67,66.99062004,10,23,1674515501,1675015501,5565368.373118,6550776.710323536,fixed9,9,0.39439629298284046
cleanStatic,calibration,67,66.99062004,10,23,1674515501,1675015501,5565368.373118,6550776.710323536,random1_k3,3,0.13362614805395992
cleanStatic,calibration,67,66.99062004,10,23,1674515501,1675015501,5565368.373118,6550776.710323536,random2_k3,3,0.3280121933422598
cleanStatic,calibration,67,66.99062004,10,23,1674515501,1675015501,5565368.373118,6550776.710323536,random3_k3,3,0.07991897910974287
cleanStatic,calibration,67,66.99062004,10,23,1674515501,1675015501,5565368.373118,6550776.710323536,random4_k3,3,0.04533433550260576
cleanStatic,calibration,67,66.99062004,10,23,1674515501,1675015501,5565368.373118,6550776.710323536,random5_k3,3,0.1696701347813865
cleanStatic,calibration,67,66.99062004,10,23,1674515501,1675015501,5565368.373118,6550776.710323536,random1_k5,5,0.08885845769207432
cleanStatic,calibration,67,66.99062004,10,23,1674515501,1675015501,5565368.373118,6550776.710323536,random2_k5,5,0.08995628537003031
cleanStatic,calibration,67,66.99062004,10,23,1674515501,1675015501,5565368.373118,6550776.710323536,random3_k5,5,0.11285225730789397
cleanStatic,calibration,67,66.99062004,10,23,1674515501,1675015501,5565368.373118,6550776.710323536,random4_k5,5,0.06259577914190792
cleanStatic,calibration,67,66.99062004,10,23,1674515501,1675015501,5565368.373118,6550776.710323536,random5_k5,5,0.11579338818988531
cleanStatic,calibration,67,66.99062004,10,23,1674515501,1675015501,5565368.373118,6550776.710323536,random1_k9,9,0.1451506504384904
cleanStatic,calibration,67,66.99062004,10,23,1674515501,1675015501,5565368.373118,6550776.710323536,random2_k9,9,0.08692246157406035
cleanStatic,calibration,67,66.99062004,10,23,1674515501,1675015501,5565368.373118,6550776.710323536,random3_k9,9,0.15498414734236643
cleanStatic,calibration,67,66.99062004,10,23,1674515501,1675015501,5565368.373118,6550776.710323536,random4_k9,9,0.05684921120275223
cleanStatic,calibration,67,66.99062004,10,23,1674515501,1675015501,5565368.373118,6550776.710323536,random5_k9,9,0.14352341690344902
cleanStatic,calibration,69,68.995326,0,16,1724633150,1725133150,5584206.780929999,4874387.844936115,dense_two_source_glrt,187,0.21603340079950564
cleanStatic,calibration,69,68.995326,0,16,1724633150,1725133150,5584206.780929999,4874387.844936115,dense_one_source_residual,187,1.727937598619935
cleanStatic,calibration,69,68.995326,0,16,1724633150,1725133150,5584206.780929999,4874387.844936115,raw_power_only,0,5584206.780929999
cleanStatic,calibration,69,68.995326,0,16,1724633150,1725133150,5584206.780929999,4874387.844936115,analytic_sparse_k3,3,0.14084348986355358
cleanStatic,calibration,69,68.995326,0,16,1724633150,1725133150,5584206.780929999,4874387.844936115,uniform_k3,3,0.27991182716112495
cleanStatic,calibration,69,68.995326,0,16,1724633150,1725133150,5584206.780929999,4874387.844936115,shuffled_k3,3,0.6117264034303284
cleanStatic,calibration,69,68.995326,0,16,1724633150,1725133150,5584206.780929999,4874387.844936115,analytic_sparse_k5,5,0.47168360179642227
cleanStatic,calibration,69,68.995326,0,16,1724633150,1725133150,5584206.780929999,4874387.844936115,uniform_k5,5,0.16992377546747478
cleanStatic,calibration,69,68.995326,0,16,1724633150,1725133150,5584206.780929999,4874387.844936115,shuffled_k5,5,0.6083321863002872
cleanStatic,calibration,69,68.995326,0,16,1724633150,1725133150,5584206.780929999,4874387.844936115,analytic_sparse_k9,9,0.20114216313386557
cleanStatic,calibration,69,68.995326,0,16,1724633150,1725133150,5584206.780929999,4874387.844936115,uniform_k9,9,0.05204051940594577
cleanStatic,calibration,69,68.995326,0,16,1724633150,1725133150,5584206.780929999,4874387.844936115,shuffled_k9,9,1.200053180731288
cleanStatic,calibration,69,68.995326,0,16,1724633150,1725133150,5584206.780929999,4874387.844936115,ai_sparse_k3,3,1.1398475523800256
cleanStatic,calibration,69,68.995326,0,16,1724633150,1725133150,5584206.780929999,4874387.844936115,pg_scc_k3,3,1.5494072372531402
cleanStatic,calibration,69,68.995326,0,16,1724633150,1725133150,5584206.780929999,4874387.844936115,ai_sparse_k5,5,2.002028326898363
cleanStatic,calibration,69,68.995326,0,16,1724633150,1725133150,5584206.780929999,4874387.844936115,pg_scc_k5,5,0.3935629410529586
cleanStatic,calibration,69,68.995326,0,16,1724633150,1725133150,5584206.780929999,4874387.844936115,ai_sparse_k9,9,2.2115016943827857
cleanStatic,calibration,69,68.995326,0,16,1724633150,1725133150,5584206.780929999,4874387.844936115,pg_scc_k9,9,0.534201979244971
cleanStatic,calibration,69,68.995326,0,16,1724633150,1725133150,5584206.780929999,4874387.844936115,epl3,3,1.7731885402197145
cleanStatic,calibration,69,68.995326,0,16,1724633150,1725133150,5584206.780929999,4874387.844936115,fixed9,9,2.0174059262369424
cleanStatic,calibration,69,68.995326,0,16,1724633150,1725133150,5584206.780929999,4874387.844936115,random1_k3,3,1.3498351337697965
cleanStatic,calibration,69,68.995326,0,16,1724633150,1725133150,5584206.780929999,4874387.844936115,random2_k3,3,0.8240264883704533
cleanStatic,calibration,69,68.995326,0,16,1724633150,1725133150,5584206.780929999,4874387.844936115,random3_k3,3,1.2988146646919303
cleanStatic,calibration,69,68.995326,0,16,1724633150,1725133150,5584206.780929999,4874387.844936115,random4_k3,3,1.1744602627843526
cleanStatic,calibration,69,68.995326,0,16,1724633150,1725133150,5584206.780929999,4874387.844936115,random5_k3,3,0.6268553250614121
cleanStatic,calibration,69,68.995326,0,16,1724633150,1725133150,5584206.780929999,4874387.844936115,random1_k5,5,0.5411034007466679
cleanStatic,calibration,69,68.995326,0,16,1724633150,1725133150,5584206.780929999,4874387.844936115,random2_k5,5,0.1549940186353483
cleanStatic,calibration,69,68.995326,0,16,1724633150,1725133150,5584206.780929999,4874387.844936115,random3_k5,5,0.6393897305741592
cleanStatic,calibration,69,68.995326,0,16,1724633150,1725133150,5584206.780929999,4874387.844936115,random4_k5,5,0.678623702068485
cleanStatic,calibration,69,68.995326,0,16,1724633150,1725133150,5584206.780929999,4874387.844936115,random5_k5,5,0.9823986651234555
cleanStatic,calibration,69,68.995326,0,16,1724633150,1725133150,5584206.780929999,4874387.844936115,random1_k9,9,0.9069307415919735
cleanStatic,calibration,69,68.995326,0,16,1724633150,1725133150,5584206.780929999,4874387.844936115,random2_k9,9,0.12072348594786735
cleanStatic,calibration,69,68.995326,0,16,1724633150,1725133150,5584206.780929999,4874387.844936115,random3_k9,9,0.8549655441787177
cleanStatic,calibration,69,68.995326,0,16,1724633150,1725133150,5584206.780929999,4874387.844936115,random4_k9,9,0.38245664049568123
cleanStatic,calibration,69,68.995326,0,16,1724633150,1725133150,5584206.780929999,4874387.844936115,random5_k9,9,0.6663439823084121
cleanStatic,calibration,69,69.00153592,2,3,1724788398,1725288398,5569479.2170359995,5919250.204934481,dense_two_source_glrt,187,0.05102474084917052
cleanStatic,calibration,69,69.00153592,2,3,1724788398,1725288398,5569479.2170359995,5919250.204934481,dense_one_source_residual,187,0.27010259587776875
cleanStatic,calibration,69,69.00153592,2,3,1724788398,1725288398,5569479.2170359995,5919250.204934481,raw_power_only,0,5569479.2170359995
cleanStatic,calibration,69,69.00153592,2,3,1724788398,1725288398,5569479.2170359995,5919250.204934481,analytic_sparse_k3,3,0.02493817241466278
cleanStatic,calibration,69,69.00153592,2,3,1724788398,1725288398,5569479.2170359995,5919250.204934481,uniform_k3,3,0.2386095003368772
cleanStatic,calibration,69,69.00153592,2,3,1724788398,1725288398,5569479.2170359995,5919250.204934481,shuffled_k3,3,0.018458835563638105
cleanStatic,calibration,69,69.00153592,2,3,1724788398,1725288398,5569479.2170359995,5919250.204934481,analytic_sparse_k5,5,0.0862943473184273
cleanStatic,calibration,69,69.00153592,2,3,1724788398,1725288398,5569479.2170359995,5919250.204934481,uniform_k5,5,0.17856141576783643
cleanStatic,calibration,69,69.00153592,2,3,1724788398,1725288398,5569479.2170359995,5919250.204934481,shuffled_k5,5,0.043583542334648465
cleanStatic,calibration,69,69.00153592,2,3,1724788398,1725288398,5569479.2170359995,5919250.204934481,analytic_sparse_k9,9,0.05943742070741699
cleanStatic,calibration,69,69.00153592,2,3,1724788398,1725288398,5569479.2170359995,5919250.204934481,uniform_k9,9,0.06917923690134008
cleanStatic,calibration,69,69.00153592,2,3,1724788398,1725288398,5569479.2170359995,5919250.204934481,shuffled_k9,9,0.13265730803589884
cleanStatic,calibration,69,69.00153592,2,3,1724788398,1725288398,5569479.2170359995,5919250.204934481,ai_sparse_k3,3,0.1016071405879485
cleanStatic,calibration,69,69.00153592,2,3,1724788398,1725288398,5569479.2170359995,5919250.204934481,pg_scc_k3,3,0.07945804140660119
cleanStatic,calibration,69,69.00153592,2,3,1724788398,1725288398,5569479.2170359995,5919250.204934481,ai_sparse_k5,5,0.15467878490755455
cleanStatic,calibration,69,69.00153592,2,3,1724788398,1725288398,5569479.2170359995,5919250.204934481,pg_scc_k5,5,0.0596431102491366
cleanStatic,calibration,69,69.00153592,2,3,1724788398,1725288398,5569479.2170359995,5919250.204934481,ai_sparse_k9,9,0.11169426719537813
cleanStatic,calibration,69,69.00153592,2,3,1724788398,1725288398,5569479.2170359995,5919250.204934481,pg_scc_k9,9,0.06521020572046976
cleanStatic,calibration,69,69.00153592,2,3,1724788398,1725288398,5569479.2170359995,5919250.204934481,epl3,3,0.06289427080167963
cleanStatic,calibration,69,69.00153592,2,3,1724788398,1725288398,5569479.2170359995,5919250.204934481,fixed9,9,0.05357788934217911
cleanStatic,calibration,69,69.00153592,2,3,1724788398,1725288398,5569479.2170359995,5919250.204934481,random1_k3,3,0.18040851929996446
cleanStatic,calibration,69,69.00153592,2,3,1724788398,1725288398,5569479.2170359995,5919250.204934481,random2_k3,3,0.2698517432743988
cleanStatic,calibration,69,69.00153592,2,3,1724788398,1725288398,5569479.2170359995,5919250.204934481,random3_k3,3,0.07981054626899807
cleanStatic,calibration,69,69.00153592,2,3,1724788398,1725288398,5569479.2170359995,5919250.204934481,random4_k3,3,0.11996532448809787
cleanStatic,calibration,69,69.00153592,2,3,1724788398,1725288398,5569479.2170359995,5919250.204934481,random5_k3,3,0.06747228236171342
cleanStatic,calibration,69,69.00153592,2,3,1724788398,1725288398,5569479.2170359995,5919250.204934481,random1_k5,5,0.11259940862579472
cleanStatic,calibration,69,69.00153592,2,3,1724788398,1725288398,5569479.2170359995,5919250.204934481,random2_k5,5,0.16993622071497028
cleanStatic,calibration,69,69.00153592,2,3,1724788398,1725288398,5569479.2170359995,5919250.204934481,random3_k5,5,0.07653999187078012
cleanStatic,calibration,69,69.00153592,2,3,1724788398,1725288398,5569479.2170359995,5919250.204934481,random4_k5,5,0.056639550118605
cleanStatic,calibration,69,69.00153592,2,3,1724788398,1725288398,5569479.2170359995,5919250.204934481,random5_k5,5,0.19214642016749792
cleanStatic,calibration,69,69.00153592,2,3,1724788398,1725288398,5569479.2170359995,5919250.204934481,random1_k9,9,0.09753809434549374
cleanStatic,calibration,69,69.00153592,2,3,1724788398,1725288398,5569479.2170359995,5919250.204934481,random2_k9,9,0.0842645987823003
cleanStatic,calibration,69,69.00153592,2,3,1724788398,1725288398,5569479.2170359995,5919250.204934481,random3_k9,9,0.08986580145595674
cleanStatic,calibration,69,69.00153592,2,3,1724788398,1725288398,5569479.2170359995,5919250.204934481,random4_k9,9,0.1372791220178856
cleanStatic,calibration,69,69.00153592,2,3,1724788398,1725288398,5569479.2170359995,5919250.204934481,random5_k9,9,0.15110163932975176
cleanStatic,calibration,69,68.99437564,3,20,1724609391,1725109391,5586883.625892,2371794.239396058,dense_two_source_glrt,187,0.284452567658206
cleanStatic,calibration,69,68.99437564,3,20,1724609391,1725109391,5586883.625892,2371794.239396058,dense_one_source_residual,187,1.580275198232708
cleanStatic,calibration,69,68.99437564,3,20,1724609391,1725109391,5586883.625892,2371794.239396058,raw_power_only,0,5586883.625892
cleanStatic,calibration,69,68.99437564,3,20,1724609391,1725109391,5586883.625892,2371794.239396058,analytic_sparse_k3,3,1.6322403889850223
cleanStatic,calibration,69,68.99437564,3,20,1724609391,1725109391,5586883.625892,2371794.239396058,uniform_k3,3,0.5271710555214398
cleanStatic,calibration,69,68.99437564,3,20,1724609391,1725109391,5586883.625892,2371794.239396058,shuffled_k3,3,0.945479248617631
cleanStatic,calibration,69,68.99437564,3,20,1724609391,1725109391,5586883.625892,2371794.239396058,analytic_sparse_k5,5,0.9342111840958296
cleanStatic,calibration,69,68.99437564,3,20,1724609391,1725109391,5586883.625892,2371794.239396058,uniform_k5,5,0.4712617041386335
cleanStatic,calibration,69,68.99437564,3,20,1724609391,1725109391,5586883.625892,2371794.239396058,shuffled_k5,5,1.3612378116921662
cleanStatic,calibration,69,68.99437564,3,20,1724609391,1725109391,5586883.625892,2371794.239396058,analytic_sparse_k9,9,0.44154375417389086
cleanStatic,calibration,69,68.99437564,3,20,1724609391,1725109391,5586883.625892,2371794.239396058,uniform_k9,9,0.3553878443691541
cleanStatic,calibration,69,68.99437564,3,20,1724609391,1725109391,5586883.625892,2371794.239396058,shuffled_k9,9,0.5521996762742375
cleanStatic,calibration,69,68.99437564,3,20,1724609391,1725109391,5586883.625892,2371794.239396058,ai_sparse_k3,3,0.811952290990743
cleanStatic,calibration,69,68.99437564,3,20,1724609391,1725109391,5586883.625892,2371794.239396058,pg_scc_k3,3,0.23750325760423566
cleanStatic,calibration,69,68.99437564,3,20,1724609391,1725109391,5586883.625892,2371794.239396058,ai_sparse_k5,5,0.7825614749702009
cleanStatic,calibration,69,68.99437564,3,20,1724609391,1725109391,5586883.625892,2371794.239396058,pg_scc_k5,5,0.6548324792972003
cleanStatic,calibration,69,68.99437564,3,20,1724609391,1725109391,5586883.625892,2371794.239396058,ai_sparse_k9,9,0.9474147223686001
cleanStatic,calibration,69,68.99437564,3,20,1724609391,1725109391,5586883.625892,2371794.239396058,pg_scc_k9,9,0.47061501857470056
cleanStatic,calibration,69,68.99437564,3,20,1724609391,1725109391,5586883.625892,2371794.239396058,epl3,3,0.5105542416306849
cleanStatic,calibration,69,68.99437564,3,20,1724609391,1725109391,5586883.625892,2371794.239396058,fixed9,9,1.2504518118592882
cleanStatic,calibration,69,68.99437564,3,20,1724609391,1725109391,5586883.625892,2371794.239396058,random1_k3,3,0.2018145414406752
cleanStatic,calibration,69,68.99437564,3,20,1724609391,1725109391,5586883.625892,2371794.239396058,random2_k3,3,0.4008451588067567
cleanStatic,calibration,69,68.99437564,3,20,1724609391,1725109391,5586883.625892,2371794.239396058,random3_k3,3,1.73330763327242
cleanStatic,calibration,69,68.99437564,3,20,1724609391,1725109391,5586883.625892,2371794.239396058,random4_k3,3,0.8324651587545979
cleanStatic,calibration,69,68.99437564,3,20,1724609391,1725109391,5586883.625892,2371794.239396058,random5_k3,3,0.19941581605824157
cleanStatic,calibration,69,68.99437564,3,20,1724609391,1725109391,5586883.625892,2371794.239396058,random1_k5,5,1.0047327510213093
cleanStatic,calibration,69,68.99437564,3,20,1724609391,1725109391,5586883.625892,2371794.239396058,random2_k5,5,0.5791586405432634
cleanStatic,calibration,69,68.99437564,3,20,1724609391,1725109391,5586883.625892,2371794.239396058,random3_k5,5,0.3902268180924599
cleanStatic,calibration,69,68.99437564,3,20,1724609391,1725109391,5586883.625892,2371794.239396058,random4_k5,5,0.7852603588755888
cleanStatic,calibration,69,68.99437564,3,20,1724609391,1725109391,5586883.625892,2371794.239396058,random5_k5,5,0.3169608950564945
cleanStatic,calibration,69,68.99437564,3,20,1724609391,1725109391,5586883.625892,2371794.239396058,random1_k9,9,0.9639829252991673
cleanStatic,calibration,69,68.99437564,3,20,1724609391,1725109391,5586883.625892,2371794.239396058,random2_k9,9,0.14756894945086982
cleanStatic,calibration,69,68.99437564,3,20,1724609391,1725109391,5586883.625892,2371794.239396058,random3_k9,9,0.8794883684571112
cleanStatic,calibration,69,68.99437564,3,20,1724609391,1725109391,5586883.625892,2371794.239396058,random4_k9,9,0.3783619677493524
cleanStatic,calibration,69,68.99437564,3,20,1724609391,1725109391,5586883.625892,2371794.239396058,random5_k9,9,0.30120126751997284
cleanStatic,calibration,69,69.18468908,4,30,1729367227,1729867227,5555547.973768,2112292.6270640874,dense_two_source_glrt,187,0.1706621965607576
cleanStatic,calibration,69,69.18468908,4,30,1729367227,1729867227,5555547.973768,2112292.6270640874,dense_one_source_residual,187,2.2054547785719523
cleanStatic,calibration,69,69.18468908,4,30,1729367227,1729867227,5555547.973768,2112292.6270640874,raw_power_only,0,5555547.973768
cleanStatic,calibration,69,69.18468908,4,30,1729367227,1729867227,5555547.973768,2112292.6270640874,analytic_sparse_k3,3,1.0080777427830567
cleanStatic,calibration,69,69.18468908,4,30,1729367227,1729867227,5555547.973768,2112292.6270640874,uniform_k3,3,1.4045799442631433
cleanStatic,calibration,69,69.18468908,4,30,1729367227,1729867227,5555547.973768,2112292.6270640874,shuffled_k3,3,1.1034776223966802
cleanStatic,calibration,69,69.18468908,4,30,1729367227,1729867227,5555547.973768,2112292.6270640874,analytic_sparse_k5,5,0.6232634855743596
cleanStatic,calibration,69,69.18468908,4,30,1729367227,1729867227,5555547.973768,2112292.6270640874,uniform_k5,5,0.7671651905360705
cleanStatic,calibration,69,69.18468908,4,30,1729367227,1729867227,5555547.973768,2112292.6270640874,shuffled_k5,5,0.6162424292063629
cleanStatic,calibration,69,69.18468908,4,30,1729367227,1729867227,5555547.973768,2112292.6270640874,analytic_sparse_k9,9,0.3904497566856848
cleanStatic,calibration,69,69.18468908,4,30,1729367227,1729867227,5555547.973768,2112292.6270640874,uniform_k9,9,0.33332869262009823
cleanStatic,calibration,69,69.18468908,4,30,1729367227,1729867227,5555547.973768,2112292.6270640874,shuffled_k9,9,0.7224095125107726
cleanStatic,calibration,69,69.18468908,4,30,1729367227,1729867227,5555547.973768,2112292.6270640874,ai_sparse_k3,3,0.5624471326845243
cleanStatic,calibration,69,69.18468908,4,30,1729367227,1729867227,5555547.973768,2112292.6270640874,pg_scc_k3,3,0.25511565438218353
cleanStatic,calibration,69,69.18468908,4,30,1729367227,1729867227,5555547.973768,2112292.6270640874,ai_sparse_k5,5,0.7665945439710711
cleanStatic,calibration,69,69.18468908,4,30,1729367227,1729867227,5555547.973768,2112292.6270640874,pg_scc_k5,5,0.14326781776545525
cleanStatic,calibration,69,69.18468908,4,30,1729367227,1729867227,5555547.973768,2112292.6270640874,ai_sparse_k9,9,0.5659703688207907
cleanStatic,calibration,69,69.18468908,4,30,1729367227,1729867227,5555547.973768,2112292.6270640874,pg_scc_k9,9,0.44269042737814307
cleanStatic,calibration,69,69.18468908,4,30,1729367227,1729867227,5555547.973768,2112292.6270640874,epl3,3,1.2976985875255795
cleanStatic,calibration,69,69.18468908,4,30,1729367227,1729867227,5555547.973768,2112292.6270640874,fixed9,9,0.2530252983271176
cleanStatic,calibration,69,69.18468908,4,30,1729367227,1729867227,5555547.973768,2112292.6270640874,random1_k3,3,0.9240940519626321
cleanStatic,calibration,69,69.18468908,4,30,1729367227,1729867227,5555547.973768,2112292.6270640874,random2_k3,3,0.2677790957282602
cleanStatic,calibration,69,69.18468908,4,30,1729367227,1729867227,5555547.973768,2112292.6270640874,random3_k3,3,0.8787667795642383
cleanStatic,calibration,69,69.18468908,4,30,1729367227,1729867227,5555547.973768,2112292.6270640874,random4_k3,3,1.0365437966225557
cleanStatic,calibration,69,69.18468908,4,30,1729367227,1729867227,5555547.973768,2112292.6270640874,random5_k3,3,2.968946592339691
cleanStatic,calibration,69,69.18468908,4,30,1729367227,1729867227,5555547.973768,2112292.6270640874,random1_k5,5,0.24646852185003124
cleanStatic,calibration,69,69.18468908,4,30,1729367227,1729867227,5555547.973768,2112292.6270640874,random2_k5,5,0.6026974152353535
cleanStatic,calibration,69,69.18468908,4,30,1729367227,1729867227,5555547.973768,2112292.6270640874,random3_k5,5,1.6010242053123904
cleanStatic,calibration,69,69.18468908,4,30,1729367227,1729867227,5555547.973768,2112292.6270640874,random4_k5,5,0.16055129253093964
cleanStatic,calibration,69,69.18468908,4,30,1729367227,1729867227,5555547.973768,2112292.6270640874,random5_k5,5,1.2920902440571411
cleanStatic,calibration,69,69.18468908,4,30,1729367227,1729867227,5555547.973768,2112292.6270640874,random1_k9,9,0.49418699746006506
cleanStatic,calibration,69,69.18468908,4,30,1729367227,1729867227,5555547.973768,2112292.6270640874,random2_k9,9,0.390227392573458
cleanStatic,calibration,69,69.18468908,4,30,1729367227,1729867227,5555547.973768,2112292.6270640874,random3_k9,9,0.6736292735609809
cleanStatic,calibration,69,69.18468908,4,30,1729367227,1729867227,5555547.973768,2112292.6270640874,random4_k9,9,0.46176691030451283
cleanStatic,calibration,69,69.18468908,4,30,1729367227,1729867227,5555547.973768,2112292.6270640874,random5_k9,9,0.31982069717698836
cleanStatic,calibration,69,68.99066484,5,6,1724516621,1725016621,5587614.175902,4665763.487612971,dense_two_source_glrt,187,0.1671168899713779
cleanStatic,calibration,69,68.99066484,5,6,1724516621,1725016621,5587614.175902,4665763.487612971,dense_one_source_residual,187,0.4919575489305958
cleanStatic,calibration,69,68.99066484,5,6,1724516621,1725016621,5587614.175902,4665763.487612971,raw_power_only,0,5587614.175902
cleanStatic,calibration,69,68.99066484,5,6,1724516621,1725016621,5587614.175902,4665763.487612971,analytic_sparse_k3,3,0.2788340194727331
cleanStatic,calibration,69,68.99066484,5,6,1724516621,1725016621,5587614.175902,4665763.487612971,uniform_k3,3,0.24118004927652392
cleanStatic,calibration,69,68.99066484,5,6,1724516621,1725016621,5587614.175902,4665763.487612971,shuffled_k3,3,0.449859322616805
cleanStatic,calibration,69,68.99066484,5,6,1724516621,1725016621,5587614.175902,4665763.487612971,analytic_sparse_k5,5,0.46363775837881677
cleanStatic,calibration,69,68.99066484,5,6,1724516621,1725016621,5587614.175902,4665763.487612971,uniform_k5,5,0.06217101411185109
cleanStatic,calibration,69,68.99066484,5,6,1724516621,1725016621,5587614.175902,4665763.487612971,shuffled_k5,5,0.3077728118471966
cleanStatic,calibration,69,68.99066484,5,6,1724516621,1725016621,5587614.175902,4665763.487612971,analytic_sparse_k9,9,0.4351832393398019
cleanStatic,calibration,69,68.99066484,5,6,1724516621,1725016621,5587614.175902,4665763.487612971,uniform_k9,9,0.044780366321523504
cleanStatic,calibration,69,68.99066484,5,6,1724516621,1725016621,5587614.175902,4665763.487612971,shuffled_k9,9,0.19579265001429924
cleanStatic,calibration,69,68.99066484,5,6,1724516621,1725016621,5587614.175902,4665763.487612971,ai_sparse_k3,3,0.2052512330522613
cleanStatic,calibration,69,68.99066484,5,6,1724516621,1725016621,5587614.175902,4665763.487612971,pg_scc_k3,3,0.46521857185898136
cleanStatic,calibration,69,68.99066484,5,6,1724516621,1725016621,5587614.175902,4665763.487612971,ai_sparse_k5,5,0.21659786493337047
cleanStatic,calibration,69,68.99066484,5,6,1724516621,1725016621,5587614.175902,4665763.487612971,pg_scc_k5,5,0.27409250928205714
cleanStatic,calibration,69,68.99066484,5,6,1724516621,1725016621,5587614.175902,4665763.487612971,ai_sparse_k9,9,0.21874657825746957
cleanStatic,calibration,69,68.99066484,5,6,1724516621,1725016621,5587614.175902,4665763.487612971,pg_scc_k9,9,0.23620149260784037
cleanStatic,calibration,69,68.99066484,5,6,1724516621,1725016621,5587614.175902,4665763.487612971,epl3,3,0.29746651397850876
cleanStatic,calibration,69,68.99066484,5,6,1724516621,1725016621,5587614.175902,4665763.487612971,fixed9,9,0.4903915052094477
cleanStatic,calibration,69,68.99066484,5,6,1724516621,1725016621,5587614.175902,4665763.487612971,random1_k3,3,0.7562629857892392
cleanStatic,calibration,69,68.99066484,5,6,1724516621,1725016621,5587614.175902,4665763.487612971,random2_k3,3,0.31462842290236176
cleanStatic,calibration,69,68.99066484,5,6,1724516621,1725016621,5587614.175902,4665763.487612971,random3_k3,3,0.49730992076965075
cleanStatic,calibration,69,68.99066484,5,6,1724516621,1725016621,5587614.175902,4665763.487612971,random4_k3,3,0.06534507340210423
cleanStatic,calibration,69,68.99066484,5,6,1724516621,1725016621,5587614.175902,4665763.487612971,random5_k3,3,0.3642627431388943
cleanStatic,calibration,69,68.99066484,5,6,1724516621,1725016621,5587614.175902,4665763.487612971,random1_k5,5,0.04914552955804955
cleanStatic,calibration,69,68.99066484,5,6,1724516621,1725016621,5587614.175902,4665763.487612971,random2_k5,5,0.28091793684508776
cleanStatic,calibration,69,68.99066484,5,6,1724516621,1725016621,5587614.175902,4665763.487612971,random3_k5,5,0.24033490979072214
cleanStatic,calibration,69,68.99066484,5,6,1724516621,1725016621,5587614.175902,4665763.487612971,random4_k5,5,0.17623788987292383
cleanStatic,calibration,69,68.99066484,5,6,1724516621,1725016621,5587614.175902,4665763.487612971,random5_k5,5,0.47711988750857987
cleanStatic,calibration,69,68.99066484,5,6,1724516621,1725016621,5587614.175902,4665763.487612971,random1_k9,9,0.1872267376478165
cleanStatic,calibration,69,68.99066484,5,6,1724516621,1725016621,5587614.175902,4665763.487612971,random2_k9,9,0.31242301373226206
cleanStatic,calibration,69,68.99066484,5,6,1724516621,1725016621,5587614.175902,4665763.487612971,random3_k9,9,0.07747970372257774
cleanStatic,calibration,69,68.99066484,5,6,1724516621,1725016621,5587614.175902,4665763.487612971,random4_k9,9,0.3939384498905121
cleanStatic,calibration,69,68.99066484,5,6,1724516621,1725016621,5587614.175902,4665763.487612971,random5_k9,9,0.08782662190817586
cleanStatic,calibration,69,68.9901764,6,7,1724504410,1725004410,5587722.535081999,4781266.450411683,dense_two_source_glrt,187,0.11332351819749496
cleanStatic,calibration,69,68.9901764,6,7,1724504410,1725004410,5587722.535081999,4781266.450411683,dense_one_source_residual,187,0.9070865682380853
cleanStatic,calibration,69,68.9901764,6,7,1724504410,1725004410,5587722.535081999,4781266.450411683,raw_power_only,0,5587722.535081999
cleanStatic,calibration,69,68.9901764,6,7,1724504410,1725004410,5587722.535081999,4781266.450411683,analytic_sparse_k3,3,0.5519990560097164
cleanStatic,calibration,69,68.9901764,6,7,1724504410,1725004410,5587722.535081999,4781266.450411683,uniform_k3,3,0.7556897351293473
cleanStatic,calibration,69,68.9901764,6,7,1724504410,1725004410,5587722.535081999,4781266.450411683,shuffled_k3,3,1.17557313496506
cleanStatic,calibration,69,68.9901764,6,7,1724504410,1725004410,5587722.535081999,4781266.450411683,analytic_sparse_k5,5,0.68717503187844
cleanStatic,calibration,69,68.9901764,6,7,1724504410,1725004410,5587722.535081999,4781266.450411683,uniform_k5,5,0.1540940409597787
cleanStatic,calibration,69,68.9901764,6,7,1724504410,1725004410,5587722.535081999,4781266.450411683,shuffled_k5,5,0.7855477643708276
cleanStatic,calibration,69,68.9901764,6,7,1724504410,1725004410,5587722.535081999,4781266.450411683,analytic_sparse_k9,9,0.4173777568153374
cleanStatic,calibration,69,68.9901764,6,7,1724504410,1725004410,5587722.535081999,4781266.450411683,uniform_k9,9,0.1311033343651417
cleanStatic,calibration,69,68.9901764,6,7,1724504410,1725004410,5587722.535081999,4781266.450411683,shuffled_k9,9,0.09991205767585518
cleanStatic,calibration,69,68.9901764,6,7,1724504410,1725004410,5587722.535081999,4781266.450411683,ai_sparse_k3,3,0.06115902230771122
cleanStatic,calibration,69,68.9901764,6,7,1724504410,1725004410,5587722.535081999,4781266.450411683,pg_scc_k3,3,0.0928404519330212
cleanStatic,calibration,69,68.9901764,6,7,1724504410,1725004410,5587722.535081999,4781266.450411683,ai_sparse_k5,5,0.06364218947245529
cleanStatic,calibration,69,68.9901764,6,7,1724504410,1725004410,5587722.535081999,4781266.450411683,pg_scc_k5,5,0.07471061555610392
cleanStatic,calibration,69,68.9901764,6,7,1724504410,1725004410,5587722.535081999,4781266.450411683,ai_sparse_k9,9,0.19534982776604215
cleanStatic,calibration,69,68.9901764,6,7,1724504410,1725004410,5587722.535081999,4781266.450411683,pg_scc_k9,9,0.04037866835275203
cleanStatic,calibration,69,68.9901764,6,7,1724504410,1725004410,5587722.535081999,4781266.450411683,epl3,3,0.315403683377732
cleanStatic,calibration,69,68.9901764,6,7,1724504410,1725004410,5587722.535081999,4781266.450411683,fixed9,9,0.24589771759632795
cleanStatic,calibration,69,68.9901764,6,7,1724504410,1725004410,5587722.535081999,4781266.450411683,random1_k3,3,0.592452095330689
cleanStatic,calibration,69,68.9901764,6,7,1724504410,1725004410,5587722.535081999,4781266.450411683,random2_k3,3,0.46081331866230174
cleanStatic,calibration,69,68.9901764,6,7,1724504410,1725004410,5587722.535081999,4781266.450411683,random3_k3,3,0.26684283932374764
cleanStatic,calibration,69,68.9901764,6,7,1724504410,1725004410,5587722.535081999,4781266.450411683,random4_k3,3,0.5397330657251874
cleanStatic,calibration,69,68.9901764,6,7,1724504410,1725004410,5587722.535081999,4781266.450411683,random5_k3,3,0.43665376229826847
cleanStatic,calibration,69,68.9901764,6,7,1724504410,1725004410,5587722.535081999,4781266.450411683,random1_k5,5,0.27239164820126377
cleanStatic,calibration,69,68.9901764,6,7,1724504410,1725004410,5587722.535081999,4781266.450411683,random2_k5,5,0.40120278868515546
cleanStatic,calibration,69,68.9901764,6,7,1724504410,1725004410,5587722.535081999,4781266.450411683,random3_k5,5,0.3820939546955119
cleanStatic,calibration,69,68.9901764,6,7,1724504410,1725004410,5587722.535081999,4781266.450411683,random4_k5,5,0.5653180500023689
cleanStatic,calibration,69,68.9901764,6,7,1724504410,1725004410,5587722.535081999,4781266.450411683,random5_k5,5,0.4336424615978176
cleanStatic,calibration,69,68.9901764,6,7,1724504410,1725004410,5587722.535081999,4781266.450411683,random1_k9,9,0.23291360808911962
cleanStatic,calibration,69,68.9901764,6,7,1724504410,1725004410,5587722.535081999,4781266.450411683,random2_k9,9,0.2037877382647523
cleanStatic,calibration,69,68.9901764,6,7,1724504410,1725004410,5587722.535081999,4781266.450411683,random3_k9,9,0.23145099327343902
cleanStatic,calibration,69,68.9901764,6,7,1724504410,1725004410,5587722.535081999,4781266.450411683,random4_k9,9,0.11085266217924684
cleanStatic,calibration,69,68.9901764,6,7,1724504410,1725004410,5587722.535081999,4781266.450411683,random5_k9,9,0.10375426526008684
cleanStatic,calibration,69,68.9903682,7,10,1724509205,1725009205,5588283.767902,2301539.5963575477,dense_two_source_glrt,187,0.26882069391933844
cleanStatic,calibration,69,68.9903682,7,10,1724509205,1725009205,5588283.767902,2301539.5963575477,dense_one_source_residual,187,1.1371256629464628
cleanStatic,calibration,69,68.9903682,7,10,1724509205,1725009205,5588283.767902,2301539.5963575477,raw_power_only,0,5588283.767902
cleanStatic,calibration,69,68.9903682,7,10,1724509205,1725009205,5588283.767902,2301539.5963575477,analytic_sparse_k3,3,0.3263981018400616
cleanStatic,calibration,69,68.9903682,7,10,1724509205,1725009205,5588283.767902,2301539.5963575477,uniform_k3,3,0.6261468544052373
cleanStatic,calibration,69,68.9903682,7,10,1724509205,1725009205,5588283.767902,2301539.5963575477,shuffled_k3,3,0.2829025717951651
cleanStatic,calibration,69,68.9903682,7,10,1724509205,1725009205,5588283.767902,2301539.5963575477,analytic_sparse_k5,5,0.21548761415266654
cleanStatic,calibration,69,68.9903682,7,10,1724509205,1725009205,5588283.767902,2301539.5963575477,uniform_k5,5,0.19787123814474236
cleanStatic,calibration,69,68.9903682,7,10,1724509205,1725009205,5588283.767902,2301539.5963575477,shuffled_k5,5,0.7184252848025922
cleanStatic,calibration,69,68.9903682,7,10,1724509205,1725009205,5588283.767902,2301539.5963575477,analytic_sparse_k9,9,0.17773127804628086
cleanStatic,calibration,69,68.9903682,7,10,1724509205,1725009205,5588283.767902,2301539.5963575477,uniform_k9,9,0.1067073671793758
cleanStatic,calibration,69,68.9903682,7,10,1724509205,1725009205,5588283.767902,2301539.5963575477,shuffled_k9,9,0.1389871006468971
cleanStatic,calibration,69,68.9903682,7,10,1724509205,1725009205,5588283.767902,2301539.5963575477,ai_sparse_k3,3,0.7230011555189814
cleanStatic,calibration,69,68.9903682,7,10,1724509205,1725009205,5588283.767902,2301539.5963575477,pg_scc_k3,3,0.5005948598635074
cleanStatic,calibration,69,68.9903682,7,10,1724509205,1725009205,5588283.767902,2301539.5963575477,ai_sparse_k5,5,1.0001991485697568
cleanStatic,calibration,69,68.9903682,7,10,1724509205,1725009205,5588283.767902,2301539.5963575477,pg_scc_k5,5,0.8146684373214473
cleanStatic,calibration,69,68.9903682,7,10,1724509205,1725009205,5588283.767902,2301539.5963575477,ai_sparse_k9,9,1.1119335714438092
cleanStatic,calibration,69,68.9903682,7,10,1724509205,1725009205,5588283.767902,2301539.5963575477,pg_scc_k9,9,1.0287329092195088
cleanStatic,calibration,69,68.9903682,7,10,1724509205,1725009205,5588283.767902,2301539.5963575477,epl3,3,0.17685911834941515
cleanStatic,calibration,69,68.9903682,7,10,1724509205,1725009205,5588283.767902,2301539.5963575477,fixed9,9,0.26462707773562855
cleanStatic,calibration,69,68.9903682,7,10,1724509205,1725009205,5588283.767902,2301539.5963575477,random1_k3,3,0.1491717364474708
cleanStatic,calibration,69,68.9903682,7,10,1724509205,1725009205,5588283.767902,2301539.5963575477,random2_k3,3,0.213262021684583
cleanStatic,calibration,69,68.9903682,7,10,1724509205,1725009205,5588283.767902,2301539.5963575477,random3_k3,3,0.5017488069896124
cleanStatic,calibration,69,68.9903682,7,10,1724509205,1725009205,5588283.767902,2301539.5963575477,random4_k3,3,0.1689398029686829
cleanStatic,calibration,69,68.9903682,7,10,1724509205,1725009205,5588283.767902,2301539.5963575477,random5_k3,3,0.10099120523708764
cleanStatic,calibration,69,68.9903682,7,10,1724509205,1725009205,5588283.767902,2301539.5963575477,random1_k5,5,0.4095313425723225
cleanStatic,calibration,69,68.9903682,7,10,1724509205,1725009205,5588283.767902,2301539.5963575477,random2_k5,5,0.2721607677574759
cleanStatic,calibration,69,68.9903682,7,10,1724509205,1725009205,5588283.767902,2301539.5963575477,random3_k5,5,0.6548701083955126
cleanStatic,calibration,69,68.9903682,7,10,1724509205,1725009205,5588283.767902,2301539.5963575477,random4_k5,5,0.37216794696635763
cleanStatic,calibration,69,68.9903682,7,10,1724509205,1725009205,5588283.767902,2301539.5963575477,random5_k5,5,0.685832569126017
cleanStatic,calibration,69,68.9903682,7,10,1724509205,1725009205,5588283.767902,2301539.5963575477,random1_k9,9,0.35111547329133863
cleanStatic,calibration,69,68.9903682,7,10,1724509205,1725009205,5588283.767902,2301539.5963575477,random2_k9,9,0.15180515735720512
cleanStatic,calibration,69,68.9903682,7,10,1724509205,1725009205,5588283.767902,2301539.5963575477,random3_k9,9,0.49925410624704003
cleanStatic,calibration,69,68.9903682,7,10,1724509205,1725009205,5588283.767902,2301539.5963575477,random4_k9,9,0.7116051434642584
cleanStatic,calibration,69,68.9903682,7,10,1724509205,1725009205,5588283.767902,2301539.5963575477,random5_k9,9,0.884631302215398
cleanStatic,calibration,69,68.9916534,8,13,1724541335,1725041335,5581660.593918,6231996.773920654,dense_two_source_glrt,187,0.028611524211176527
cleanStatic,calibration,69,68.9916534,8,13,1724541335,1725041335,5581660.593918,6231996.773920654,dense_one_source_residual,187,0.2888818796891067
cleanStatic,calibration,69,68.9916534,8,13,1724541335,1725041335,5581660.593918,6231996.773920654,raw_power_only,0,5581660.593918
cleanStatic,calibration,69,68.9916534,8,13,1724541335,1725041335,5581660.593918,6231996.773920654,analytic_sparse_k3,3,0.05008101036177395
cleanStatic,calibration,69,68.9916534,8,13,1724541335,1725041335,5581660.593918,6231996.773920654,uniform_k3,3,0.05501167076869621
cleanStatic,calibration,69,68.9916534,8,13,1724541335,1725041335,5581660.593918,6231996.773920654,shuffled_k3,3,0.27748306161172154
cleanStatic,calibration,69,68.9916534,8,13,1724541335,1725041335,5581660.593918,6231996.773920654,analytic_sparse_k5,5,0.11395389155246431
cleanStatic,calibration,69,68.9916534,8,13,1724541335,1725041335,5581660.593918,6231996.773920654,uniform_k5,5,0.09943323450576158
cleanStatic,calibration,69,68.9916534,8,13,1724541335,1725041335,5581660.593918,6231996.773920654,shuffled_k5,5,0.2865697348090585
cleanStatic,calibration,69,68.9916534,8,13,1724541335,1725041335,5581660.593918,6231996.773920654,analytic_sparse_k9,9,0.0937508284866954
cleanStatic,calibration,69,68.9916534,8,13,1724541335,1725041335,5581660.593918,6231996.773920654,uniform_k9,9,0.03253959128563685
cleanStatic,calibration,69,68.9916534,8,13,1724541335,1725041335,5581660.593918,6231996.773920654,shuffled_k9,9,0.09687007234757207
cleanStatic,calibration,69,68.9916534,8,13,1724541335,1725041335,5581660.593918,6231996.773920654,ai_sparse_k3,3,0.1599528252976464
cleanStatic,calibration,69,68.9916534,8,13,1724541335,1725041335,5581660.593918,6231996.773920654,pg_scc_k3,3,0.08295194903692643
cleanStatic,calibration,69,68.9916534,8,13,1724541335,1725041335,5581660.593918,6231996.773920654,ai_sparse_k5,5,0.11221902759928618
cleanStatic,calibration,69,68.9916534,8,13,1724541335,1725041335,5581660.593918,6231996.773920654,pg_scc_k5,5,0.12165476767168715
cleanStatic,calibration,69,68.9916534,8,13,1724541335,1725041335,5581660.593918,6231996.773920654,ai_sparse_k9,9,0.04603048604015346
cleanStatic,calibration,69,68.9916534,8,13,1724541335,1725041335,5581660.593918,6231996.773920654,pg_scc_k9,9,0.16511186100388903
cleanStatic,calibration,69,68.9916534,8,13,1724541335,1725041335,5581660.593918,6231996.773920654,epl3,3,0.16754688101869597
cleanStatic,calibration,69,68.9916534,8,13,1724541335,1725041335,5581660.593918,6231996.773920654,fixed9,9,0.05262414344329944
cleanStatic,calibration,69,68.9916534,8,13,1724541335,1725041335,5581660.593918,6231996.773920654,random1_k3,3,0.10335521916263561
cleanStatic,calibration,69,68.9916534,8,13,1724541335,1725041335,5581660.593918,6231996.773920654,random2_k3,3,0.1083733550013425
cleanStatic,calibration,69,68.9916534,8,13,1724541335,1725041335,5581660.593918,6231996.773920654,random3_k3,3,0.1603125002953082
cleanStatic,calibration,69,68.9916534,8,13,1724541335,1725041335,5581660.593918,6231996.773920654,random4_k3,3,0.022931038607813575
cleanStatic,calibration,69,68.9916534,8,13,1724541335,1725041335,5581660.593918,6231996.773920654,random5_k3,3,0.08317303756604984
cleanStatic,calibration,69,68.9916534,8,13,1724541335,1725041335,5581660.593918,6231996.773920654,random1_k5,5,0.06322966298637722
cleanStatic,calibration,69,68.9916534,8,13,1724541335,1725041335,5581660.593918,6231996.773920654,random2_k5,5,0.0927856772712107
cleanStatic,calibration,69,68.9916534,8,13,1724541335,1725041335,5581660.593918,6231996.773920654,random3_k5,5,0.23303300734711146
cleanStatic,calibration,69,68.9916534,8,13,1724541335,1725041335,5581660.593918,6231996.773920654,random4_k5,5,0.11759143642748009
cleanStatic,calibration,69,68.9916534,8,13,1724541335,1725041335,5581660.593918,6231996.773920654,random5_k5,5,0.0810855820769246
cleanStatic,calibration,69,68.9916534,8,13,1724541335,1725041335,5581660.593918,6231996.773920654,random1_k9,9,0.06083354280928672
cleanStatic,calibration,69,68.9916534,8,13,1724541335,1725041335,5581660.593918,6231996.773920654,random2_k9,9,0.030513377704740705
cleanStatic,calibration,69,68.9916534,8,13,1724541335,1725041335,5581660.593918,6231996.773920654,random3_k9,9,0.04852081098075965
cleanStatic,calibration,69,68.9916534,8,13,1724541335,1725041335,5581660.593918,6231996.773920654,random4_k9,9,0.040751393378037605
cleanStatic,calibration,69,68.9916534,8,13,1724541335,1725041335,5581660.593918,6231996.773920654,random5_k9,9,0.12032631116552407
cleanStatic,calibration,69,69.00748076,9,19,1724937019,1725437019,5574119.564188001,4332176.306490112,dense_two_source_glrt,187,0.09636063138724145
cleanStatic,calibration,69,69.00748076,9,19,1724937019,1725437019,5574119.564188001,4332176.306490112,dense_one_source_residual,187,0.4111170368342816
cleanStatic,calibration,69,69.00748076,9,19,1724937019,1725437019,5574119.564188001,4332176.306490112,raw_power_only,0,5574119.564188001
cleanStatic,calibration,69,69.00748076,9,19,1724937019,1725437019,5574119.564188001,4332176.306490112,analytic_sparse_k3,3,0.3216415097694356
cleanStatic,calibration,69,69.00748076,9,19,1724937019,1725437019,5574119.564188001,4332176.306490112,uniform_k3,3,0.04489030229249428
cleanStatic,calibration,69,69.00748076,9,19,1724937019,1725437019,5574119.564188001,4332176.306490112,shuffled_k3,3,0.19669822598446732
cleanStatic,calibration,69,69.00748076,9,19,1724937019,1725437019,5574119.564188001,4332176.306490112,analytic_sparse_k5,5,0.29371310689133306
cleanStatic,calibration,69,69.00748076,9,19,1724937019,1725437019,5574119.564188001,4332176.306490112,uniform_k5,5,0.15060993890161695
cleanStatic,calibration,69,69.00748076,9,19,1724937019,1725437019,5574119.564188001,4332176.306490112,shuffled_k5,5,0.19822548356279093
cleanStatic,calibration,69,69.00748076,9,19,1724937019,1725437019,5574119.564188001,4332176.306490112,analytic_sparse_k9,9,0.1948904477689744
cleanStatic,calibration,69,69.00748076,9,19,1724937019,1725437019,5574119.564188001,4332176.306490112,uniform_k9,9,0.052104022873639404
cleanStatic,calibration,69,69.00748076,9,19,1724937019,1725437019,5574119.564188001,4332176.306490112,shuffled_k9,9,0.06916219969073757
cleanStatic,calibration,69,69.00748076,9,19,1724937019,1725437019,5574119.564188001,4332176.306490112,ai_sparse_k3,3,0.12058747343459504
cleanStatic,calibration,69,69.00748076,9,19,1724937019,1725437019,5574119.564188001,4332176.306490112,pg_scc_k3,3,0.1374939016949074
cleanStatic,calibration,69,69.00748076,9,19,1724937019,1725437019,5574119.564188001,4332176.306490112,ai_sparse_k5,5,0.0537627910845627
cleanStatic,calibration,69,69.00748076,9,19,1724937019,1725437019,5574119.564188001,4332176.306490112,pg_scc_k5,5,0.14290899953683173
cleanStatic,calibration,69,69.00748076,9,19,1724937019,1725437019,5574119.564188001,4332176.306490112,ai_sparse_k9,9,0.12271627818547051
cleanStatic,calibration,69,69.00748076,9,19,1724937019,1725437019,5574119.564188001,4332176.306490112,pg_scc_k9,9,0.2130126979385644
cleanStatic,calibration,69,69.00748076,9,19,1724937019,1725437019,5574119.564188001,4332176.306490112,epl3,3,0.16221683641235238
cleanStatic,calibration,69,69.00748076,9,19,1724937019,1725437019,5574119.564188001,4332176.306490112,fixed9,9,0.11268739767647966
cleanStatic,calibration,69,69.00748076,9,19,1724937019,1725437019,5574119.564188001,4332176.306490112,random1_k3,3,0.19766742841876872
cleanStatic,calibration,69,69.00748076,9,19,1724937019,1725437019,5574119.564188001,4332176.306490112,random2_k3,3,0.42067092838553105
cleanStatic,calibration,69,69.00748076,9,19,1724937019,1725437019,5574119.564188001,4332176.306490112,random3_k3,3,0.053493368487955474
cleanStatic,calibration,69,69.00748076,9,19,1724937019,1725437019,5574119.564188001,4332176.306490112,random4_k3,3,0.08902257363743375
cleanStatic,calibration,69,69.00748076,9,19,1724937019,1725437019,5574119.564188001,4332176.306490112,random5_k3,3,0.4206559134084458
cleanStatic,calibration,69,69.00748076,9,19,1724937019,1725437019,5574119.564188001,4332176.306490112,random1_k5,5,0.06581620923865435
cleanStatic,calibration,69,69.00748076,9,19,1724937019,1725437019,5574119.564188001,4332176.306490112,random2_k5,5,0.06964686569235665
cleanStatic,calibration,69,69.00748076,9,19,1724937019,1725437019,5574119.564188001,4332176.306490112,random3_k5,5,0.0745987714786543
cleanStatic,calibration,69,69.00748076,9,19,1724937019,1725437019,5574119.564188001,4332176.306490112,random4_k5,5,0.046888799831774554
cleanStatic,calibration,69,69.00748076,9,19,1724937019,1725437019,5574119.564188001,4332176.306490112,random5_k5,5,0.3006955837430264
cleanStatic,calibration,69,69.00748076,9,19,1724937019,1725437019,5574119.564188001,4332176.306490112,random1_k9,9,0.04901650997152185
cleanStatic,calibration,69,69.00748076,9,19,1724937019,1725437019,5574119.564188001,4332176.306490112,random2_k9,9,0.22681006953768457
cleanStatic,calibration,69,69.00748076,9,19,1724937019,1725437019,5574119.564188001,4332176.306490112,random3_k9,9,0.29752732788553843
cleanStatic,calibration,69,69.00748076,9,19,1724937019,1725437019,5574119.564188001,4332176.306490112,random4_k9,9,0.2518679579326637
cleanStatic,calibration,69,69.00748076,9,19,1724937019,1725437019,5574119.564188001,4332176.306490112,random5_k9,9,0.10212021933639621
cleanStatic,calibration,69,68.99062064,10,23,1724515516,1725015516,5586760.08233,6500541.65574546,dense_two_source_glrt,187,0.01455831640882379
cleanStatic,calibration,69,68.99062064,10,23,1724515516,1725015516,5586760.08233,6500541.65574546,dense_one_source_residual,187,0.16381486271205592
cleanStatic,calibration,69,68.99062064,10,23,1724515516,1725015516,5586760.08233,6500541.65574546,raw_power_only,0,5586760.08233
cleanStatic,calibration,69,68.99062064,10,23,1724515516,1725015516,5586760.08233,6500541.65574546,analytic_sparse_k3,3,0.03536953936196604
cleanStatic,calibration,69,68.99062064,10,23,1724515516,1725015516,5586760.08233,6500541.65574546,uniform_k3,3,0.14461351964876498
cleanStatic,calibration,69,68.99062064,10,23,1724515516,1725015516,5586760.08233,6500541.65574546,shuffled_k3,3,0.15326039052517618
cleanStatic,calibration,69,68.99062064,10,23,1724515516,1725015516,5586760.08233,6500541.65574546,analytic_sparse_k5,5,0.04765134644880923
cleanStatic,calibration,69,68.99062064,10,23,1724515516,1725015516,5586760.08233,6500541.65574546,uniform_k5,5,0.09049305779197299
cleanStatic,calibration,69,68.99062064,10,23,1724515516,1725015516,5586760.08233,6500541.65574546,shuffled_k5,5,0.025378492330179768
cleanStatic,calibration,69,68.99062064,10,23,1724515516,1725015516,5586760.08233,6500541.65574546,analytic_sparse_k9,9,0.042620349059038
cleanStatic,calibration,69,68.99062064,10,23,1724515516,1725015516,5586760.08233,6500541.65574546,uniform_k9,9,0.02788059294249074
cleanStatic,calibration,69,68.99062064,10,23,1724515516,1725015516,5586760.08233,6500541.65574546,shuffled_k9,9,0.04028783550335029
cleanStatic,calibration,69,68.99062064,10,23,1724515516,1725015516,5586760.08233,6500541.65574546,ai_sparse_k3,3,0.07703644294971305
cleanStatic,calibration,69,68.99062064,10,23,1724515516,1725015516,5586760.08233,6500541.65574546,pg_scc_k3,3,0.04511825067107313
cleanStatic,calibration,69,68.99062064,10,23,1724515516,1725015516,5586760.08233,6500541.65574546,ai_sparse_k5,5,0.014701884791714137
cleanStatic,calibration,69,68.99062064,10,23,1724515516,1725015516,5586760.08233,6500541.65574546,pg_scc_k5,5,0.04299984682559534
cleanStatic,calibration,69,68.99062064,10,23,1724515516,1725015516,5586760.08233,6500541.65574546,ai_sparse_k9,9,0.050452567331199134
cleanStatic,calibration,69,68.99062064,10,23,1724515516,1725015516,5586760.08233,6500541.65574546,pg_scc_k9,9,0.030663729460582118
cleanStatic,calibration,69,68.99062064,10,23,1724515516,1725015516,5586760.08233,6500541.65574546,epl3,3,0.09067151348952557
cleanStatic,calibration,69,68.99062064,10,23,1724515516,1725015516,5586760.08233,6500541.65574546,fixed9,9,0.039771752140397215
cleanStatic,calibration,69,68.99062064,10,23,1724515516,1725015516,5586760.08233,6500541.65574546,random1_k3,3,0.3079368056330559
cleanStatic,calibration,69,68.99062064,10,23,1724515516,1725015516,5586760.08233,6500541.65574546,random2_k3,3,0.07768490244193353
cleanStatic,calibration,69,68.99062064,10,23,1724515516,1725015516,5586760.08233,6500541.65574546,random3_k3,3,0.10977881920578185
cleanStatic,calibration,69,68.99062064,10,23,1724515516,1725015516,5586760.08233,6500541.65574546,random4_k3,3,0.08149879272759035
cleanStatic,calibration,69,68.99062064,10,23,1724515516,1725015516,5586760.08233,6500541.65574546,random5_k3,3,0.061896748238674186
cleanStatic,calibration,69,68.99062064,10,23,1724515516,1725015516,5586760.08233,6500541.65574546,random1_k5,5,0.041096028802133214
cleanStatic,calibration,69,68.99062064,10,23,1724515516,1725015516,5586760.08233,6500541.65574546,random2_k5,5,0.058269381869331095
cleanStatic,calibration,69,68.99062064,10,23,1724515516,1725015516,5586760.08233,6500541.65574546,random3_k5,5,0.034286424128898305
cleanStatic,calibration,69,68.99062064,10,23,1724515516,1725015516,5586760.08233,6500541.65574546,random4_k5,5,0.05191404492719272
cleanStatic,calibration,69,68.99062064,10,23,1724515516,1725015516,5586760.08233,6500541.65574546,random5_k5,5,0.05042621843178696
cleanStatic,calibration,69,68.99062064,10,23,1724515516,1725015516,5586760.08233,6500541.65574546,random1_k9,9,0.03606790114635469
cleanStatic,calibration,69,68.99062064,10,23,1724515516,1725015516,5586760.08233,6500541.65574546,random2_k9,9,0.00875916025185434
cleanStatic,calibration,69,68.99062064,10,23,1724515516,1725015516,5586760.08233,6500541.65574546,random3_k9,9,0.035999388351722596
cleanStatic,calibration,69,68.99062064,10,23,1724515516,1725015516,5586760.08233,6500541.65574546,random4_k9,9,0.07575187101332069
cleanStatic,calibration,69,68.99062064,10,23,1724515516,1725015516,5586760.08233,6500541.65574546,random5_k9,9,0.08345916328164679
cleanStatic,calibration,70,70.0023278,0,16,1749808195,1750308195,5568105.617842,4882280.581237879,dense_two_source_glrt,187,0.16327450308482835
cleanStatic,calibration,70,70.0023278,0,16,1749808195,1750308195,5568105.617842,4882280.581237879,dense_one_source_residual,187,1.0205261638333547
cleanStatic,calibration,70,70.0023278,0,16,1749808195,1750308195,5568105.617842,4882280.581237879,raw_power_only,0,5568105.617842
cleanStatic,calibration,70,70.0023278,0,16,1749808195,1750308195,5568105.617842,4882280.581237879,analytic_sparse_k3,3,0.04497839274239177
cleanStatic,calibration,70,70.0023278,0,16,1749808195,1750308195,5568105.617842,4882280.581237879,uniform_k3,3,0.28909655658985933
cleanStatic,calibration,70,70.0023278,0,16,1749808195,1750308195,5568105.617842,4882280.581237879,shuffled_k3,3,0.176871770902527
cleanStatic,calibration,70,70.0023278,0,16,1749808195,1750308195,5568105.617842,4882280.581237879,analytic_sparse_k5,5,0.267449183357687
cleanStatic,calibration,70,70.0023278,0,16,1749808195,1750308195,5568105.617842,4882280.581237879,uniform_k5,5,0.3732794050441566
cleanStatic,calibration,70,70.0023278,0,16,1749808195,1750308195,5568105.617842,4882280.581237879,shuffled_k5,5,0.11194783501635634
cleanStatic,calibration,70,70.0023278,0,16,1749808195,1750308195,5568105.617842,4882280.581237879,analytic_sparse_k9,9,0.26654151905330387
cleanStatic,calibration,70,70.0023278,0,16,1749808195,1750308195,5568105.617842,4882280.581237879,uniform_k9,9,0.10202433693082419
cleanStatic,calibration,70,70.0023278,0,16,1749808195,1750308195,5568105.617842,4882280.581237879,shuffled_k9,9,0.4629615768852385
cleanStatic,calibration,70,70.0023278,0,16,1749808195,1750308195,5568105.617842,4882280.581237879,ai_sparse_k3,3,1.0813257930506006
cleanStatic,calibration,70,70.0023278,0,16,1749808195,1750308195,5568105.617842,4882280.581237879,pg_scc_k3,3,0.9714601811205835
cleanStatic,calibration,70,70.0023278,0,16,1749808195,1750308195,5568105.617842,4882280.581237879,ai_sparse_k5,5,0.9072179818489825
cleanStatic,calibration,70,70.0023278,0,16,1749808195,1750308195,5568105.617842,4882280.581237879,pg_scc_k5,5,0.1779013634875956
cleanStatic,calibration,70,70.0023278,0,16,1749808195,1750308195,5568105.617842,4882280.581237879,ai_sparse_k9,9,0.7802763359574109
cleanStatic,calibration,70,70.0023278,0,16,1749808195,1750308195,5568105.617842,4882280.581237879,pg_scc_k9,9,0.16043902008435829
cleanStatic,calibration,70,70.0023278,0,16,1749808195,1750308195,5568105.617842,4882280.581237879,epl3,3,0.6353679803809414
cleanStatic,calibration,70,70.0023278,0,16,1749808195,1750308195,5568105.617842,4882280.581237879,fixed9,9,0.8425605215455844
cleanStatic,calibration,70,70.0023278,0,16,1749808195,1750308195,5568105.617842,4882280.581237879,random1_k3,3,0.5203705030395414
cleanStatic,calibration,70,70.0023278,0,16,1749808195,1750308195,5568105.617842,4882280.581237879,random2_k3,3,0.5091383177057182
cleanStatic,calibration,70,70.0023278,0,16,1749808195,1750308195,5568105.617842,4882280.581237879,random3_k3,3,1.2738273970041873
cleanStatic,calibration,70,70.0023278,0,16,1749808195,1750308195,5568105.617842,4882280.581237879,random4_k3,3,0.43353935852511927
cleanStatic,calibration,70,70.0023278,0,16,1749808195,1750308195,5568105.617842,4882280.581237879,random5_k3,3,0.22190774552069895
cleanStatic,calibration,70,70.0023278,0,16,1749808195,1750308195,5568105.617842,4882280.581237879,random1_k5,5,0.43807866751657476
cleanStatic,calibration,70,70.0023278,0,16,1749808195,1750308195,5568105.617842,4882280.581237879,random2_k5,5,0.1770561568055488
cleanStatic,calibration,70,70.0023278,0,16,1749808195,1750308195,5568105.617842,4882280.581237879,random3_k5,5,0.3024249968075856
cleanStatic,calibration,70,70.0023278,0,16,1749808195,1750308195,5568105.617842,4882280.581237879,random4_k5,5,0.621731742384527
cleanStatic,calibration,70,70.0023278,0,16,1749808195,1750308195,5568105.617842,4882280.581237879,random5_k5,5,0.44626354558656445
cleanStatic,calibration,70,70.0023278,0,16,1749808195,1750308195,5568105.617842,4882280.581237879,random1_k9,9,0.5091573475057873
cleanStatic,calibration,70,70.0023278,0,16,1749808195,1750308195,5568105.617842,4882280.581237879,random2_k9,9,0.22144680408476317
cleanStatic,calibration,70,70.0023278,0,16,1749808195,1750308195,5568105.617842,4882280.581237879,random3_k9,9,0.6668402131844419
cleanStatic,calibration,70,70.0023278,0,16,1749808195,1750308195,5568105.617842,4882280.581237879,random4_k9,9,0.6610988780639946
cleanStatic,calibration,70,70.0023278,0,16,1749808195,1750308195,5568105.617842,4882280.581237879,random5_k9,9,0.5658186050846147
cleanStatic,calibration,70,69.99053548,2,3,1749513387,1750013387,5579674.648582001,5943063.703002185,dense_two_source_glrt,187,0.14271575559151709
cleanStatic,calibration,70,69.99053548,2,3,1749513387,1750013387,5579674.648582001,5943063.703002185,dense_one_source_residual,187,0.5125082054444247
cleanStatic,calibration,70,69.99053548,2,3,1749513387,1750013387,5579674.648582001,5943063.703002185,raw_power_only,0,5579674.648582001
cleanStatic,calibration,70,69.99053548,2,3,1749513387,1750013387,5579674.648582001,5943063.703002185,analytic_sparse_k3,3,0.04750533147244936
cleanStatic,calibration,70,69.99053548,2,3,1749513387,1750013387,5579674.648582001,5943063.703002185,uniform_k3,3,0.3292407940581867
cleanStatic,calibration,70,69.99053548,2,3,1749513387,1750013387,5579674.648582001,5943063.703002185,shuffled_k3,3,0.2525188670650908
cleanStatic,calibration,70,69.99053548,2,3,1749513387,1750013387,5579674.648582001,5943063.703002185,analytic_sparse_k5,5,0.20299276071020061
cleanStatic,calibration,70,69.99053548,2,3,1749513387,1750013387,5579674.648582001,5943063.703002185,uniform_k5,5,0.08970645044227843
cleanStatic,calibration,70,69.99053548,2,3,1749513387,1750013387,5579674.648582001,5943063.703002185,shuffled_k5,5,0.22730868219053918
cleanStatic,calibration,70,69.99053548,2,3,1749513387,1750013387,5579674.648582001,5943063.703002185,analytic_sparse_k9,9,0.10819389414526863
cleanStatic,calibration,70,69.99053548,2,3,1749513387,1750013387,5579674.648582001,5943063.703002185,uniform_k9,9,0.025864079759216847
cleanStatic,calibration,70,69.99053548,2,3,1749513387,1750013387,5579674.648582001,5943063.703002185,shuffled_k9,9,0.3034543751169556
cleanStatic,calibration,70,69.99053548,2,3,1749513387,1750013387,5579674.648582001,5943063.703002185,ai_sparse_k3,3,0.43130068597163723
cleanStatic,calibration,70,69.99053548,2,3,1749513387,1750013387,5579674.648582001,5943063.703002185,pg_scc_k3,3,0.11040467354193768
cleanStatic,calibration,70,69.99053548,2,3,1749513387,1750013387,5579674.648582001,5943063.703002185,ai_sparse_k5,5,0.6343369332020423
cleanStatic,calibration,70,69.99053548,2,3,1749513387,1750013387,5579674.648582001,5943063.703002185,pg_scc_k5,5,0.1678730244962245
cleanStatic,calibration,70,69.99053548,2,3,1749513387,1750013387,5579674.648582001,5943063.703002185,ai_sparse_k9,9,0.2899041508364605
cleanStatic,calibration,70,69.99053548,2,3,1749513387,1750013387,5579674.648582001,5943063.703002185,pg_scc_k9,9,0.1119067943057013
cleanStatic,calibration,70,69.99053548,2,3,1749513387,1750013387,5579674.648582001,5943063.703002185,epl3,3,0.44455899158921736
cleanStatic,calibration,70,69.99053548,2,3,1749513387,1750013387,5579674.648582001,5943063.703002185,fixed9,9,0.34682201832333653
cleanStatic,calibration,70,69.99053548,2,3,1749513387,1750013387,5579674.648582001,5943063.703002185,random1_k3,3,0.3315042968543315
cleanStatic,calibration,70,69.99053548,2,3,1749513387,1750013387,5579674.648582001,5943063.703002185,random2_k3,3,0.24731570144023593
cleanStatic,calibration,70,69.99053548,2,3,1749513387,1750013387,5579674.648582001,5943063.703002185,random3_k3,3,0.19549627962978264
cleanStatic,calibration,70,69.99053548,2,3,1749513387,1750013387,5579674.648582001,5943063.703002185,random4_k3,3,0.3069154555939318
cleanStatic,calibration,70,69.99053548,2,3,1749513387,1750013387,5579674.648582001,5943063.703002185,random5_k3,3,0.18306931611879498
cleanStatic,calibration,70,69.99053548,2,3,1749513387,1750013387,5579674.648582001,5943063.703002185,random1_k5,5,0.25331597157505575
cleanStatic,calibration,70,69.99053548,2,3,1749513387,1750013387,5579674.648582001,5943063.703002185,random2_k5,5,0.11858688220675402
cleanStatic,calibration,70,69.99053548,2,3,1749513387,1750013387,5579674.648582001,5943063.703002185,random3_k5,5,0.3003021958396439
cleanStatic,calibration,70,69.99053548,2,3,1749513387,1750013387,5579674.648582001,5943063.703002185,random4_k5,5,0.15123826735159346
cleanStatic,calibration,70,69.99053548,2,3,1749513387,1750013387,5579674.648582001,5943063.703002185,random5_k5,5,0.3238656774142691
cleanStatic,calibration,70,69.99053548,2,3,1749513387,1750013387,5579674.648582001,5943063.703002185,random1_k9,9,0.5186722179078408
cleanStatic,calibration,70,69.99053548,2,3,1749513387,1750013387,5579674.648582001,5943063.703002185,random2_k9,9,0.08355276474661805
cleanStatic,calibration,70,69.99053548,2,3,1749513387,1750013387,5579674.648582001,5943063.703002185,random3_k9,9,0.26984452746082216
cleanStatic,calibration,70,69.99053548,2,3,1749513387,1750013387,5579674.648582001,5943063.703002185,random4_k9,9,0.22649662942471466
cleanStatic,calibration,70,69.99053548,2,3,1749513387,1750013387,5579674.648582001,5943063.703002185,random5_k9,9,0.1787987922621934
cleanStatic,calibration,70,69.99137752,3,20,1749534438,1750034438,5579268.988001999,2458613.142834276,dense_two_source_glrt,187,0.05648465504317501
cleanStatic,calibration,70,69.99137752,3,20,1749534438,1750034438,5579268.988001999,2458613.142834276,dense_one_source_residual,187,1.317425058010078
cleanStatic,calibration,70,69.99137752,3,20,1749534438,1750034438,5579268.988001999,2458613.142834276,raw_power_only,0,5579268.988001999
cleanStatic,calibration,70,69.99137752,3,20,1749534438,1750034438,5579268.988001999,2458613.142834276,analytic_sparse_k3,3,0.18486805818932764
cleanStatic,calibration,70,69.99137752,3,20,1749534438,1750034438,5579268.988001999,2458613.142834276,uniform_k3,3,1.3517338592695272
cleanStatic,calibration,70,69.99137752,3,20,1749534438,1750034438,5579268.988001999,2458613.142834276,shuffled_k3,3,0.7668453879623368
cleanStatic,calibration,70,69.99137752,3,20,1749534438,1750034438,5579268.988001999,2458613.142834276,analytic_sparse_k5,5,0.23011599464468055
cleanStatic,calibration,70,69.99137752,3,20,1749534438,1750034438,5579268.988001999,2458613.142834276,uniform_k5,5,0.15965755424081998
cleanStatic,calibration,70,69.99137752,3,20,1749534438,1750034438,5579268.988001999,2458613.142834276,shuffled_k5,5,0.48296456969142365
cleanStatic,calibration,70,69.99137752,3,20,1749534438,1750034438,5579268.988001999,2458613.142834276,analytic_sparse_k9,9,0.23214073911774838
cleanStatic,calibration,70,69.99137752,3,20,1749534438,1750034438,5579268.988001999,2458613.142834276,uniform_k9,9,0.10577486873023151
cleanStatic,calibration,70,69.99137752,3,20,1749534438,1750034438,5579268.988001999,2458613.142834276,shuffled_k9,9,0.31788154828859344
cleanStatic,calibration,70,69.99137752,3,20,1749534438,1750034438,5579268.988001999,2458613.142834276,ai_sparse_k3,3,0.19774129034086885
cleanStatic,calibration,70,69.99137752,3,20,1749534438,1750034438,5579268.988001999,2458613.142834276,pg_scc_k3,3,0.7114778293791669
cleanStatic,calibration,70,69.99137752,3,20,1749534438,1750034438,5579268.988001999,2458613.142834276,ai_sparse_k5,5,0.5905176864716117
cleanStatic,calibration,70,69.99137752,3,20,1749534438,1750034438,5579268.988001999,2458613.142834276,pg_scc_k5,5,0.10163239074777337
cleanStatic,calibration,70,69.99137752,3,20,1749534438,1750034438,5579268.988001999,2458613.142834276,ai_sparse_k9,9,0.487484146298783
cleanStatic,calibration,70,69.99137752,3,20,1749534438,1750034438,5579268.988001999,2458613.142834276,pg_scc_k9,9,0.11278238395595291
cleanStatic,calibration,70,69.99137752,3,20,1749534438,1750034438,5579268.988001999,2458613.142834276,epl3,3,1.0523478204719632
cleanStatic,calibration,70,69.99137752,3,20,1749534438,1750034438,5579268.988001999,2458613.142834276,fixed9,9,0.8576954751865955
cleanStatic,calibration,70,69.99137752,3,20,1749534438,1750034438,5579268.988001999,2458613.142834276,random1_k3,3,0.4948962311626873
cleanStatic,calibration,70,69.99137752,3,20,1749534438,1750034438,5579268.988001999,2458613.142834276,random2_k3,3,1.0227182270846304
cleanStatic,calibration,70,69.99137752,3,20,1749534438,1750034438,5579268.988001999,2458613.142834276,random3_k3,3,1.3987390707558653
cleanStatic,calibration,70,69.99137752,3,20,1749534438,1750034438,5579268.988001999,2458613.142834276,random4_k3,3,0.7502255782235171
cleanStatic,calibration,70,69.99137752,3,20,1749534438,1750034438,5579268.988001999,2458613.142834276,random5_k3,3,0.27744457018463353
cleanStatic,calibration,70,69.99137752,3,20,1749534438,1750034438,5579268.988001999,2458613.142834276,random1_k5,5,0.43805408470657375
cleanStatic,calibration,70,69.99137752,3,20,1749534438,1750034438,5579268.988001999,2458613.142834276,random2_k5,5,0.22588812251965304
cleanStatic,calibration,70,69.99137752,3,20,1749534438,1750034438,5579268.988001999,2458613.142834276,random3_k5,5,0.7622007235972804
cleanStatic,calibration,70,69.99137752,3,20,1749534438,1750034438,5579268.988001999,2458613.142834276,random4_k5,5,0.7643018745019117
cleanStatic,calibration,70,69.99137752,3,20,1749534438,1750034438,5579268.988001999,2458613.142834276,random5_k5,5,0.6603106078483609
cleanStatic,calibration,70,69.99137752,3,20,1749534438,1750034438,5579268.988001999,2458613.142834276,random1_k9,9,0.3936867742563941
cleanStatic,calibration,70,69.99137752,3,20,1749534438,1750034438,5579268.988001999,2458613.142834276,random2_k9,9,0.17589436215196694
cleanStatic,calibration,70,69.99137752,3,20,1749534438,1750034438,5579268.988001999,2458613.142834276,random3_k9,9,0.1872138950444761
cleanStatic,calibration,70,69.99137752,3,20,1749534438,1750034438,5579268.988001999,2458613.142834276,random4_k9,9,0.20663944496632386
cleanStatic,calibration,70,69.99137752,3,20,1749534438,1750034438,5579268.988001999,2458613.142834276,random5_k9,9,0.47535590680981965
cleanStatic,calibration,70,70.02069084,4,30,1750267271,1750767271,5546675.661247999,2237131.913073885,dense_two_source_glrt,187,0.41960415146019175
cleanStatic,calibration,70,70.02069084,4,30,1750267271,1750767271,5546675.661247999,2237131.913073885,dense_one_source_residual,187,1.5205786736728277
cleanStatic,calibration,70,70.02069084,4,30,1750267271,1750767271,5546675.661247999,2237131.913073885,raw_power_only,0,5546675.661247999
cleanStatic,calibration,70,70.02069084,4,30,1750267271,1750767271,5546675.661247999,2237131.913073885,analytic_sparse_k3,3,0.44522364262485764
cleanStatic,calibration,70,70.02069084,4,30,1750267271,1750767271,5546675.661247999,2237131.913073885,uniform_k3,3,0.5980968168052886
cleanStatic,calibration,70,70.02069084,4,30,1750267271,1750767271,5546675.661247999,2237131.913073885,shuffled_k3,3,1.423414786899342
cleanStatic,calibration,70,70.02069084,4,30,1750267271,1750767271,5546675.661247999,2237131.913073885,analytic_sparse_k5,5,0.5443252608400448
cleanStatic,calibration,70,70.02069084,4,30,1750267271,1750767271,5546675.661247999,2237131.913073885,uniform_k5,5,0.6172578627570076
cleanStatic,calibration,70,70.02069084,4,30,1750267271,1750767271,5546675.661247999,2237131.913073885,shuffled_k5,5,1.5931516931099519
cleanStatic,calibration,70,70.02069084,4,30,1750267271,1750767271,5546675.661247999,2237131.913073885,analytic_sparse_k9,9,0.3110344364187966
cleanStatic,calibration,70,70.02069084,4,30,1750267271,1750767271,5546675.661247999,2237131.913073885,uniform_k9,9,0.7060582956012187
cleanStatic,calibration,70,70.02069084,4,30,1750267271,1750767271,5546675.661247999,2237131.913073885,shuffled_k9,9,0.2626667443521197
cleanStatic,calibration,70,70.02069084,4,30,1750267271,1750767271,5546675.661247999,2237131.913073885,ai_sparse_k3,3,0.9921886213190003
cleanStatic,calibration,70,70.02069084,4,30,1750267271,1750767271,5546675.661247999,2237131.913073885,pg_scc_k3,3,0.6214941750031454
cleanStatic,calibration,70,70.02069084,4,30,1750267271,1750767271,5546675.661247999,2237131.913073885,ai_sparse_k5,5,0.9605992487389778
cleanStatic,calibration,70,70.02069084,4,30,1750267271,1750767271,5546675.661247999,2237131.913073885,pg_scc_k5,5,0.6101633930725467
cleanStatic,calibration,70,70.02069084,4,30,1750267271,1750767271,5546675.661247999,2237131.913073885,ai_sparse_k9,9,0.28842841208507625
cleanStatic,calibration,70,70.02069084,4,30,1750267271,1750767271,5546675.661247999,2237131.913073885,pg_scc_k9,9,0.5404904977640145
cleanStatic,calibration,70,70.02069084,4,30,1750267271,1750767271,5546675.661247999,2237131.913073885,epl3,3,1.2781329682750977
cleanStatic,calibration,70,70.02069084,4,30,1750267271,1750767271,5546675.661247999,2237131.913073885,fixed9,9,0.3220792094238638
cleanStatic,calibration,70,70.02069084,4,30,1750267271,1750767271,5546675.661247999,2237131.913073885,random1_k3,3,1.1128619075084816
cleanStatic,calibration,70,70.02069084,4,30,1750267271,1750767271,5546675.661247999,2237131.913073885,random2_k3,3,0.9466503098742592
cleanStatic,calibration,70,70.02069084,4,30,1750267271,1750767271,5546675.661247999,2237131.913073885,random3_k3,3,0.9720077181645784
cleanStatic,calibration,70,70.02069084,4,30,1750267271,1750767271,5546675.661247999,2237131.913073885,random4_k3,3,0.48488917444048796
cleanStatic,calibration,70,70.02069084,4,30,1750267271,1750767271,5546675.661247999,2237131.913073885,random5_k3,3,0.23126698120523204
cleanStatic,calibration,70,70.02069084,4,30,1750267271,1750767271,5546675.661247999,2237131.913073885,random1_k5,5,1.381819807425593
cleanStatic,calibration,70,70.02069084,4,30,1750267271,1750767271,5546675.661247999,2237131.913073885,random2_k5,5,1.2344994265670968
cleanStatic,calibration,70,70.02069084,4,30,1750267271,1750767271,5546675.661247999,2237131.913073885,random3_k5,5,1.3139813983076702
cleanStatic,calibration,70,70.02069084,4,30,1750267271,1750767271,5546675.661247999,2237131.913073885,random4_k5,5,1.2392080706787831
cleanStatic,calibration,70,70.02069084,4,30,1750267271,1750767271,5546675.661247999,2237131.913073885,random5_k5,5,0.17136733439510138
cleanStatic,calibration,70,70.02069084,4,30,1750267271,1750767271,5546675.661247999,2237131.913073885,random1_k9,9,1.2841930668243267
cleanStatic,calibration,70,70.02069084,4,30,1750267271,1750767271,5546675.661247999,2237131.913073885,random2_k9,9,0.5278980621495784
cleanStatic,calibration,70,70.02069084,4,30,1750267271,1750767271,5546675.661247999,2237131.913073885,random3_k9,9,0.17221418094046084
cleanStatic,calibration,70,70.02069084,4,30,1750267271,1750767271,5546675.661247999,2237131.913073885,random4_k9,9,0.08370599637338473
cleanStatic,calibration,70,70.02069084,4,30,1750267271,1750767271,5546675.661247999,2237131.913073885,random5_k9,9,0.2240058043003332
cleanStatic,calibration,70,69.9906652,5,6,1749516630,1750016630,5581047.073056,4442541.253501959,dense_two_source_glrt,187,0.05512878968197531
cleanStatic,calibration,70,69.9906652,5,6,1749516630,1750016630,5581047.073056,4442541.253501959,dense_one_source_residual,187,0.3456002856311605
cleanStatic,calibration,70,69.9906652,5,6,1749516630,1750016630,5581047.073056,4442541.253501959,raw_power_only,0,5581047.073056
cleanStatic,calibration,70,69.9906652,5,6,1749516630,1750016630,5581047.073056,4442541.253501959,analytic_sparse_k3,3,0.011898907731219729
cleanStatic,calibration,70,69.9906652,5,6,1749516630,1750016630,5581047.073056,4442541.253501959,uniform_k3,3,0.22211525771063348
cleanStatic,calibration,70,69.9906652,5,6,1749516630,1750016630,5581047.073056,4442541.253501959,shuffled_k3,3,0.08587635823470169
cleanStatic,calibration,70,69.9906652,5,6,1749516630,1750016630,5581047.073056,4442541.253501959,analytic_sparse_k5,5,0.013750307691503838
cleanStatic,calibration,70,69.9906652,5,6,1749516630,1750016630,5581047.073056,4442541.253501959,uniform_k5,5,0.1224320056451335
cleanStatic,calibration,70,69.9906652,5,6,1749516630,1750016630,5581047.073056,4442541.253501959,shuffled_k5,5,0.09769832802044415
cleanStatic,calibration,70,69.9906652,5,6,1749516630,1750016630,5581047.073056,4442541.253501959,analytic_sparse_k9,9,0.03652750758809585
cleanStatic,calibration,70,69.9906652,5,6,1749516630,1750016630,5581047.073056,4442541.253501959,uniform_k9,9,0.034142265910450345
cleanStatic,calibration,70,69.9906652,5,6,1749516630,1750016630,5581047.073056,4442541.253501959,shuffled_k9,9,0.1557883263196007
cleanStatic,calibration,70,69.9906652,5,6,1749516630,1750016630,5581047.073056,4442541.253501959,ai_sparse_k3,3,0.43834042695452435
cleanStatic,calibration,70,69.9906652,5,6,1749516630,1750016630,5581047.073056,4442541.253501959,pg_scc_k3,3,0.14807284183617037
cleanStatic,calibration,70,69.9906652,5,6,1749516630,1750016630,5581047.073056,4442541.253501959,ai_sparse_k5,5,0.6378240947513995
cleanStatic,calibration,70,69.9906652,5,6,1749516630,1750016630,5581047.073056,4442541.253501959,pg_scc_k5,5,0.17869843652742662
cleanStatic,calibration,70,69.9906652,5,6,1749516630,1750016630,5581047.073056,4442541.253501959,ai_sparse_k9,9,0.27133658461769067
cleanStatic,calibration,70,69.9906652,5,6,1749516630,1750016630,5581047.073056,4442541.253501959,pg_scc_k9,9,0.10118621521937089
cleanStatic,calibration,70,69.9906652,5,6,1749516630,1750016630,5581047.073056,4442541.253501959,epl3,3,0.19071575381567574
cleanStatic,calibration,70,69.9906652,5,6,1749516630,1750016630,5581047.073056,4442541.253501959,fixed9,9,0.10425087484809303
cleanStatic,calibration,70,69.9906652,5,6,1749516630,1750016630,5581047.073056,4442541.253501959,random1_k3,3,0.03648800912562782
cleanStatic,calibration,70,69.9906652,5,6,1749516630,1750016630,5581047.073056,4442541.253501959,random2_k3,3,0.1850486775640169
cleanStatic,calibration,70,69.9906652,5,6,1749516630,1750016630,5581047.073056,4442541.253501959,random3_k3,3,0.21022699398419864
cleanStatic,calibration,70,69.9906652,5,6,1749516630,1750016630,5581047.073056,4442541.253501959,random4_k3,3,0.14943121820222563
cleanStatic,calibration,70,69.9906652,5,6,1749516630,1750016630,5581047.073056,4442541.253501959,random5_k3,3,0.1973717923003859
cleanStatic,calibration,70,69.9906652,5,6,1749516630,1750016630,5581047.073056,4442541.253501959,random1_k5,5,0.09631977745854736
cleanStatic,calibration,70,69.9906652,5,6,1749516630,1750016630,5581047.073056,4442541.253501959,random2_k5,5,0.1820383909620653
cleanStatic,calibration,70,69.9906652,5,6,1749516630,1750016630,5581047.073056,4442541.253501959,random3_k5,5,0.19504366869016632
cleanStatic,calibration,70,69.9906652,5,6,1749516630,1750016630,5581047.073056,4442541.253501959,random4_k5,5,0.07243255465331129
cleanStatic,calibration,70,69.9906652,5,6,1749516630,1750016630,5581047.073056,4442541.253501959,random5_k5,5,0.10381432893369424
cleanStatic,calibration,70,69.9906652,5,6,1749516630,1750016630,5581047.073056,4442541.253501959,random1_k9,9,0.16952197420563694
cleanStatic,calibration,70,69.9906652,5,6,1749516630,1750016630,5581047.073056,4442541.253501959,random2_k9,9,0.03351726052927208
cleanStatic,calibration,70,69.9906652,5,6,1749516630,1750016630,5581047.073056,4442541.253501959,random3_k9,9,0.060037950566120574
cleanStatic,calibration,70,69.9906652,5,6,1749516630,1750016630,5581047.073056,4442541.253501959,random4_k9,9,0.10917026575041258
cleanStatic,calibration,70,69.9906652,5,6,1749516630,1750016630,5581047.073056,4442541.253501959,random5_k9,9,0.1711002660463271
cleanStatic,calibration,70,69.9971752,6,7,1749679380,1750179380,5577253.59999,4417605.989378298,dense_two_source_glrt,187,0.10380797765799525
cleanStatic,calibration,70,69.9971752,6,7,1749679380,1750179380,5577253.59999,4417605.989378298,dense_one_source_residual,187,0.8817461093427368
cleanStatic,calibration,70,69.9971752,6,7,1749679380,1750179380,5577253.59999,4417605.989378298,raw_power_only,0,5577253.59999
cleanStatic,calibration,70,69.9971752,6,7,1749679380,1750179380,5577253.59999,4417605.989378298,analytic_sparse_k3,3,0.5263565141358016
cleanStatic,calibration,70,69.9971752,6,7,1749679380,1750179380,5577253.59999,4417605.989378298,uniform_k3,3,1.549093172932109
cleanStatic,calibration,70,69.9971752,6,7,1749679380,1750179380,5577253.59999,4417605.989378298,shuffled_k3,3,0.3097846920347287
cleanStatic,calibration,70,69.9971752,6,7,1749679380,1750179380,5577253.59999,4417605.989378298,analytic_sparse_k5,5,0.46195987293239354
cleanStatic,calibration,70,69.9971752,6,7,1749679380,1750179380,5577253.59999,4417605.989378298,uniform_k5,5,1.0928956779617285
cleanStatic,calibration,70,69.9971752,6,7,1749679380,1750179380,5577253.59999,4417605.989378298,shuffled_k5,5,0.19606993478690332
cleanStatic,calibration,70,69.9971752,6,7,1749679380,1750179380,5577253.59999,4417605.989378298,analytic_sparse_k9,9,0.38295132545787447
cleanStatic,calibration,70,69.9971752,6,7,1749679380,1750179380,5577253.59999,4417605.989378298,uniform_k9,9,0.086730780629102
cleanStatic,calibration,70,69.9971752,6,7,1749679380,1750179380,5577253.59999,4417605.989378298,shuffled_k9,9,0.21701714487216706
cleanStatic,calibration,70,69.9971752,6,7,1749679380,1750179380,5577253.59999,4417605.989378298,ai_sparse_k3,3,0.16217259555400756
cleanStatic,calibration,70,69.9971752,6,7,1749679380,1750179380,5577253.59999,4417605.989378298,pg_scc_k3,3,0.06324304065939688
cleanStatic,calibration,70,69.9971752,6,7,1749679380,1750179380,5577253.59999,4417605.989378298,ai_sparse_k5,5,0.13705755038096842
cleanStatic,calibration,70,69.9971752,6,7,1749679380,1750179380,5577253.59999,4417605.989378298,pg_scc_k5,5,0.08291745624637259
cleanStatic,calibration,70,69.9971752,6,7,1749679380,1750179380,5577253.59999,4417605.989378298,ai_sparse_k9,9,0.11196371955358932
cleanStatic,calibration,70,69.9971752,6,7,1749679380,1750179380,5577253.59999,4417605.989378298,pg_scc_k9,9,0.11417511595452663
cleanStatic,calibration,70,69.9971752,6,7,1749679380,1750179380,5577253.59999,4417605.989378298,epl3,3,0.5343498561853338
cleanStatic,calibration,70,69.9971752,6,7,1749679380,1750179380,5577253.59999,4417605.989378298,fixed9,9,0.03254179116155899
cleanStatic,calibration,70,69.9971752,6,7,1749679380,1750179380,5577253.59999,4417605.989378298,random1_k3,3,0.41671086358491843
cleanStatic,calibration,70,69.9971752,6,7,1749679380,1750179380,5577253.59999,4417605.989378298,random2_k3,3,0.42551529390135556
cleanStatic,calibration,70,69.9971752,6,7,1749679380,1750179380,5577253.59999,4417605.989378298,random3_k3,3,0.49157630542479924
cleanStatic,calibration,70,69.9971752,6,7,1749679380,1750179380,5577253.59999,4417605.989378298,random4_k3,3,0.23973160770413837
cleanStatic,calibration,70,69.9971752,6,7,1749679380,1750179380,5577253.59999,4417605.989378298,random5_k3,3,0.1547047301677806
cleanStatic,calibration,70,69.9971752,6,7,1749679380,1750179380,5577253.59999,4417605.989378298,random1_k5,5,0.23093293366408965
cleanStatic,calibration,70,69.9971752,6,7,1749679380,1750179380,5577253.59999,4417605.989378298,random2_k5,5,0.2521039641950119
cleanStatic,calibration,70,69.9971752,6,7,1749679380,1750179380,5577253.59999,4417605.989378298,random3_k5,5,0.2697290536893238
cleanStatic,calibration,70,69.9971752,6,7,1749679380,1750179380,5577253.59999,4417605.989378298,random4_k5,5,0.19678983532830435
cleanStatic,calibration,70,69.9971752,6,7,1749679380,1750179380,5577253.59999,4417605.989378298,random5_k5,5,0.2765726657319473
cleanStatic,calibration,70,69.9971752,6,7,1749679380,1750179380,5577253.59999,4417605.989378298,random1_k9,9,0.12192573812868969
cleanStatic,calibration,70,69.9971752,6,7,1749679380,1750179380,5577253.59999,4417605.989378298,random2_k9,9,0.26801242795997193
cleanStatic,calibration,70,69.9971752,6,7,1749679380,1750179380,5577253.59999,4417605.989378298,random3_k9,9,0.2747245651180807
cleanStatic,calibration,70,69.9971752,6,7,1749679380,1750179380,5577253.59999,4417605.989378298,random4_k9,9,0.30347062060549135
cleanStatic,calibration,70,69.9971752,6,7,1749679380,1750179380,5577253.59999,4417605.989378298,random5_k9,9,0.28938548676359205
cleanStatic,calibration,70,69.9903678,7,10,1749509195,1750009195,5576894.182873999,2342948.744946124,dense_two_source_glrt,187,0.5207816925544524
cleanStatic,calibration,70,69.9903678,7,10,1749509195,1750009195,5576894.182873999,2342948.744946124,dense_one_source_residual,187,2.0523197157545674
cleanStatic,calibration,70,69.9903678,7,10,1749509195,1750009195,5576894.182873999,2342948.744946124,raw_power_only,0,5576894.182873999
cleanStatic,calibration,70,69.9903678,7,10,1749509195,1750009195,5576894.182873999,2342948.744946124,analytic_sparse_k3,3,1.3893660724293226
cleanStatic,calibration,70,69.9903678,7,10,1749509195,1750009195,5576894.182873999,2342948.744946124,uniform_k3,3,1.6781740930915843
cleanStatic,calibration,70,69.9903678,7,10,1749509195,1750009195,5576894.182873999,2342948.744946124,shuffled_k3,3,0.21959113068311156
cleanStatic,calibration,70,69.9903678,7,10,1749509195,1750009195,5576894.182873999,2342948.744946124,analytic_sparse_k5,5,0.8378078756203443
cleanStatic,calibration,70,69.9903678,7,10,1749509195,1750009195,5576894.182873999,2342948.744946124,uniform_k5,5,0.823166776390068
cleanStatic,calibration,70,69.9903678,7,10,1749509195,1750009195,5576894.182873999,2342948.744946124,shuffled_k5,5,0.2859592515064103
cleanStatic,calibration,70,69.9903678,7,10,1749509195,1750009195,5576894.182873999,2342948.744946124,analytic_sparse_k9,9,0.6083028471245097
cleanStatic,calibration,70,69.9903678,7,10,1749509195,1750009195,5576894.182873999,2342948.744946124,uniform_k9,9,0.43748217553225405
cleanStatic,calibration,70,69.9903678,7,10,1749509195,1750009195,5576894.182873999,2342948.744946124,shuffled_k9,9,0.7035723070879665
cleanStatic,calibration,70,69.9903678,7,10,1749509195,1750009195,5576894.182873999,2342948.744946124,ai_sparse_k3,3,0.668253586520061
cleanStatic,calibration,70,69.9903678,7,10,1749509195,1750009195,5576894.182873999,2342948.744946124,pg_scc_k3,3,1.6166897348801428
cleanStatic,calibration,70,69.9903678,7,10,1749509195,1750009195,5576894.182873999,2342948.744946124,ai_sparse_k5,5,1.3625261684939516
cleanStatic,calibration,70,69.9903678,7,10,1749509195,1750009195,5576894.182873999,2342948.744946124,pg_scc_k5,5,0.3170882523694143
cleanStatic,calibration,70,69.9903678,7,10,1749509195,1750009195,5576894.182873999,2342948.744946124,ai_sparse_k9,9,1.296625233938016
cleanStatic,calibration,70,69.9903678,7,10,1749509195,1750009195,5576894.182873999,2342948.744946124,pg_scc_k9,9,0.30581577762909734
cleanStatic,calibration,70,69.9903678,7,10,1749509195,1750009195,5576894.182873999,2342948.744946124,epl3,3,1.0622373536689464
cleanStatic,calibration,70,69.9903678,7,10,1749509195,1750009195,5576894.182873999,2342948.744946124,fixed9,9,0.5963256497278066
cleanStatic,calibration,70,69.9903678,7,10,1749509195,1750009195,5576894.182873999,2342948.744946124,random1_k3,3,0.34065742318203895
cleanStatic,calibration,70,69.9903678,7,10,1749509195,1750009195,5576894.182873999,2342948.744946124,random2_k3,3,0.142422433230094
cleanStatic,calibration,70,69.9903678,7,10,1749509195,1750009195,5576894.182873999,2342948.744946124,random3_k3,3,1.4754724426933166
cleanStatic,calibration,70,69.9903678,7,10,1749509195,1750009195,5576894.182873999,2342948.744946124,random4_k3,3,0.9802746335819549
cleanStatic,calibration,70,69.9903678,7,10,1749509195,1750009195,5576894.182873999,2342948.744946124,random5_k3,3,0.17785659993571976
cleanStatic,calibration,70,69.9903678,7,10,1749509195,1750009195,5576894.182873999,2342948.744946124,random1_k5,5,1.4015011148918464
cleanStatic,calibration,70,69.9903678,7,10,1749509195,1750009195,5576894.182873999,2342948.744946124,random2_k5,5,1.8864306860841253
cleanStatic,calibration,70,69.9903678,7,10,1749509195,1750009195,5576894.182873999,2342948.744946124,random3_k5,5,0.8254709277774144
cleanStatic,calibration,70,69.9903678,7,10,1749509195,1750009195,5576894.182873999,2342948.744946124,random4_k5,5,1.4986726826458445
cleanStatic,calibration,70,69.9903678,7,10,1749509195,1750009195,5576894.182873999,2342948.744946124,random5_k5,5,0.960117111694891
cleanStatic,calibration,70,69.9903678,7,10,1749509195,1750009195,5576894.182873999,2342948.744946124,random1_k9,9,1.1982993842102032
cleanStatic,calibration,70,69.9903678,7,10,1749509195,1750009195,5576894.182873999,2342948.744946124,random2_k9,9,0.4369828601905945
cleanStatic,calibration,70,69.9903678,7,10,1749509195,1750009195,5576894.182873999,2342948.744946124,random3_k9,9,0.3388512241959623
cleanStatic,calibration,70,69.9903678,7,10,1749509195,1750009195,5576894.182873999,2342948.744946124,random4_k9,9,0.5562397044475423
cleanStatic,calibration,70,69.9903678,7,10,1749509195,1750009195,5576894.182873999,2342948.744946124,random5_k9,9,0.1981482774948472
cleanStatic,calibration,70,69.99865224,8,13,1749716306,1750216306,5567184.548094001,6097429.21155857,dense_two_source_glrt,187,0.01340258001705043
cleanStatic,calibration,70,69.99865224,8,13,1749716306,1750216306,5567184.548094001,6097429.21155857,dense_one_source_residual,187,0.11730645971756125
cleanStatic,calibration,70,69.99865224,8,13,1749716306,1750216306,5567184.548094001,6097429.21155857,raw_power_only,0,5567184.548094001
cleanStatic,calibration,70,69.99865224,8,13,1749716306,1750216306,5567184.548094001,6097429.21155857,analytic_sparse_k3,3,0.03810128015318726
cleanStatic,calibration,70,69.99865224,8,13,1749716306,1750216306,5567184.548094001,6097429.21155857,uniform_k3,3,0.11144082747268806
cleanStatic,calibration,70,69.99865224,8,13,1749716306,1750216306,5567184.548094001,6097429.21155857,shuffled_k3,3,0.03168680290808128
cleanStatic,calibration,70,69.99865224,8,13,1749716306,1750216306,5567184.548094001,6097429.21155857,analytic_sparse_k5,5,0.0177449125608102
cleanStatic,calibration,70,69.99865224,8,13,1749716306,1750216306,5567184.548094001,6097429.21155857,uniform_k5,5,0.12452202439442635
cleanStatic,calibration,70,69.99865224,8,13,1749716306,1750216306,5567184.548094001,6097429.21155857,shuffled_k5,5,0.016886923994227365
cleanStatic,calibration,70,69.99865224,8,13,1749716306,1750216306,5567184.548094001,6097429.21155857,analytic_sparse_k9,9,0.017302020020798822
cleanStatic,calibration,70,69.99865224,8,13,1749716306,1750216306,5567184.548094001,6097429.21155857,uniform_k9,9,0.0328062085702541
cleanStatic,calibration,70,69.99865224,8,13,1749716306,1750216306,5567184.548094001,6097429.21155857,shuffled_k9,9,0.021649590820393787
cleanStatic,calibration,70,69.99865224,8,13,1749716306,1750216306,5567184.548094001,6097429.21155857,ai_sparse_k3,3,0.02972424590959058
cleanStatic,calibration,70,69.99865224,8,13,1749716306,1750216306,5567184.548094001,6097429.21155857,pg_scc_k3,3,0.010615776640822703
cleanStatic,calibration,70,69.99865224,8,13,1749716306,1750216306,5567184.548094001,6097429.21155857,ai_sparse_k5,5,0.058292590566999945
cleanStatic,calibration,70,69.99865224,8,13,1749716306,1750216306,5567184.548094001,6097429.21155857,pg_scc_k5,5,0.026567642014111693
cleanStatic,calibration,70,69.99865224,8,13,1749716306,1750216306,5567184.548094001,6097429.21155857,ai_sparse_k9,9,0.052811084543346265
cleanStatic,calibration,70,69.99865224,8,13,1749716306,1750216306,5567184.548094001,6097429.21155857,pg_scc_k9,9,0.025669282781008735
cleanStatic,calibration,70,69.99865224,8,13,1749716306,1750216306,5567184.548094001,6097429.21155857,epl3,3,0.03362004493179827
cleanStatic,calibration,70,69.99865224,8,13,1749716306,1750216306,5567184.548094001,6097429.21155857,fixed9,9,0.00369497820497599
cleanStatic,calibration,70,69.99865224,8,13,1749716306,1750216306,5567184.548094001,6097429.21155857,random1_k3,3,0.03553606503525702
cleanStatic,calibration,70,69.99865224,8,13,1749716306,1750216306,5567184.548094001,6097429.21155857,random2_k3,3,0.05754688434693369
cleanStatic,calibration,70,69.99865224,8,13,1749716306,1750216306,5567184.548094001,6097429.21155857,random3_k3,3,0.14983848441045045
cleanStatic,calibration,70,69.99865224,8,13,1749716306,1750216306,5567184.548094001,6097429.21155857,random4_k3,3,0.04765564550381002
cleanStatic,calibration,70,69.99865224,8,13,1749716306,1750216306,5567184.548094001,6097429.21155857,random5_k3,3,0.0767427317515111
cleanStatic,calibration,70,69.99865224,8,13,1749716306,1750216306,5567184.548094001,6097429.21155857,random1_k5,5,0.06923701881585757
cleanStatic,calibration,70,69.99865224,8,13,1749716306,1750216306,5567184.548094001,6097429.21155857,random2_k5,5,0.024493332776833483
cleanStatic,calibration,70,69.99865224,8,13,1749716306,1750216306,5567184.548094001,6097429.21155857,random3_k5,5,0.041152836347594424
cleanStatic,calibration,70,69.99865224,8,13,1749716306,1750216306,5567184.548094001,6097429.21155857,random4_k5,5,0.0554916354471416
cleanStatic,calibration,70,69.99865224,8,13,1749716306,1750216306,5567184.548094001,6097429.21155857,random5_k5,5,0.05345284265359168
cleanStatic,calibration,70,69.99865224,8,13,1749716306,1750216306,5567184.548094001,6097429.21155857,random1_k9,9,0.05517431106704215
cleanStatic,calibration,70,69.99865224,8,13,1749716306,1750216306,5567184.548094001,6097429.21155857,random2_k9,9,0.0667896106067673
cleanStatic,calibration,70,69.99865224,8,13,1749716306,1750216306,5567184.548094001,6097429.21155857,random3_k9,9,0.06440462693893115
cleanStatic,calibration,70,69.99865224,8,13,1749716306,1750216306,5567184.548094001,6097429.21155857,random4_k9,9,0.03367286514216483
cleanStatic,calibration,70,69.99865224,8,13,1749716306,1750216306,5567184.548094001,6097429.21155857,random5_k9,9,0.0758435410257055
cleanStatic,calibration,70,70.00147912,9,19,1749786978,1750286978,5565085.757884,4451285.740802082,dense_two_source_glrt,187,0.09638240005365856
cleanStatic,calibration,70,70.00147912,9,19,1749786978,1750286978,5565085.757884,4451285.740802082,dense_one_source_residual,187,0.3916990095813377
cleanStatic,calibration,70,70.00147912,9,19,1749786978,1750286978,5565085.757884,4451285.740802082,raw_power_only,0,5565085.757884
cleanStatic,calibration,70,70.00147912,9,19,1749786978,1750286978,5565085.757884,4451285.740802082,analytic_sparse_k3,3,0.13038843583690693
cleanStatic,calibration,70,70.00147912,9,19,1749786978,1750286978,5565085.757884,4451285.740802082,uniform_k3,3,0.3196393885739345
cleanStatic,calibration,70,70.00147912,9,19,1749786978,1750286978,5565085.757884,4451285.740802082,shuffled_k3,3,0.13263946652547107
cleanStatic,calibration,70,70.00147912,9,19,1749786978,1750286978,5565085.757884,4451285.740802082,analytic_sparse_k5,5,0.21074979793156304
cleanStatic,calibration,70,70.00147912,9,19,1749786978,1750286978,5565085.757884,4451285.740802082,uniform_k5,5,0.2194820553406284
cleanStatic,calibration,70,70.00147912,9,19,1749786978,1750286978,5565085.757884,4451285.740802082,shuffled_k5,5,0.2838420490129746
cleanStatic,calibration,70,70.00147912,9,19,1749786978,1750286978,5565085.757884,4451285.740802082,analytic_sparse_k9,9,0.11286130604124997
cleanStatic,calibration,70,70.00147912,9,19,1749786978,1750286978,5565085.757884,4451285.740802082,uniform_k9,9,0.26739943735702904
cleanStatic,calibration,70,70.00147912,9,19,1749786978,1750286978,5565085.757884,4451285.740802082,shuffled_k9,9,0.12785393319000737
cleanStatic,calibration,70,70.00147912,9,19,1749786978,1750286978,5565085.757884,4451285.740802082,ai_sparse_k3,3,0.3895384883322894
cleanStatic,calibration,70,70.00147912,9,19,1749786978,1750286978,5565085.757884,4451285.740802082,pg_scc_k3,3,0.09620568253222328
cleanStatic,calibration,70,70.00147912,9,19,1749786978,1750286978,5565085.757884,4451285.740802082,ai_sparse_k5,5,0.15508091845341543
cleanStatic,calibration,70,70.00147912,9,19,1749786978,1750286978,5565085.757884,4451285.740802082,pg_scc_k5,5,0.08035885702316418
cleanStatic,calibration,70,70.00147912,9,19,1749786978,1750286978,5565085.757884,4451285.740802082,ai_sparse_k9,9,0.08163043464714972
cleanStatic,calibration,70,70.00147912,9,19,1749786978,1750286978,5565085.757884,4451285.740802082,pg_scc_k9,9,0.08904047546353781
cleanStatic,calibration,70,70.00147912,9,19,1749786978,1750286978,5565085.757884,4451285.740802082,epl3,3,0.16583846863817212
cleanStatic,calibration,70,70.00147912,9,19,1749786978,1750286978,5565085.757884,4451285.740802082,fixed9,9,0.08584127186440993
cleanStatic,calibration,70,70.00147912,9,19,1749786978,1750286978,5565085.757884,4451285.740802082,random1_k3,3,0.2218919433864804
cleanStatic,calibration,70,70.00147912,9,19,1749786978,1750286978,5565085.757884,4451285.740802082,random2_k3,3,0.18077405635542346
cleanStatic,calibration,70,70.00147912,9,19,1749786978,1750286978,5565085.757884,4451285.740802082,random3_k3,3,0.5945728579359363
cleanStatic,calibration,70,70.00147912,9,19,1749786978,1750286978,5565085.757884,4451285.740802082,random4_k3,3,0.27185484851921304
cleanStatic,calibration,70,70.00147912,9,19,1749786978,1750286978,5565085.757884,4451285.740802082,random5_k3,3,0.1422639502141643
cleanStatic,calibration,70,70.00147912,9,19,1749786978,1750286978,5565085.757884,4451285.740802082,random1_k5,5,0.2526994403619638
cleanStatic,calibration,70,70.00147912,9,19,1749786978,1750286978,5565085.757884,4451285.740802082,random2_k5,5,0.35185621624204416
cleanStatic,calibration,70,70.00147912,9,19,1749786978,1750286978,5565085.757884,4451285.740802082,random3_k5,5,0.20256486050886052
cleanStatic,calibration,70,70.00147912,9,19,1749786978,1750286978,5565085.757884,4451285.740802082,random4_k5,5,0.2034242461128133
cleanStatic,calibration,70,70.00147912,9,19,1749786978,1750286978,5565085.757884,4451285.740802082,random5_k5,5,0.2976920535600561
cleanStatic,calibration,70,70.00147912,9,19,1749786978,1750286978,5565085.757884,4451285.740802082,random1_k9,9,0.22696069165786298
cleanStatic,calibration,70,70.00147912,9,19,1749786978,1750286978,5565085.757884,4451285.740802082,random2_k9,9,0.13912196980012034
cleanStatic,calibration,70,70.00147912,9,19,1749786978,1750286978,5565085.757884,4451285.740802082,random3_k9,9,0.10371780550166881
cleanStatic,calibration,70,70.00147912,9,19,1749786978,1750286978,5565085.757884,4451285.740802082,random4_k9,9,0.05840401412957208
cleanStatic,calibration,70,70.00147912,9,19,1749786978,1750286978,5565085.757884,4451285.740802082,random5_k9,9,0.040951018226635966
cleanStatic,calibration,70,69.99062092,10,23,1749515523,1750015523,5581172.003008001,6554879.215197929,dense_two_source_glrt,187,0.02867765188302615
cleanStatic,calibration,70,69.99062092,10,23,1749515523,1750015523,5581172.003008001,6554879.215197929,dense_one_source_residual,187,0.18748923526161362
cleanStatic,calibration,70,69.99062092,10,23,1749515523,1750015523,5581172.003008001,6554879.215197929,raw_power_only,0,5581172.003008001
cleanStatic,calibration,70,69.99062092,10,23,1749515523,1750015523,5581172.003008001,6554879.215197929,analytic_sparse_k3,3,0.03838005229227265
cleanStatic,calibration,70,69.99062092,10,23,1749515523,1750015523,5581172.003008001,6554879.215197929,uniform_k3,3,0.047512631532805105
cleanStatic,calibration,70,69.99062092,10,23,1749515523,1750015523,5581172.003008001,6554879.215197929,shuffled_k3,3,0.11970235079376462
cleanStatic,calibration,70,69.99062092,10,23,1749515523,1750015523,5581172.003008001,6554879.215197929,analytic_sparse_k5,5,0.09019562473427079
cleanStatic,calibration,70,69.99062092,10,23,1749515523,1750015523,5581172.003008001,6554879.215197929,uniform_k5,5,0.08578060304086564
cleanStatic,calibration,70,69.99062092,10,23,1749515523,1750015523,5581172.003008001,6554879.215197929,shuffled_k5,5,0.06470454935913597
cleanStatic,calibration,70,69.99062092,10,23,1749515523,1750015523,5581172.003008001,6554879.215197929,analytic_sparse_k9,9,0.0516961737693338
cleanStatic,calibration,70,69.99062092,10,23,1749515523,1750015523,5581172.003008001,6554879.215197929,uniform_k9,9,0.028098618503462895
cleanStatic,calibration,70,69.99062092,10,23,1749515523,1750015523,5581172.003008001,6554879.215197929,shuffled_k9,9,0.10051574884247036
cleanStatic,calibration,70,69.99062092,10,23,1749515523,1750015523,5581172.003008001,6554879.215197929,ai_sparse_k3,3,0.08597274113296188
cleanStatic,calibration,70,69.99062092,10,23,1749515523,1750015523,5581172.003008001,6554879.215197929,pg_scc_k3,3,0.1557612602400246
cleanStatic,calibration,70,69.99062092,10,23,1749515523,1750015523,5581172.003008001,6554879.215197929,ai_sparse_k5,5,0.08543821260384314
cleanStatic,calibration,70,69.99062092,10,23,1749515523,1750015523,5581172.003008001,6554879.215197929,pg_scc_k5,5,0.0472661156233906
cleanStatic,calibration,70,69.99062092,10,23,1749515523,1750015523,5581172.003008001,6554879.215197929,ai_sparse_k9,9,0.08979807353144272
cleanStatic,calibration,70,69.99062092,10,23,1749515523,1750015523,5581172.003008001,6554879.215197929,pg_scc_k9,9,0.07954868941318893
cleanStatic,calibration,70,69.99062092,10,23,1749515523,1750015523,5581172.003008001,6554879.215197929,epl3,3,0.197290043471917
cleanStatic,calibration,70,69.99062092,10,23,1749515523,1750015523,5581172.003008001,6554879.215197929,fixed9,9,0.11157417748660706
cleanStatic,calibration,70,69.99062092,10,23,1749515523,1750015523,5581172.003008001,6554879.215197929,random1_k3,3,0.12424679237102147
cleanStatic,calibration,70,69.99062092,10,23,1749515523,1750015523,5581172.003008001,6554879.215197929,random2_k3,3,0.1529702493782472
cleanStatic,calibration,70,69.99062092,10,23,1749515523,1750015523,5581172.003008001,6554879.215197929,random3_k3,3,0.08954667526335462
cleanStatic,calibration,70,69.99062092,10,23,1749515523,1750015523,5581172.003008001,6554879.215197929,random4_k3,3,0.14886345003067822
cleanStatic,calibration,70,69.99062092,10,23,1749515523,1750015523,5581172.003008001,6554879.215197929,random5_k3,3,0.057720183157488815
cleanStatic,calibration,70,69.99062092,10,23,1749515523,1750015523,5581172.003008001,6554879.215197929,random1_k5,5,0.08302712250908714
cleanStatic,calibration,70,69.99062092,10,23,1749515523,1750015523,5581172.003008001,6554879.215197929,random2_k5,5,0.03649518891650631
cleanStatic,calibration,70,69.99062092,10,23,1749515523,1750015523,5581172.003008001,6554879.215197929,random3_k5,5,0.0552198528380901
cleanStatic,calibration,70,69.99062092,10,23,1749515523,1750015523,5581172.003008001,6554879.215197929,random4_k5,5,0.04830018837328581
cleanStatic,calibration,70,69.99062092,10,23,1749515523,1750015523,5581172.003008001,6554879.215197929,random5_k5,5,0.06468207981617367
cleanStatic,calibration,70,69.99062092,10,23,1749515523,1750015523,5581172.003008001,6554879.215197929,random1_k9,9,0.056249377998611516
cleanStatic,calibration,70,69.99062092,10,23,1749515523,1750015523,5581172.003008001,6554879.215197929,random2_k9,9,0.05038683569686321
cleanStatic,calibration,70,69.99062092,10,23,1749515523,1750015523,5581172.003008001,6554879.215197929,random3_k9,9,0.04198510597179187
cleanStatic,calibration,70,69.99062092,10,23,1749515523,1750015523,5581172.003008001,6554879.215197929,random4_k9,9,0.05244154507545187
cleanStatic,calibration,70,69.99062092,10,23,1749515523,1750015523,5581172.003008001,6554879.215197929,random5_k9,9,0.09578247153149712
cleanStatic,calibration,71,70.99032956,0,16,1774508239,1775008239,5571767.006990001,4816815.495940385,dense_two_source_glrt,187,0.3602699688589848
cleanStatic,calibration,71,70.99032956,0,16,1774508239,1775008239,5571767.006990001,4816815.495940385,dense_one_source_residual,187,1.2064765257724175
cleanStatic,calibration,71,70.99032956,0,16,1774508239,1775008239,5571767.006990001,4816815.495940385,raw_power_only,0,5571767.006990001
cleanStatic,calibration,71,70.99032956,0,16,1774508239,1775008239,5571767.006990001,4816815.495940385,analytic_sparse_k3,3,0.08329869154861023
cleanStatic,calibration,71,70.99032956,0,16,1774508239,1775008239,5571767.006990001,4816815.495940385,uniform_k3,3,0.37418769544128017
cleanStatic,calibration,71,70.99032956,0,16,1774508239,1775008239,5571767.006990001,4816815.495940385,shuffled_k3,3,0.07372547122016641
cleanStatic,calibration,71,70.99032956,0,16,1774508239,1775008239,5571767.006990001,4816815.495940385,analytic_sparse_k5,5,0.47150495404442616
cleanStatic,calibration,71,70.99032956,0,16,1774508239,1775008239,5571767.006990001,4816815.495940385,uniform_k5,5,0.20658751309343498
cleanStatic,calibration,71,70.99032956,0,16,1774508239,1775008239,5571767.006990001,4816815.495940385,shuffled_k5,5,0.09118641982848966
cleanStatic,calibration,71,70.99032956,0,16,1774508239,1775008239,5571767.006990001,4816815.495940385,analytic_sparse_k9,9,0.2068633504414899
cleanStatic,calibration,71,70.99032956,0,16,1774508239,1775008239,5571767.006990001,4816815.495940385,uniform_k9,9,0.14754016463003744
cleanStatic,calibration,71,70.99032956,0,16,1774508239,1775008239,5571767.006990001,4816815.495940385,shuffled_k9,9,0.8267357674649833
cleanStatic,calibration,71,70.99032956,0,16,1774508239,1775008239,5571767.006990001,4816815.495940385,ai_sparse_k3,3,1.3581959939040245
cleanStatic,calibration,71,70.99032956,0,16,1774508239,1775008239,5571767.006990001,4816815.495940385,pg_scc_k3,3,1.0987822868906105
cleanStatic,calibration,71,70.99032956,0,16,1774508239,1775008239,5571767.006990001,4816815.495940385,ai_sparse_k5,5,0.7492260503148824
cleanStatic,calibration,71,70.99032956,0,16,1774508239,1775008239,5571767.006990001,4816815.495940385,pg_scc_k5,5,0.2919189891611942
cleanStatic,calibration,71,70.99032956,0,16,1774508239,1775008239,5571767.006990001,4816815.495940385,ai_sparse_k9,9,0.4935697444317077
cleanStatic,calibration,71,70.99032956,0,16,1774508239,1775008239,5571767.006990001,4816815.495940385,pg_scc_k9,9,0.19802055719673461
cleanStatic,calibration,71,70.99032956,0,16,1774508239,1775008239,5571767.006990001,4816815.495940385,epl3,3,1.2596393086649234
cleanStatic,calibration,71,70.99032956,0,16,1774508239,1775008239,5571767.006990001,4816815.495940385,fixed9,9,0.9680219005849362
cleanStatic,calibration,71,70.99032956,0,16,1774508239,1775008239,5571767.006990001,4816815.495940385,random1_k3,3,0.8082028768189319
cleanStatic,calibration,71,70.99032956,0,16,1774508239,1775008239,5571767.006990001,4816815.495940385,random2_k3,3,1.0997406866625257
cleanStatic,calibration,71,70.99032956,0,16,1774508239,1775008239,5571767.006990001,4816815.495940385,random3_k3,3,1.5548663553775268
cleanStatic,calibration,71,70.99032956,0,16,1774508239,1775008239,5571767.006990001,4816815.495940385,random4_k3,3,1.1336028007000711
cleanStatic,calibration,71,70.99032956,0,16,1774508239,1775008239,5571767.006990001,4816815.495940385,random5_k3,3,0.1650778621166226
cleanStatic,calibration,71,70.99032956,0,16,1774508239,1775008239,5571767.006990001,4816815.495940385,random1_k5,5,0.7080764963213577
cleanStatic,calibration,71,70.99032956,0,16,1774508239,1775008239,5571767.006990001,4816815.495940385,random2_k5,5,0.26885434611129017
cleanStatic,calibration,71,70.99032956,0,16,1774508239,1775008239,5571767.006990001,4816815.495940385,random3_k5,5,0.6846709391321959
cleanStatic,calibration,71,70.99032956,0,16,1774508239,1775008239,5571767.006990001,4816815.495940385,random4_k5,5,0.5946564777668965
cleanStatic,calibration,71,70.99032956,0,16,1774508239,1775008239,5571767.006990001,4816815.495940385,random5_k5,5,1.122256669727133
cleanStatic,calibration,71,70.99032956,0,16,1774508239,1775008239,5571767.006990001,4816815.495940385,random1_k9,9,0.5738539029074035
cleanStatic,calibration,71,70.99032956,0,16,1774508239,1775008239,5571767.006990001,4816815.495940385,random2_k9,9,0.37908288955721897
cleanStatic,calibration,71,70.99032956,0,16,1774508239,1775008239,5571767.006990001,4816815.495940385,random3_k9,9,1.111945735228369
cleanStatic,calibration,71,70.99032956,0,16,1774508239,1775008239,5571767.006990001,4816815.495940385,random4_k9,9,0.8158367558737926
cleanStatic,calibration,71,70.99032956,0,16,1774508239,1775008239,5571767.006990001,4816815.495940385,random5_k9,9,0.623180180722924
cleanStatic,calibration,71,70.990535,2,3,1774513375,1775013375,5570283.641763999,5761534.339990186,dense_two_source_glrt,187,0.19291735396637902
cleanStatic,calibration,71,70.990535,2,3,1774513375,1775013375,5570283.641763999,5761534.339990186,dense_one_source_residual,187,0.6562784073069418
cleanStatic,calibration,71,70.990535,2,3,1774513375,1775013375,5570283.641763999,5761534.339990186,raw_power_only,0,5570283.641763999
cleanStatic,calibration,71,70.990535,2,3,1774513375,1775013375,5570283.641763999,5761534.339990186,analytic_sparse_k3,3,0.027550862710307128
cleanStatic,calibration,71,70.990535,2,3,1774513375,1775013375,5570283.641763999,5761534.339990186,uniform_k3,3,0.5748138248050557
cleanStatic,calibration,71,70.990535,2,3,1774513375,1775013375,5570283.641763999,5761534.339990186,shuffled_k3,3,0.15323911053109754
cleanStatic,calibration,71,70.990535,2,3,1774513375,1775013375,5570283.641763999,5761534.339990186,analytic_sparse_k5,5,0.1399760460572082
cleanStatic,calibration,71,70.990535,2,3,1774513375,1775013375,5570283.641763999,5761534.339990186,uniform_k5,5,0.20753859641273992
cleanStatic,calibration,71,70.990535,2,3,1774513375,1775013375,5570283.641763999,5761534.339990186,shuffled_k5,5,0.2857476603910562
cleanStatic,calibration,71,70.990535,2,3,1774513375,1775013375,5570283.641763999,5761534.339990186,analytic_sparse_k9,9,0.22981391284211256
cleanStatic,calibration,71,70.990535,2,3,1774513375,1775013375,5570283.641763999,5761534.339990186,uniform_k9,9,0.0737573606239638
cleanStatic,calibration,71,70.990535,2,3,1774513375,1775013375,5570283.641763999,5761534.339990186,shuffled_k9,9,0.6708353361269087
cleanStatic,calibration,71,70.990535,2,3,1774513375,1775013375,5570283.641763999,5761534.339990186,ai_sparse_k3,3,0.23293715735700063
cleanStatic,calibration,71,70.990535,2,3,1774513375,1775013375,5570283.641763999,5761534.339990186,pg_scc_k3,3,0.7574179268561517
cleanStatic,calibration,71,70.990535,2,3,1774513375,1775013375,5570283.641763999,5761534.339990186,ai_sparse_k5,5,0.3449581454753356
cleanStatic,calibration,71,70.990535,2,3,1774513375,1775013375,5570283.641763999,5761534.339990186,pg_scc_k5,5,0.27315328375363945
cleanStatic,calibration,71,70.990535,2,3,1774513375,1775013375,5570283.641763999,5761534.339990186,ai_sparse_k9,9,0.42483542740992947
cleanStatic,calibration,71,70.990535,2,3,1774513375,1775013375,5570283.641763999,5761534.339990186,pg_scc_k9,9,0.28535080059279266
cleanStatic,calibration,71,70.990535,2,3,1774513375,1775013375,5570283.641763999,5761534.339990186,epl3,3,0.8049658816111398
cleanStatic,calibration,71,70.990535,2,3,1774513375,1775013375,5570283.641763999,5761534.339990186,fixed9,9,0.47258203282035083
cleanStatic,calibration,71,70.990535,2,3,1774513375,1775013375,5570283.641763999,5761534.339990186,random1_k3,3,0.4893628994310279
cleanStatic,calibration,71,70.990535,2,3,1774513375,1775013375,5570283.641763999,5761534.339990186,random2_k3,3,0.41174084576730174
cleanStatic,calibration,71,70.990535,2,3,1774513375,1775013375,5570283.641763999,5761534.339990186,random3_k3,3,0.81008734728678
cleanStatic,calibration,71,70.990535,2,3,1774513375,1775013375,5570283.641763999,5761534.339990186,random4_k3,3,0.20671486398425812
cleanStatic,calibration,71,70.990535,2,3,1774513375,1775013375,5570283.641763999,5761534.339990186,random5_k3,3,0.07705312286473044
cleanStatic,calibration,71,70.990535,2,3,1774513375,1775013375,5570283.641763999,5761534.339990186,random1_k5,5,0.2308505310205345
cleanStatic,calibration,71,70.990535,2,3,1774513375,1775013375,5570283.641763999,5761534.339990186,random2_k5,5,0.46606240167258994
cleanStatic,calibration,71,70.990535,2,3,1774513375,1775013375,5570283.641763999,5761534.339990186,random3_k5,5,0.3916246959889408
cleanStatic,calibration,71,70.990535,2,3,1774513375,1775013375,5570283.641763999,5761534.339990186,random4_k5,5,0.2058329026487833
cleanStatic,calibration,71,70.990535,2,3,1774513375,1775013375,5570283.641763999,5761534.339990186,random5_k5,5,0.4190685901165702
cleanStatic,calibration,71,70.990535,2,3,1774513375,1775013375,5570283.641763999,5761534.339990186,random1_k9,9,0.31628049533355945
cleanStatic,calibration,71,70.990535,2,3,1774513375,1775013375,5570283.641763999,5761534.339990186,random2_k9,9,0.267946033985132
cleanStatic,calibration,71,70.990535,2,3,1774513375,1775013375,5570283.641763999,5761534.339990186,random3_k9,9,0.3861495520452747
cleanStatic,calibration,71,70.990535,2,3,1774513375,1775013375,5570283.641763999,5761534.339990186,random4_k9,9,0.3215892422873775
cleanStatic,calibration,71,70.990535,2,3,1774513375,1775013375,5570283.641763999,5761534.339990186,random5_k9,9,0.2604497852493494
cleanStatic,calibration,71,71.00937944,3,20,1774984486,1775484486,5525162.536491999,2321820.7710108934,dense_two_source_glrt,187,0.3645038277083697
cleanStatic,calibration,71,71.00937944,3,20,1774984486,1775484486,5525162.536491999,2321820.7710108934,dense_one_source_residual,187,2.0360587388067812
cleanStatic,calibration,71,71.00937944,3,20,1774984486,1775484486,5525162.536491999,2321820.7710108934,raw_power_only,0,5525162.536491999
cleanStatic,calibration,71,71.00937944,3,20,1774984486,1775484486,5525162.536491999,2321820.7710108934,analytic_sparse_k3,3,0.09068704769425517
cleanStatic,calibration,71,71.00937944,3,20,1774984486,1775484486,5525162.536491999,2321820.7710108934,uniform_k3,3,0.9048907294645051
cleanStatic,calibration,71,71.00937944,3,20,1774984486,1775484486,5525162.536491999,2321820.7710108934,shuffled_k3,3,0.3011964817224015
cleanStatic,calibration,71,71.00937944,3,20,1774984486,1775484486,5525162.536491999,2321820.7710108934,analytic_sparse_k5,5,0.43678117408278905
cleanStatic,calibration,71,71.00937944,3,20,1774984486,1775484486,5525162.536491999,2321820.7710108934,uniform_k5,5,1.4440859366707692
cleanStatic,calibration,71,71.00937944,3,20,1774984486,1775484486,5525162.536491999,2321820.7710108934,shuffled_k5,5,0.7969891893092029
cleanStatic,calibration,71,71.00937944,3,20,1774984486,1775484486,5525162.536491999,2321820.7710108934,analytic_sparse_k9,9,0.7381026380495752
cleanStatic,calibration,71,71.00937944,3,20,1774984486,1775484486,5525162.536491999,2321820.7710108934,uniform_k9,9,0.13624797344487347
cleanStatic,calibration,71,71.00937944,3,20,1774984486,1775484486,5525162.536491999,2321820.7710108934,shuffled_k9,9,1.0996647323836664
cleanStatic,calibration,71,71.00937944,3,20,1774984486,1775484486,5525162.536491999,2321820.7710108934,ai_sparse_k3,3,2.454970984057626
cleanStatic,calibration,71,71.00937944,3,20,1774984486,1775484486,5525162.536491999,2321820.7710108934,pg_scc_k3,3,3.633509028454057
cleanStatic,calibration,71,71.00937944,3,20,1774984486,1775484486,5525162.536491999,2321820.7710108934,ai_sparse_k5,5,1.3681569291396374
cleanStatic,calibration,71,71.00937944,3,20,1774984486,1775484486,5525162.536491999,2321820.7710108934,pg_scc_k5,5,0.9467261629225735
cleanStatic,calibration,71,71.00937944,3,20,1774984486,1775484486,5525162.536491999,2321820.7710108934,ai_sparse_k9,9,1.0941928316036293
cleanStatic,calibration,71,71.00937944,3,20,1774984486,1775484486,5525162.536491999,2321820.7710108934,pg_scc_k9,9,1.08217808938696
cleanStatic,calibration,71,71.00937944,3,20,1774984486,1775484486,5525162.536491999,2321820.7710108934,epl3,3,2.1583197608717795
cleanStatic,calibration,71,71.00937944,3,20,1774984486,1775484486,5525162.536491999,2321820.7710108934,fixed9,9,1.4548653911949911
cleanStatic,calibration,71,71.00937944,3,20,1774984486,1775484486,5525162.536491999,2321820.7710108934,random1_k3,3,2.2161639264213853
cleanStatic,calibration,71,71.00937944,3,20,1774984486,1775484486,5525162.536491999,2321820.7710108934,random2_k3,3,0.4009168441177655
cleanStatic,calibration,71,71.00937944,3,20,1774984486,1775484486,5525162.536491999,2321820.7710108934,random3_k3,3,1.5907352116068836
cleanStatic,calibration,71,71.00937944,3,20,1774984486,1775484486,5525162.536491999,2321820.7710108934,random4_k3,3,0.2461748581481786
cleanStatic,calibration,71,71.00937944,3,20,1774984486,1775484486,5525162.536491999,2321820.7710108934,random5_k3,3,0.09865933638029813
cleanStatic,calibration,71,71.00937944,3,20,1774984486,1775484486,5525162.536491999,2321820.7710108934,random1_k5,5,0.22196575760334217
cleanStatic,calibration,71,71.00937944,3,20,1774984486,1775484486,5525162.536491999,2321820.7710108934,random2_k5,5,0.39384260010676814
cleanStatic,calibration,71,71.00937944,3,20,1774984486,1775484486,5525162.536491999,2321820.7710108934,random3_k5,5,0.9215337929749368
cleanStatic,calibration,71,71.00937944,3,20,1774984486,1775484486,5525162.536491999,2321820.7710108934,random4_k5,5,1.0056048268078759
cleanStatic,calibration,71,71.00937944,3,20,1774984486,1775484486,5525162.536491999,2321820.7710108934,random5_k5,5,0.7385527378849612
cleanStatic,calibration,71,71.00937944,3,20,1774984486,1775484486,5525162.536491999,2321820.7710108934,random1_k9,9,1.157034023754008
cleanStatic,calibration,71,71.00937944,3,20,1774984486,1775484486,5525162.536491999,2321820.7710108934,random2_k9,9,0.5699237880576853
cleanStatic,calibration,71,71.00937944,3,20,1774984486,1775484486,5525162.536491999,2321820.7710108934,random3_k9,9,0.4882247541631164
cleanStatic,calibration,71,71.00937944,3,20,1774984486,1775484486,5525162.536491999,2321820.7710108934,random4_k9,9,1.0437117831653893
cleanStatic,calibration,71,71.00937944,3,20,1774984486,1775484486,5525162.536491999,2321820.7710108934,random5_k9,9,1.1652808626874072
cleanStatic,calibration,71,71.28869352,4,30,1781967338,1782467338,5562006.217646,2275602.5083594983,dense_two_source_glrt,187,0.22716165483024406
cleanStatic,calibration,71,71.28869352,4,30,1781967338,1782467338,5562006.217646,2275602.5083594983,dense_one_source_residual,187,1.6491913963595506
cleanStatic,calibration,71,71.28869352,4,30,1781967338,1782467338,5562006.217646,2275602.5083594983,raw_power_only,0,5562006.217646
cleanStatic,calibration,71,71.28869352,4,30,1781967338,1782467338,5562006.217646,2275602.5083594983,analytic_sparse_k3,3,0.5348536148167687
cleanStatic,calibration,71,71.28869352,4,30,1781967338,1782467338,5562006.217646,2275602.5083594983,uniform_k3,3,0.3107108619006383
cleanStatic,calibration,71,71.28869352,4,30,1781967338,1782467338,5562006.217646,2275602.5083594983,shuffled_k3,3,0.9548662138894292
cleanStatic,calibration,71,71.28869352,4,30,1781967338,1782467338,5562006.217646,2275602.5083594983,analytic_sparse_k5,5,0.3163093894447296
cleanStatic,calibration,71,71.28869352,4,30,1781967338,1782467338,5562006.217646,2275602.5083594983,uniform_k5,5,0.2688709336890903
cleanStatic,calibration,71,71.28869352,4,30,1781967338,1782467338,5562006.217646,2275602.5083594983,shuffled_k5,5,0.5403392518717091
cleanStatic,calibration,71,71.28869352,4,30,1781967338,1782467338,5562006.217646,2275602.5083594983,analytic_sparse_k9,9,0.2840630526708673
cleanStatic,calibration,71,71.28869352,4,30,1781967338,1782467338,5562006.217646,2275602.5083594983,uniform_k9,9,0.18351699325915238
cleanStatic,calibration,71,71.28869352,4,30,1781967338,1782467338,5562006.217646,2275602.5083594983,shuffled_k9,9,0.9039070189399876
cleanStatic,calibration,71,71.28869352,4,30,1781967338,1782467338,5562006.217646,2275602.5083594983,ai_sparse_k3,3,1.0027930102225637
cleanStatic,calibration,71,71.28869352,4,30,1781967338,1782467338,5562006.217646,2275602.5083594983,pg_scc_k3,3,0.6451295536942107
cleanStatic,calibration,71,71.28869352,4,30,1781967338,1782467338,5562006.217646,2275602.5083594983,ai_sparse_k5,5,0.49933463725885296
cleanStatic,calibration,71,71.28869352,4,30,1781967338,1782467338,5562006.217646,2275602.5083594983,pg_scc_k5,5,0.2803417755788592
cleanStatic,calibration,71,71.28869352,4,30,1781967338,1782467338,5562006.217646,2275602.5083594983,ai_sparse_k9,9,0.1371278727477337
cleanStatic,calibration,71,71.28869352,4,30,1781967338,1782467338,5562006.217646,2275602.5083594983,pg_scc_k9,9,0.6993700771469674
cleanStatic,calibration,71,71.28869352,4,30,1781967338,1782467338,5562006.217646,2275602.5083594983,epl3,3,2.1190859208193253
cleanStatic,calibration,71,71.28869352,4,30,1781967338,1782467338,5562006.217646,2275602.5083594983,fixed9,9,0.19269706251337304
cleanStatic,calibration,71,71.28869352,4,30,1781967338,1782467338,5562006.217646,2275602.5083594983,random1_k3,3,1.3795774114367463
cleanStatic,calibration,71,71.28869352,4,30,1781967338,1782467338,5562006.217646,2275602.5083594983,random2_k3,3,0.6572779521266819
cleanStatic,calibration,71,71.28869352,4,30,1781967338,1782467338,5562006.217646,2275602.5083594983,random3_k3,3,0.5432676131425747
cleanStatic,calibration,71,71.28869352,4,30,1781967338,1782467338,5562006.217646,2275602.5083594983,random4_k3,3,1.2237556529354425
cleanStatic,calibration,71,71.28869352,4,30,1781967338,1782467338,5562006.217646,2275602.5083594983,random5_k3,3,0.5609845865891093
cleanStatic,calibration,71,71.28869352,4,30,1781967338,1782467338,5562006.217646,2275602.5083594983,random1_k5,5,1.216331777888082
cleanStatic,calibration,71,71.28869352,4,30,1781967338,1782467338,5562006.217646,2275602.5083594983,random2_k5,5,1.0837834653319192
cleanStatic,calibration,71,71.28869352,4,30,1781967338,1782467338,5562006.217646,2275602.5083594983,random3_k5,5,0.5169132040638488
cleanStatic,calibration,71,71.28869352,4,30,1781967338,1782467338,5562006.217646,2275602.5083594983,random4_k5,5,1.2628710686815772
cleanStatic,calibration,71,71.28869352,4,30,1781967338,1782467338,5562006.217646,2275602.5083594983,random5_k5,5,0.9332147299370586
cleanStatic,calibration,71,71.28869352,4,30,1781967338,1782467338,5562006.217646,2275602.5083594983,random1_k9,9,1.0103244934839273
cleanStatic,calibration,71,71.28869352,4,30,1781967338,1782467338,5562006.217646,2275602.5083594983,random2_k9,9,0.3676328149009035
cleanStatic,calibration,71,71.28869352,4,30,1781967338,1782467338,5562006.217646,2275602.5083594983,random3_k9,9,0.5809438690399636
cleanStatic,calibration,71,71.28869352,4,30,1781967338,1782467338,5562006.217646,2275602.5083594983,random4_k9,9,0.47040641289732044
cleanStatic,calibration,71,71.28869352,4,30,1781967338,1782467338,5562006.217646,2275602.5083594983,random5_k9,9,0.11869713505136698
cleanStatic,calibration,71,71.00666556,5,6,1774916639,1775416639,5530472.783527999,4511929.133381197,dense_two_source_glrt,187,0.16690383077089962
cleanStatic,calibration,71,71.00666556,5,6,1774916639,1775416639,5530472.783527999,4511929.133381197,dense_one_source_residual,187,0.605714999393804
cleanStatic,calibration,71,71.00666556,5,6,1774916639,1775416639,5530472.783527999,4511929.133381197,raw_power_only,0,5530472.783527999
cleanStatic,calibration,71,71.00666556,5,6,1774916639,1775416639,5530472.783527999,4511929.133381197,analytic_sparse_k3,3,0.22875596638138115
cleanStatic,calibration,71,71.00666556,5,6,1774916639,1775416639,5530472.783527999,4511929.133381197,uniform_k3,3,0.3444831514387349
cleanStatic,calibration,71,71.00666556,5,6,1774916639,1775416639,5530472.783527999,4511929.133381197,shuffled_k3,3,0.15948066797364593
cleanStatic,calibration,71,71.00666556,5,6,1774916639,1775416639,5530472.783527999,4511929.133381197,analytic_sparse_k5,5,0.19593952059554717
cleanStatic,calibration,71,71.00666556,5,6,1774916639,1775416639,5530472.783527999,4511929.133381197,uniform_k5,5,0.163485250556438
cleanStatic,calibration,71,71.00666556,5,6,1774916639,1775416639,5530472.783527999,4511929.133381197,shuffled_k5,5,0.3757690349277588
cleanStatic,calibration,71,71.00666556,5,6,1774916639,1775416639,5530472.783527999,4511929.133381197,analytic_sparse_k9,9,0.2559271586604873
cleanStatic,calibration,71,71.00666556,5,6,1774916639,1775416639,5530472.783527999,4511929.133381197,uniform_k9,9,0.09043145576296426
cleanStatic,calibration,71,71.00666556,5,6,1774916639,1775416639,5530472.783527999,4511929.133381197,shuffled_k9,9,0.27608266880107846
cleanStatic,calibration,71,71.00666556,5,6,1774916639,1775416639,5530472.783527999,4511929.133381197,ai_sparse_k3,3,0.15112813008778145
cleanStatic,calibration,71,71.00666556,5,6,1774916639,1775416639,5530472.783527999,4511929.133381197,pg_scc_k3,3,0.16691973308825206
cleanStatic,calibration,71,71.00666556,5,6,1774916639,1775416639,5530472.783527999,4511929.133381197,ai_sparse_k5,5,0.2640232014386749
cleanStatic,calibration,71,71.00666556,5,6,1774916639,1775416639,5530472.783527999,4511929.133381197,pg_scc_k5,5,0.02591970291213448
cleanStatic,calibration,71,71.00666556,5,6,1774916639,1775416639,5530472.783527999,4511929.133381197,ai_sparse_k9,9,0.3680525529943977
cleanStatic,calibration,71,71.00666556,5,6,1774916639,1775416639,5530472.783527999,4511929.133381197,pg_scc_k9,9,0.08205759135104475
cleanStatic,calibration,71,71.00666556,5,6,1774916639,1775416639,5530472.783527999,4511929.133381197,epl3,3,0.6680561024252825
cleanStatic,calibration,71,71.00666556,5,6,1774916639,1775416639,5530472.783527999,4511929.133381197,fixed9,9,0.5298954923947345
cleanStatic,calibration,71,71.00666556,5,6,1774916639,1775416639,5530472.783527999,4511929.133381197,random1_k3,3,0.37935292294479067
cleanStatic,calibration,71,71.00666556,5,6,1774916639,1775416639,5530472.783527999,4511929.133381197,random2_k3,3,0.2596429394474586
cleanStatic,calibration,71,71.00666556,5,6,1774916639,1775416639,5530472.783527999,4511929.133381197,random3_k3,3,0.7111856793129464
cleanStatic,calibration,71,71.00666556,5,6,1774916639,1775416639,5530472.783527999,4511929.133381197,random4_k3,3,0.16225376348529127
cleanStatic,calibration,71,71.00666556,5,6,1774916639,1775416639,5530472.783527999,4511929.133381197,random5_k3,3,0.47204001895440567
cleanStatic,calibration,71,71.00666556,5,6,1774916639,1775416639,5530472.783527999,4511929.133381197,random1_k5,5,0.1549144677690955
cleanStatic,calibration,71,71.00666556,5,6,1774916639,1775416639,5530472.783527999,4511929.133381197,random2_k5,5,0.2274056245930473
cleanStatic,calibration,71,71.00666556,5,6,1774916639,1775416639,5530472.783527999,4511929.133381197,random3_k5,5,0.21728790661981529
cleanStatic,calibration,71,71.00666556,5,6,1774916639,1775416639,5530472.783527999,4511929.133381197,random4_k5,5,0.35683498774173833
cleanStatic,calibration,71,71.00666556,5,6,1774916639,1775416639,5530472.783527999,4511929.133381197,random5_k5,5,0.3842142730291612
cleanStatic,calibration,71,71.00666556,5,6,1774916639,1775416639,5530472.783527999,4511929.133381197,random1_k9,9,0.3610045384180166
cleanStatic,calibration,71,71.00666556,5,6,1774916639,1775416639,5530472.783527999,4511929.133381197,random2_k9,9,0.20150055664785904
cleanStatic,calibration,71,71.00666556,5,6,1774916639,1775416639,5530472.783527999,4511929.133381197,random3_k9,9,0.22952667178748198
cleanStatic,calibration,71,71.00666556,5,6,1774916639,1775416639,5530472.783527999,4511929.133381197,random4_k9,9,0.3084324524687597
cleanStatic,calibration,71,71.00666556,5,6,1774916639,1775416639,5530472.783527999,4511929.133381197,random5_k9,9,0.22805128507118402
cleanStatic,calibration,71,70.99017404,6,7,1774504351,1775004351,5572492.104179999,4408724.131343072,dense_two_source_glrt,187,0.057406879818820644
cleanStatic,calibration,71,70.99017404,6,7,1774504351,1775004351,5572492.104179999,4408724.131343072,dense_one_source_residual,187,1.4385169951017074
cleanStatic,calibration,71,70.99017404,6,7,1774504351,1775004351,5572492.104179999,4408724.131343072,raw_power_only,0,5572492.104179999
cleanStatic,calibration,71,70.99017404,6,7,1774504351,1775004351,5572492.104179999,4408724.131343072,analytic_sparse_k3,3,0.4814969288811617
cleanStatic,calibration,71,70.99017404,6,7,1774504351,1775004351,5572492.104179999,4408724.131343072,uniform_k3,3,0.7252597802305635
cleanStatic,calibration,71,70.99017404,6,7,1774504351,1775004351,5572492.104179999,4408724.131343072,shuffled_k3,3,1.1344054786104933
cleanStatic,calibration,71,70.99017404,6,7,1774504351,1775004351,5572492.104179999,4408724.131343072,analytic_sparse_k5,5,0.9591902095449836
cleanStatic,calibration,71,70.99017404,6,7,1774504351,1775004351,5572492.104179999,4408724.131343072,uniform_k5,5,0.9443274893552562
cleanStatic,calibration,71,70.99017404,6,7,1774504351,1775004351,5572492.104179999,4408724.131343072,shuffled_k5,5,0.6896685355675501
cleanStatic,calibration,71,70.99017404,6,7,1774504351,1775004351,5572492.104179999,4408724.131343072,analytic_sparse_k9,9,0.7095683654600086
cleanStatic,calibration,71,70.99017404,6,7,1774504351,1775004351,5572492.104179999,4408724.131343072,uniform_k9,9,0.16004020455312606
cleanStatic,calibration,71,70.99017404,6,7,1774504351,1775004351,5572492.104179999,4408724.131343072,shuffled_k9,9,0.38890073301856
cleanStatic,calibration,71,70.99017404,6,7,1774504351,1775004351,5572492.104179999,4408724.131343072,ai_sparse_k3,3,0.45596681134369615
cleanStatic,calibration,71,70.99017404,6,7,1774504351,1775004351,5572492.104179999,4408724.131343072,pg_scc_k3,3,0.9393175056413922
cleanStatic,calibration,71,70.99017404,6,7,1774504351,1775004351,5572492.104179999,4408724.131343072,ai_sparse_k5,5,0.4699233584121624
cleanStatic,calibration,71,70.99017404,6,7,1774504351,1775004351,5572492.104179999,4408724.131343072,pg_scc_k5,5,0.5189770763582897
cleanStatic,calibration,71,70.99017404,6,7,1774504351,1775004351,5572492.104179999,4408724.131343072,ai_sparse_k9,9,0.2011718636021335
cleanStatic,calibration,71,70.99017404,6,7,1774504351,1775004351,5572492.104179999,4408724.131343072,pg_scc_k9,9,0.372061761991895
cleanStatic,calibration,71,70.99017404,6,7,1774504351,1775004351,5572492.104179999,4408724.131343072,epl3,3,1.1902330455742653
cleanStatic,calibration,71,70.99017404,6,7,1774504351,1775004351,5572492.104179999,4408724.131343072,fixed9,9,0.6417129587184746
cleanStatic,calibration,71,70.99017404,6,7,1774504351,1775004351,5572492.104179999,4408724.131343072,random1_k3,3,1.24491160747748
cleanStatic,calibration,71,70.99017404,6,7,1774504351,1775004351,5572492.104179999,4408724.131343072,random2_k3,3,1.2327417613601155
cleanStatic,calibration,71,70.99017404,6,7,1774504351,1775004351,5572492.104179999,4408724.131343072,random3_k3,3,0.9396264859550727
cleanStatic,calibration,71,70.99017404,6,7,1774504351,1775004351,5572492.104179999,4408724.131343072,random4_k3,3,1.0329529615373334
cleanStatic,calibration,71,70.99017404,6,7,1774504351,1775004351,5572492.104179999,4408724.131343072,random5_k3,3,0.685592986833774
cleanStatic,calibration,71,70.99017404,6,7,1774504351,1775004351,5572492.104179999,4408724.131343072,random1_k5,5,0.3396949419302599
cleanStatic,calibration,71,70.99017404,6,7,1774504351,1775004351,5572492.104179999,4408724.131343072,random2_k5,5,0.8412272264752317
cleanStatic,calibration,71,70.99017404,6,7,1774504351,1775004351,5572492.104179999,4408724.131343072,random3_k5,5,0.6132813014329542
cleanStatic,calibration,71,70.99017404,6,7,1774504351,1775004351,5572492.104179999,4408724.131343072,random4_k5,5,0.792835326108421
cleanStatic,calibration,71,70.99017404,6,7,1774504351,1775004351,5572492.104179999,4408724.131343072,random5_k5,5,0.7948557691822054
cleanStatic,calibration,71,70.99017404,6,7,1774504351,1775004351,5572492.104179999,4408724.131343072,random1_k9,9,0.5519304958697129
cleanStatic,calibration,71,70.99017404,6,7,1774504351,1775004351,5572492.104179999,4408724.131343072,random2_k9,9,0.30302577329696945
cleanStatic,calibration,71,70.99017404,6,7,1774504351,1775004351,5572492.104179999,4408724.131343072,random3_k9,9,0.4913928295878601
cleanStatic,calibration,71,70.99017404,6,7,1774504351,1775004351,5572492.104179999,4408724.131343072,random4_k9,9,0.3006837402188395
cleanStatic,calibration,71,70.99017404,6,7,1774504351,1775004351,5572492.104179999,4408724.131343072,random5_k9,9,0.1848161916936238
cleanStatic,calibration,71,70.9953674,7,10,1774634185,1775134185,5562530.360548,2361725.5556380963,dense_two_source_glrt,187,0.16090589455489937
cleanStatic,calibration,71,70.9953674,7,10,1774634185,1775134185,5562530.360548,2361725.5556380963,dense_one_source_residual,187,1.164025244516221
cleanStatic,calibration,71,70.9953674,7,10,1774634185,1775134185,5562530.360548,2361725.5556380963,raw_power_only,0,5562530.360548
cleanStatic,calibration,71,70.9953674,7,10,1774634185,1775134185,5562530.360548,2361725.5556380963,analytic_sparse_k3,3,0.8069259662855875
cleanStatic,calibration,71,70.9953674,7,10,1774634185,1775134185,5562530.360548,2361725.5556380963,uniform_k3,3,0.16576183996865373
cleanStatic,calibration,71,70.9953674,7,10,1774634185,1775134185,5562530.360548,2361725.5556380963,shuffled_k3,3,0.4961951103861757
cleanStatic,calibration,71,70.9953674,7,10,1774634185,1775134185,5562530.360548,2361725.5556380963,analytic_sparse_k5,5,1.0939235879764886
cleanStatic,calibration,71,70.9953674,7,10,1774634185,1775134185,5562530.360548,2361725.5556380963,uniform_k5,5,0.26339017441066254
cleanStatic,calibration,71,70.9953674,7,10,1774634185,1775134185,5562530.360548,2361725.5556380963,shuffled_k5,5,2.1015510854392434
cleanStatic,calibration,71,70.9953674,7,10,1774634185,1775134185,5562530.360548,2361725.5556380963,analytic_sparse_k9,9,0.6033089233493948
cleanStatic,calibration,71,70.9953674,7,10,1774634185,1775134185,5562530.360548,2361725.5556380963,uniform_k9,9,0.09743515953580476
cleanStatic,calibration,71,70.9953674,7,10,1774634185,1775134185,5562530.360548,2361725.5556380963,shuffled_k9,9,0.4497582238343136
cleanStatic,calibration,71,70.9953674,7,10,1774634185,1775134185,5562530.360548,2361725.5556380963,ai_sparse_k3,3,0.19900908160537115
cleanStatic,calibration,71,70.9953674,7,10,1774634185,1775134185,5562530.360548,2361725.5556380963,pg_scc_k3,3,0.14312812986256426
cleanStatic,calibration,71,70.9953674,7,10,1774634185,1775134185,5562530.360548,2361725.5556380963,ai_sparse_k5,5,0.3839132472735195
cleanStatic,calibration,71,70.9953674,7,10,1774634185,1775134185,5562530.360548,2361725.5556380963,pg_scc_k5,5,0.7146886757960786
cleanStatic,calibration,71,70.9953674,7,10,1774634185,1775134185,5562530.360548,2361725.5556380963,ai_sparse_k9,9,0.11291492648560356
cleanStatic,calibration,71,70.9953674,7,10,1774634185,1775134185,5562530.360548,2361725.5556380963,pg_scc_k9,9,0.28899552061320083
cleanStatic,calibration,71,70.9953674,7,10,1774634185,1775134185,5562530.360548,2361725.5556380963,epl3,3,1.521992558662638
cleanStatic,calibration,71,70.9953674,7,10,1774634185,1775134185,5562530.360548,2361725.5556380963,fixed9,9,0.6445669214547889
cleanStatic,calibration,71,70.9953674,7,10,1774634185,1775134185,5562530.360548,2361725.5556380963,random1_k3,3,1.01916052140238
cleanStatic,calibration,71,70.9953674,7,10,1774634185,1775134185,5562530.360548,2361725.5556380963,random2_k3,3,1.0548270955786505
cleanStatic,calibration,71,70.9953674,7,10,1774634185,1775134185,5562530.360548,2361725.5556380963,random3_k3,3,0.1528481617439539
cleanStatic,calibration,71,70.9953674,7,10,1774634185,1775134185,5562530.360548,2361725.5556380963,random4_k3,3,0.13739596945327284
cleanStatic,calibration,71,70.9953674,7,10,1774634185,1775134185,5562530.360548,2361725.5556380963,random5_k3,3,0.9794017420215125
cleanStatic,calibration,71,70.9953674,7,10,1774634185,1775134185,5562530.360548,2361725.5556380963,random1_k5,5,0.2918586815845662
cleanStatic,calibration,71,70.9953674,7,10,1774634185,1775134185,5562530.360548,2361725.5556380963,random2_k5,5,0.2108307314224545
cleanStatic,calibration,71,70.9953674,7,10,1774634185,1775134185,5562530.360548,2361725.5556380963,random3_k5,5,0.6773961664792082
cleanStatic,calibration,71,70.9953674,7,10,1774634185,1775134185,5562530.360548,2361725.5556380963,random4_k5,5,0.1198830872467703
cleanStatic,calibration,71,70.9953674,7,10,1774634185,1775134185,5562530.360548,2361725.5556380963,random5_k5,5,0.42984327375766346
cleanStatic,calibration,71,70.9953674,7,10,1774634185,1775134185,5562530.360548,2361725.5556380963,random1_k9,9,0.20126626887244312
cleanStatic,calibration,71,70.9953674,7,10,1774634185,1775134185,5562530.360548,2361725.5556380963,random2_k9,9,0.3805230375510824
cleanStatic,calibration,71,70.9953674,7,10,1774634185,1775134185,5562530.360548,2361725.5556380963,random3_k9,9,0.8431729626991231
cleanStatic,calibration,71,70.9953674,7,10,1774634185,1775134185,5562530.360548,2361725.5556380963,random4_k9,9,0.43007136705818766
cleanStatic,calibration,71,70.9953674,7,10,1774634185,1775134185,5562530.360548,2361725.5556380963,random5_k9,9,0.6793054153865364
cleanStatic,calibration,71,71.00565108,8,13,1774891277,1775391277,5530705.418389999,6246579.097412219,dense_two_source_glrt,187,0.07591641613934362
cleanStatic,calibration,71,71.00565108,8,13,1774891277,1775391277,5530705.418389999,6246579.097412219,dense_one_source_residual,187,0.24530582567241951
cleanStatic,calibration,71,71.00565108,8,13,1774891277,1775391277,5530705.418389999,6246579.097412219,raw_power_only,0,5530705.418389999
cleanStatic,calibration,71,71.00565108,8,13,1774891277,1775391277,5530705.418389999,6246579.097412219,analytic_sparse_k3,3,0.059126430772568676
cleanStatic,calibration,71,71.00565108,8,13,1774891277,1775391277,5530705.418389999,6246579.097412219,uniform_k3,3,0.2185209248001906
cleanStatic,calibration,71,71.00565108,8,13,1774891277,1775391277,5530705.418389999,6246579.097412219,shuffled_k3,3,0.0029661005416064296
cleanStatic,calibration,71,71.00565108,8,13,1774891277,1775391277,5530705.418389999,6246579.097412219,analytic_sparse_k5,5,0.048207477378369265
cleanStatic,calibration,71,71.00565108,8,13,1774891277,1775391277,5530705.418389999,6246579.097412219,uniform_k5,5,0.10684557432838557
cleanStatic,calibration,71,71.00565108,8,13,1774891277,1775391277,5530705.418389999,6246579.097412219,shuffled_k5,5,0.05611432925784363
cleanStatic,calibration,71,71.00565108,8,13,1774891277,1775391277,5530705.418389999,6246579.097412219,analytic_sparse_k9,9,0.06590311181984393
cleanStatic,calibration,71,71.00565108,8,13,1774891277,1775391277,5530705.418389999,6246579.097412219,uniform_k9,9,0.03037546442920252
cleanStatic,calibration,71,71.00565108,8,13,1774891277,1775391277,5530705.418389999,6246579.097412219,shuffled_k9,9,0.1611506954880343
cleanStatic,calibration,71,71.00565108,8,13,1774891277,1775391277,5530705.418389999,6246579.097412219,ai_sparse_k3,3,0.23610197347481487
cleanStatic,calibration,71,71.00565108,8,13,1774891277,1775391277,5530705.418389999,6246579.097412219,pg_scc_k3,3,0.4251962024698493
cleanStatic,calibration,71,71.00565108,8,13,1774891277,1775391277,5530705.418389999,6246579.097412219,ai_sparse_k5,5,0.21331154577828038
cleanStatic,calibration,71,71.00565108,8,13,1774891277,1775391277,5530705.418389999,6246579.097412219,pg_scc_k5,5,0.09427985692707064
cleanStatic,calibration,71,71.00565108,8,13,1774891277,1775391277,5530705.418389999,6246579.097412219,ai_sparse_k9,9,0.14335760404750786
cleanStatic,calibration,71,71.00565108,8,13,1774891277,1775391277,5530705.418389999,6246579.097412219,pg_scc_k9,9,0.14699716156062545
cleanStatic,calibration,71,71.00565108,8,13,1774891277,1775391277,5530705.418389999,6246579.097412219,epl3,3,0.12215713697043956
cleanStatic,calibration,71,71.00565108,8,13,1774891277,1775391277,5530705.418389999,6246579.097412219,fixed9,9,0.17235773191659737
cleanStatic,calibration,71,71.00565108,8,13,1774891277,1775391277,5530705.418389999,6246579.097412219,random1_k3,3,0.09152772994421372
cleanStatic,calibration,71,71.00565108,8,13,1774891277,1775391277,5530705.418389999,6246579.097412219,random2_k3,3,0.06560536431174362
cleanStatic,calibration,71,71.00565108,8,13,1774891277,1775391277,5530705.418389999,6246579.097412219,random3_k3,3,0.17118655103575833
cleanStatic,calibration,71,71.00565108,8,13,1774891277,1775391277,5530705.418389999,6246579.097412219,random4_k3,3,0.058205129108028074
cleanStatic,calibration,71,71.00565108,8,13,1774891277,1775391277,5530705.418389999,6246579.097412219,random5_k3,3,0.19687336629337474
cleanStatic,calibration,71,71.00565108,8,13,1774891277,1775391277,5530705.418389999,6246579.097412219,random1_k5,5,0.06501465054740893
cleanStatic,calibration,71,71.00565108,8,13,1774891277,1775391277,5530705.418389999,6246579.097412219,random2_k5,5,0.11699083220040016
cleanStatic,calibration,71,71.00565108,8,13,1774891277,1775391277,5530705.418389999,6246579.097412219,random3_k5,5,0.10471331645138393
cleanStatic,calibration,71,71.00565108,8,13,1774891277,1775391277,5530705.418389999,6246579.097412219,random4_k5,5,0.1553045464284283
cleanStatic,calibration,71,71.00565108,8,13,1774891277,1775391277,5530705.418389999,6246579.097412219,random5_k5,5,0.15186961815279348
cleanStatic,calibration,71,71.00565108,8,13,1774891277,1775391277,5530705.418389999,6246579.097412219,random1_k9,9,0.11670823534057506
cleanStatic,calibration,71,71.00565108,8,13,1774891277,1775391277,5530705.418389999,6246579.097412219,random2_k9,9,0.14457588702656946
cleanStatic,calibration,71,71.00565108,8,13,1774891277,1775391277,5530705.418389999,6246579.097412219,random3_k9,9,0.17329400481515975
cleanStatic,calibration,71,71.00565108,8,13,1774891277,1775391277,5530705.418389999,6246579.097412219,random4_k9,9,0.11398941129075801
cleanStatic,calibration,71,71.00565108,8,13,1774891277,1775391277,5530705.418389999,6246579.097412219,random5_k9,9,0.08653199795035303
cleanStatic,calibration,71,70.99747748,9,19,1774686937,1775186937,5554600.631568,4365807.451441144,dense_two_source_glrt,187,0.13965915436782242
cleanStatic,calibration,71,70.99747748,9,19,1774686937,1775186937,5554600.631568,4365807.451441144,dense_one_source_residual,187,0.9725797010434435
cleanStatic,calibration,71,70.99747748,9,19,1774686937,1775186937,5554600.631568,4365807.451441144,raw_power_only,0,5554600.631568
cleanStatic,calibration,71,70.99747748,9,19,1774686937,1775186937,5554600.631568,4365807.451441144,analytic_sparse_k3,3,0.2852737192116144
cleanStatic,calibration,71,70.99747748,9,19,1774686937,1775186937,5554600.631568,4365807.451441144,uniform_k3,3,0.4463578718117032
cleanStatic,calibration,71,70.99747748,9,19,1774686937,1775186937,5554600.631568,4365807.451441144,shuffled_k3,3,0.38822021325549466
cleanStatic,calibration,71,70.99747748,9,19,1774686937,1775186937,5554600.631568,4365807.451441144,analytic_sparse_k5,5,0.28122161137611845
cleanStatic,calibration,71,70.99747748,9,19,1774686937,1775186937,5554600.631568,4365807.451441144,uniform_k5,5,0.12260236258298311
cleanStatic,calibration,71,70.99747748,9,19,1774686937,1775186937,5554600.631568,4365807.451441144,shuffled_k5,5,0.5409988099664829
cleanStatic,calibration,71,70.99747748,9,19,1774686937,1775186937,5554600.631568,4365807.451441144,analytic_sparse_k9,9,0.3395438789844958
cleanStatic,calibration,71,70.99747748,9,19,1774686937,1775186937,5554600.631568,4365807.451441144,uniform_k9,9,0.02738126085781387
cleanStatic,calibration,71,70.99747748,9,19,1774686937,1775186937,5554600.631568,4365807.451441144,shuffled_k9,9,0.8553199326822101
cleanStatic,calibration,71,70.99747748,9,19,1774686937,1775186937,5554600.631568,4365807.451441144,ai_sparse_k3,3,1.1123549940630293
cleanStatic,calibration,71,70.99747748,9,19,1774686937,1775186937,5554600.631568,4365807.451441144,pg_scc_k3,3,1.4088353455524558
cleanStatic,calibration,71,70.99747748,9,19,1774686937,1775186937,5554600.631568,4365807.451441144,ai_sparse_k5,5,1.1593469401820935
cleanStatic,calibration,71,70.99747748,9,19,1774686937,1775186937,5554600.631568,4365807.451441144,pg_scc_k5,5,0.262151556540865
cleanStatic,calibration,71,70.99747748,9,19,1774686937,1775186937,5554600.631568,4365807.451441144,ai_sparse_k9,9,1.2388015356950228
cleanStatic,calibration,71,70.99747748,9,19,1774686937,1775186937,5554600.631568,4365807.451441144,pg_scc_k9,9,0.36907612406940277
cleanStatic,calibration,71,70.99747748,9,19,1774686937,1775186937,5554600.631568,4365807.451441144,epl3,3,1.630929757834008
cleanStatic,calibration,71,70.99747748,9,19,1774686937,1775186937,5554600.631568,4365807.451441144,fixed9,9,1.2241592797747933
cleanStatic,calibration,71,70.99747748,9,19,1774686937,1775186937,5554600.631568,4365807.451441144,random1_k3,3,0.3245978727512536
cleanStatic,calibration,71,70.99747748,9,19,1774686937,1775186937,5554600.631568,4365807.451441144,random2_k3,3,0.13787205002555183
cleanStatic,calibration,71,70.99747748,9,19,1774686937,1775186937,5554600.631568,4365807.451441144,random3_k3,3,0.29976232117526497
cleanStatic,calibration,71,70.99747748,9,19,1774686937,1775186937,5554600.631568,4365807.451441144,random4_k3,3,0.5685207122930618
cleanStatic,calibration,71,70.99747748,9,19,1774686937,1775186937,5554600.631568,4365807.451441144,random5_k3,3,0.23871208609951944
cleanStatic,calibration,71,70.99747748,9,19,1774686937,1775186937,5554600.631568,4365807.451441144,random1_k5,5,0.3674811312117502
cleanStatic,calibration,71,70.99747748,9,19,1774686937,1775186937,5554600.631568,4365807.451441144,random2_k5,5,0.19383668621924244
cleanStatic,calibration,71,70.99747748,9,19,1774686937,1775186937,5554600.631568,4365807.451441144,random3_k5,5,0.5022033706315966
cleanStatic,calibration,71,70.99747748,9,19,1774686937,1775186937,5554600.631568,4365807.451441144,random4_k5,5,0.4042252418889216
cleanStatic,calibration,71,70.99747748,9,19,1774686937,1775186937,5554600.631568,4365807.451441144,random5_k5,5,0.4599720448867279
cleanStatic,calibration,71,70.99747748,9,19,1774686937,1775186937,5554600.631568,4365807.451441144,random1_k9,9,0.6303749254917002
cleanStatic,calibration,71,70.99747748,9,19,1774686937,1775186937,5554600.631568,4365807.451441144,random2_k9,9,0.11338192521704175
cleanStatic,calibration,71,70.99747748,9,19,1774686937,1775186937,5554600.631568,4365807.451441144,random3_k9,9,0.5278916145114655
cleanStatic,calibration,71,70.99747748,9,19,1774686937,1775186937,5554600.631568,4365807.451441144,random4_k9,9,0.18480695158728655
cleanStatic,calibration,71,70.99747748,9,19,1774686937,1775186937,5554600.631568,4365807.451441144,random5_k9,9,0.12172984509424091
cleanStatic,calibration,71,70.99062124,10,23,1774515531,1775015531,5569946.486806,6658597.708032019,dense_two_source_glrt,187,0.015437950400248973
cleanStatic,calibration,71,70.99062124,10,23,1774515531,1775015531,5569946.486806,6658597.708032019,dense_one_source_residual,187,0.13560184986456028
cleanStatic,calibration,71,70.99062124,10,23,1774515531,1775015531,5569946.486806,6658597.708032019,raw_power_only,0,5569946.486806
cleanStatic,calibration,71,70.99062124,10,23,1774515531,1775015531,5569946.486806,6658597.708032019,analytic_sparse_k3,3,0.01793848810248664
cleanStatic,calibration,71,70.99062124,10,23,1774515531,1775015531,5569946.486806,6658597.708032019,uniform_k3,3,0.18347427777538786
cleanStatic,calibration,71,70.99062124,10,23,1774515531,1775015531,5569946.486806,6658597.708032019,shuffled_k3,3,0.03375503881426436
cleanStatic,calibration,71,70.99062124,10,23,1774515531,1775015531,5569946.486806,6658597.708032019,analytic_sparse_k5,5,0.04835000932161494
cleanStatic,calibration,71,70.99062124,10,23,1774515531,1775015531,5569946.486806,6658597.708032019,uniform_k5,5,0.0997662815284263
cleanStatic,calibration,71,70.99062124,10,23,1774515531,1775015531,5569946.486806,6658597.708032019,shuffled_k5,5,0.12586563548767504
cleanStatic,calibration,71,70.99062124,10,23,1774515531,1775015531,5569946.486806,6658597.708032019,analytic_sparse_k9,9,0.04186914728258289
cleanStatic,calibration,71,70.99062124,10,23,1774515531,1775015531,5569946.486806,6658597.708032019,uniform_k9,9,0.03452713862960588
cleanStatic,calibration,71,70.99062124,10,23,1774515531,1775015531,5569946.486806,6658597.708032019,shuffled_k9,9,0.09500967833053221
cleanStatic,calibration,71,70.99062124,10,23,1774515531,1775015531,5569946.486806,6658597.708032019,ai_sparse_k3,3,0.03179983742895786
cleanStatic,calibration,71,70.99062124,10,23,1774515531,1775015531,5569946.486806,6658597.708032019,pg_scc_k3,3,0.015314157747273946
cleanStatic,calibration,71,70.99062124,10,23,1774515531,1775015531,5569946.486806,6658597.708032019,ai_sparse_k5,5,0.0665368037252347
cleanStatic,calibration,71,70.99062124,10,23,1774515531,1775015531,5569946.486806,6658597.708032019,pg_scc_k5,5,0.03406359757278867
cleanStatic,calibration,71,70.99062124,10,23,1774515531,1775015531,5569946.486806,6658597.708032019,ai_sparse_k9,9,0.05681539385876122
cleanStatic,calibration,71,70.99062124,10,23,1774515531,1775015531,5569946.486806,6658597.708032019,pg_scc_k9,9,0.04478537635218806
cleanStatic,calibration,71,70.99062124,10,23,1774515531,1775015531,5569946.486806,6658597.708032019,epl3,3,0.1929523043321619
cleanStatic,calibration,71,70.99062124,10,23,1774515531,1775015531,5569946.486806,6658597.708032019,fixed9,9,0.05999451703896846
cleanStatic,calibration,71,70.99062124,10,23,1774515531,1775015531,5569946.486806,6658597.708032019,random1_k3,3,0.05970304741781526
cleanStatic,calibration,71,70.99062124,10,23,1774515531,1775015531,5569946.486806,6658597.708032019,random2_k3,3,0.03594042571546166
cleanStatic,calibration,71,70.99062124,10,23,1774515531,1775015531,5569946.486806,6658597.708032019,random3_k3,3,0.05884480291177709
cleanStatic,calibration,71,70.99062124,10,23,1774515531,1775015531,5569946.486806,6658597.708032019,random4_k3,3,0.04396392189643317
cleanStatic,calibration,71,70.99062124,10,23,1774515531,1775015531,5569946.486806,6658597.708032019,random5_k3,3,0.07027129258388198
cleanStatic,calibration,71,70.99062124,10,23,1774515531,1775015531,5569946.486806,6658597.708032019,random1_k5,5,0.07435773988354043
cleanStatic,calibration,71,70.99062124,10,23,1774515531,1775015531,5569946.486806,6658597.708032019,random2_k5,5,0.043272709120678654
cleanStatic,calibration,71,70.99062124,10,23,1774515531,1775015531,5569946.486806,6658597.708032019,random3_k5,5,0.06280895809505893
cleanStatic,calibration,71,70.99062124,10,23,1774515531,1775015531,5569946.486806,6658597.708032019,random4_k5,5,0.07671920110546983
cleanStatic,calibration,71,70.99062124,10,23,1774515531,1775015531,5569946.486806,6658597.708032019,random5_k5,5,0.06540394557714499
cleanStatic,calibration,71,70.99062124,10,23,1774515531,1775015531,5569946.486806,6658597.708032019,random1_k9,9,0.05473143963411077
cleanStatic,calibration,71,70.99062124,10,23,1774515531,1775015531,5569946.486806,6658597.708032019,random2_k9,9,0.02322028808247023
cleanStatic,calibration,71,70.99062124,10,23,1774515531,1775015531,5569946.486806,6658597.708032019,random3_k9,9,0.09089238606468726
cleanStatic,calibration,71,70.99062124,10,23,1774515531,1775015531,5569946.486806,6658597.708032019,random4_k9,9,0.04062094666838071
cleanStatic,calibration,71,70.99062124,10,23,1774515531,1775015531,5569946.486806,6658597.708032019,random5_k9,9,0.05846775590380636
cleanStatic,calibration,73,73.00533316,0,16,1824883329,1825383329,5480570.695928,4991448.614107161,dense_two_source_glrt,187,0.20337550368132112
cleanStatic,calibration,73,73.00533316,0,16,1824883329,1825383329,5480570.695928,4991448.614107161,dense_one_source_residual,187,0.901945918123941
cleanStatic,calibration,73,73.00533316,0,16,1824883329,1825383329,5480570.695928,4991448.614107161,raw_power_only,0,5480570.695928
cleanStatic,calibration,73,73.00533316,0,16,1824883329,1825383329,5480570.695928,4991448.614107161,analytic_sparse_k3,3,0.07677775765474969
cleanStatic,calibration,73,73.00533316,0,16,1824883329,1825383329,5480570.695928,4991448.614107161,uniform_k3,3,0.11900203522203578
cleanStatic,calibration,73,73.00533316,0,16,1824883329,1825383329,5480570.695928,4991448.614107161,shuffled_k3,3,0.02840992484388402
cleanStatic,calibration,73,73.00533316,0,16,1824883329,1825383329,5480570.695928,4991448.614107161,analytic_sparse_k5,5,0.13768320428774267
cleanStatic,calibration,73,73.00533316,0,16,1824883329,1825383329,5480570.695928,4991448.614107161,uniform_k5,5,0.2821928454206692
cleanStatic,calibration,73,73.00533316,0,16,1824883329,1825383329,5480570.695928,4991448.614107161,shuffled_k5,5,0.06223214188522848
cleanStatic,calibration,73,73.00533316,0,16,1824883329,1825383329,5480570.695928,4991448.614107161,analytic_sparse_k9,9,0.05431684606531152
cleanStatic,calibration,73,73.00533316,0,16,1824883329,1825383329,5480570.695928,4991448.614107161,uniform_k9,9,0.09947088813977562
cleanStatic,calibration,73,73.00533316,0,16,1824883329,1825383329,5480570.695928,4991448.614107161,shuffled_k9,9,0.3265313544362468
cleanStatic,calibration,73,73.00533316,0,16,1824883329,1825383329,5480570.695928,4991448.614107161,ai_sparse_k3,3,0.3221988241583625
cleanStatic,calibration,73,73.00533316,0,16,1824883329,1825383329,5480570.695928,4991448.614107161,pg_scc_k3,3,0.38662303021777733
cleanStatic,calibration,73,73.00533316,0,16,1824883329,1825383329,5480570.695928,4991448.614107161,ai_sparse_k5,5,0.2701495428303116
cleanStatic,calibration,73,73.00533316,0,16,1824883329,1825383329,5480570.695928,4991448.614107161,pg_scc_k5,5,0.23203422155603146
cleanStatic,calibration,73,73.00533316,0,16,1824883329,1825383329,5480570.695928,4991448.614107161,ai_sparse_k9,9,0.2891670083181767
cleanStatic,calibration,73,73.00533316,0,16,1824883329,1825383329,5480570.695928,4991448.614107161,pg_scc_k9,9,0.14527109056869994
cleanStatic,calibration,73,73.00533316,0,16,1824883329,1825383329,5480570.695928,4991448.614107161,epl3,3,0.6512900566980963
cleanStatic,calibration,73,73.00533316,0,16,1824883329,1825383329,5480570.695928,4991448.614107161,fixed9,9,0.25725122927876043
cleanStatic,calibration,73,73.00533316,0,16,1824883329,1825383329,5480570.695928,4991448.614107161,random1_k3,3,1.7349886661691363
cleanStatic,calibration,73,73.00533316,0,16,1824883329,1825383329,5480570.695928,4991448.614107161,random2_k3,3,0.5115506772299363
cleanStatic,calibration,73,73.00533316,0,16,1824883329,1825383329,5480570.695928,4991448.614107161,random3_k3,3,0.7882816346139263
cleanStatic,calibration,73,73.00533316,0,16,1824883329,1825383329,5480570.695928,4991448.614107161,random4_k3,3,0.7126642112884669
cleanStatic,calibration,73,73.00533316,0,16,1824883329,1825383329,5480570.695928,4991448.614107161,random5_k3,3,0.3848051614649393
cleanStatic,calibration,73,73.00533316,0,16,1824883329,1825383329,5480570.695928,4991448.614107161,random1_k5,5,0.4820658649987948
cleanStatic,calibration,73,73.00533316,0,16,1824883329,1825383329,5480570.695928,4991448.614107161,random2_k5,5,0.1264043924708566
cleanStatic,calibration,73,73.00533316,0,16,1824883329,1825383329,5480570.695928,4991448.614107161,random3_k5,5,0.13614936178453332
cleanStatic,calibration,73,73.00533316,0,16,1824883329,1825383329,5480570.695928,4991448.614107161,random4_k5,5,0.8739826810039762
cleanStatic,calibration,73,73.00533316,0,16,1824883329,1825383329,5480570.695928,4991448.614107161,random5_k5,5,0.4038593640559342
cleanStatic,calibration,73,73.00533316,0,16,1824883329,1825383329,5480570.695928,4991448.614107161,random1_k9,9,0.3743470709094437
cleanStatic,calibration,73,73.00533316,0,16,1824883329,1825383329,5480570.695928,4991448.614107161,random2_k9,9,0.27980480163041854
cleanStatic,calibration,73,73.00533316,0,16,1824883329,1825383329,5480570.695928,4991448.614107161,random3_k9,9,0.48286317503946613
cleanStatic,calibration,73,73.00533316,0,16,1824883329,1825383329,5480570.695928,4991448.614107161,random4_k9,9,0.7598190325202502
cleanStatic,calibration,73,73.00533316,0,16,1824883329,1825383329,5480570.695928,4991448.614107161,random5_k9,9,0.8809479879241143
cleanStatic,calibration,73,72.99053408,2,3,1824513352,1825013352,5481942.546568,5793431.359704858,dense_two_source_glrt,187,0.15585162637676192
cleanStatic,calibration,73,72.99053408,2,3,1824513352,1825013352,5481942.546568,5793431.359704858,dense_one_source_residual,187,0.5716657153106833
cleanStatic,calibration,73,72.99053408,2,3,1824513352,1825013352,5481942.546568,5793431.359704858,raw_power_only,0,5481942.546568
cleanStatic,calibration,73,72.99053408,2,3,1824513352,1825013352,5481942.546568,5793431.359704858,analytic_sparse_k3,3,0.05940406592582973
cleanStatic,calibration,73,72.99053408,2,3,1824513352,1825013352,5481942.546568,5793431.359704858,uniform_k3,3,0.15246996142355373
cleanStatic,calibration,73,72.99053408,2,3,1824513352,1825013352,5481942.546568,5793431.359704858,shuffled_k3,3,0.17302536917943664
cleanStatic,calibration,73,72.99053408,2,3,1824513352,1825013352,5481942.546568,5793431.359704858,analytic_sparse_k5,5,0.08503504959263969
cleanStatic,calibration,73,72.99053408,2,3,1824513352,1825013352,5481942.546568,5793431.359704858,uniform_k5,5,0.07998609931081709
cleanStatic,calibration,73,72.99053408,2,3,1824513352,1825013352,5481942.546568,5793431.359704858,shuffled_k5,5,0.2505753594883946
cleanStatic,calibration,73,72.99053408,2,3,1824513352,1825013352,5481942.546568,5793431.359704858,analytic_sparse_k9,9,0.12485830132886225
cleanStatic,calibration,73,72.99053408,2,3,1824513352,1825013352,5481942.546568,5793431.359704858,uniform_k9,9,0.038255341427931217
cleanStatic,calibration,73,72.99053408,2,3,1824513352,1825013352,5481942.546568,5793431.359704858,shuffled_k9,9,0.46502488618309573
cleanStatic,calibration,73,72.99053408,2,3,1824513352,1825013352,5481942.546568,5793431.359704858,ai_sparse_k3,3,0.5503094467832755
cleanStatic,calibration,73,72.99053408,2,3,1824513352,1825013352,5481942.546568,5793431.359704858,pg_scc_k3,3,0.31200756699202453
cleanStatic,calibration,73,72.99053408,2,3,1824513352,1825013352,5481942.546568,5793431.359704858,ai_sparse_k5,5,0.547544564320121
cleanStatic,calibration,73,72.99053408,2,3,1824513352,1825013352,5481942.546568,5793431.359704858,pg_scc_k5,5,0.24412945679559028
cleanStatic,calibration,73,72.99053408,2,3,1824513352,1825013352,5481942.546568,5793431.359704858,ai_sparse_k9,9,0.30964365977880753
cleanStatic,calibration,73,72.99053408,2,3,1824513352,1825013352,5481942.546568,5793431.359704858,pg_scc_k9,9,0.1602901818634305
cleanStatic,calibration,73,72.99053408,2,3,1824513352,1825013352,5481942.546568,5793431.359704858,epl3,3,0.922817047759482
cleanStatic,calibration,73,72.99053408,2,3,1824513352,1825013352,5481942.546568,5793431.359704858,fixed9,9,0.4912932515593047
cleanStatic,calibration,73,72.99053408,2,3,1824513352,1825013352,5481942.546568,5793431.359704858,random1_k3,3,0.5871215024032966
cleanStatic,calibration,73,72.99053408,2,3,1824513352,1825013352,5481942.546568,5793431.359704858,random2_k3,3,0.1766833560917581
cleanStatic,calibration,73,72.99053408,2,3,1824513352,1825013352,5481942.546568,5793431.359704858,random3_k3,3,0.5953723480453847
cleanStatic,calibration,73,72.99053408,2,3,1824513352,1825013352,5481942.546568,5793431.359704858,random4_k3,3,0.08290068907565856
cleanStatic,calibration,73,72.99053408,2,3,1824513352,1825013352,5481942.546568,5793431.359704858,random5_k3,3,0.08714579537022747
cleanStatic,calibration,73,72.99053408,2,3,1824513352,1825013352,5481942.546568,5793431.359704858,random1_k5,5,0.2660400741453165
cleanStatic,calibration,73,72.99053408,2,3,1824513352,1825013352,5481942.546568,5793431.359704858,random2_k5,5,0.25193969248135967
cleanStatic,calibration,73,72.99053408,2,3,1824513352,1825013352,5481942.546568,5793431.359704858,random3_k5,5,0.22101812581318728
cleanStatic,calibration,73,72.99053408,2,3,1824513352,1825013352,5481942.546568,5793431.359704858,random4_k5,5,0.17975987959825016
cleanStatic,calibration,73,72.99053408,2,3,1824513352,1825013352,5481942.546568,5793431.359704858,random5_k5,5,0.25412630856353907
cleanStatic,calibration,73,72.99053408,2,3,1824513352,1825013352,5481942.546568,5793431.359704858,random1_k9,9,0.6721607036918245
cleanStatic,calibration,73,72.99053408,2,3,1824513352,1825013352,5481942.546568,5793431.359704858,random2_k9,9,0.24613116373622035
cleanStatic,calibration,73,72.99053408,2,3,1824513352,1825013352,5481942.546568,5793431.359704858,random3_k9,9,0.3305341886719829
cleanStatic,calibration,73,72.99053408,2,3,1824513352,1825013352,5481942.546568,5793431.359704858,random4_k9,9,0.3191702588035656
cleanStatic,calibration,73,72.99053408,2,3,1824513352,1825013352,5481942.546568,5793431.359704858,random5_k9,9,0.3408515444825142
cleanStatic,calibration,73,73.0043832,3,20,1824859580,1825359580,5481941.071716,2796572.583903703,dense_two_source_glrt,187,0.3093684466332391
cleanStatic,calibration,73,73.0043832,3,20,1824859580,1825359580,5481941.071716,2796572.583903703,dense_one_source_residual,187,1.282654799416435
cleanStatic,calibration,73,73.0043832,3,20,1824859580,1825359580,5481941.071716,2796572.583903703,raw_power_only,0,5481941.071716
cleanStatic,calibration,73,73.0043832,3,20,1824859580,1825359580,5481941.071716,2796572.583903703,analytic_sparse_k3,3,0.38555439427491717
cleanStatic,calibration,73,73.0043832,3,20,1824859580,1825359580,5481941.071716,2796572.583903703,uniform_k3,3,0.7740707527457499
cleanStatic,calibration,73,73.0043832,3,20,1824859580,1825359580,5481941.071716,2796572.583903703,shuffled_k3,3,0.27185918767370537
cleanStatic,calibration,73,73.0043832,3,20,1824859580,1825359580,5481941.071716,2796572.583903703,analytic_sparse_k5,5,0.30752508941717516
cleanStatic,calibration,73,73.0043832,3,20,1824859580,1825359580,5481941.071716,2796572.583903703,uniform_k5,5,0.4412040587957054
cleanStatic,calibration,73,73.0043832,3,20,1824859580,1825359580,5481941.071716,2796572.583903703,shuffled_k5,5,0.2803872792657271
cleanStatic,calibration,73,73.0043832,3,20,1824859580,1825359580,5481941.071716,2796572.583903703,analytic_sparse_k9,9,0.3367510466128805
cleanStatic,calibration,73,73.0043832,3,20,1824859580,1825359580,5481941.071716,2796572.583903703,uniform_k9,9,0.34909240616854664
cleanStatic,calibration,73,73.0043832,3,20,1824859580,1825359580,5481941.071716,2796572.583903703,shuffled_k9,9,0.9816305666263797
cleanStatic,calibration,73,73.0043832,3,20,1824859580,1825359580,5481941.071716,2796572.583903703,ai_sparse_k3,3,0.36699810565218255
cleanStatic,calibration,73,73.0043832,3,20,1824859580,1825359580,5481941.071716,2796572.583903703,pg_scc_k3,3,0.36403041744683123
cleanStatic,calibration,73,73.0043832,3,20,1824859580,1825359580,5481941.071716,2796572.583903703,ai_sparse_k5,5,0.7968479411324726
cleanStatic,calibration,73,73.0043832,3,20,1824859580,1825359580,5481941.071716,2796572.583903703,pg_scc_k5,5,0.14326401422436702
cleanStatic,calibration,73,73.0043832,3,20,1824859580,1825359580,5481941.071716,2796572.583903703,ai_sparse_k9,9,0.9238113479008424
cleanStatic,calibration,73,73.0043832,3,20,1824859580,1825359580,5481941.071716,2796572.583903703,pg_scc_k9,9,0.23706084337647226
cleanStatic,calibration,73,73.0043832,3,20,1824859580,1825359580,5481941.071716,2796572.583903703,epl3,3,1.5840947882735863
cleanStatic,calibration,73,73.0043832,3,20,1824859580,1825359580,5481941.071716,2796572.583903703,fixed9,9,0.9757663628162577
cleanStatic,calibration,73,73.0043832,3,20,1824859580,1825359580,5481941.071716,2796572.583903703,random1_k3,3,1.668065378329981
cleanStatic,calibration,73,73.0043832,3,20,1824859580,1825359580,5481941.071716,2796572.583903703,random2_k3,3,0.4062354668791779
cleanStatic,calibration,73,73.0043832,3,20,1824859580,1825359580,5481941.071716,2796572.583903703,random3_k3,3,0.4442300878886238
cleanStatic,calibration,73,73.0043832,3,20,1824859580,1825359580,5481941.071716,2796572.583903703,random4_k3,3,0.580251454363663
cleanStatic,calibration,73,73.0043832,3,20,1824859580,1825359580,5481941.071716,2796572.583903703,random5_k3,3,0.06244931159170397
cleanStatic,calibration,73,73.0043832,3,20,1824859580,1825359580,5481941.071716,2796572.583903703,random1_k5,5,0.5323169112008956
cleanStatic,calibration,73,73.0043832,3,20,1824859580,1825359580,5481941.071716,2796572.583903703,random2_k5,5,0.557702047772206
cleanStatic,calibration,73,73.0043832,3,20,1824859580,1825359580,5481941.071716,2796572.583903703,random3_k5,5,0.7513226121992991
cleanStatic,calibration,73,73.0043832,3,20,1824859580,1825359580,5481941.071716,2796572.583903703,random4_k5,5,0.2557507476559868
cleanStatic,calibration,73,73.0043832,3,20,1824859580,1825359580,5481941.071716,2796572.583903703,random5_k5,5,0.5289819664144648
cleanStatic,calibration,73,73.0043832,3,20,1824859580,1825359580,5481941.071716,2796572.583903703,random1_k9,9,0.6983000604148801
cleanStatic,calibration,73,73.0043832,3,20,1824859580,1825359580,5481941.071716,2796572.583903703,random2_k9,9,0.23195970418937625
cleanStatic,calibration,73,73.0043832,3,20,1824859580,1825359580,5481941.071716,2796572.583903703,random3_k9,9,0.6821464890290532
cleanStatic,calibration,73,73.0043832,3,20,1824859580,1825359580,5481941.071716,2796572.583903703,random4_k9,9,0.37224190414950326
cleanStatic,calibration,73,73.0043832,3,20,1824859580,1825359580,5481941.071716,2796572.583903703,random5_k9,9,0.40054738515959243
cleanStatic,calibration,73,73.01269716,4,30,1825067429,1825567429,5493399.329218,2169051.1982845226,dense_two_source_glrt,187,0.27147573966981736
cleanStatic,calibration,73,73.01269716,4,30,1825067429,1825567429,5493399.329218,2169051.1982845226,dense_one_source_residual,187,1.8704350590697902
cleanStatic,calibration,73,73.01269716,4,30,1825067429,1825567429,5493399.329218,2169051.1982845226,raw_power_only,0,5493399.329218
cleanStatic,calibration,73,73.01269716,4,30,1825067429,1825567429,5493399.329218,2169051.1982845226,analytic_sparse_k3,3,0.46359662967675835
cleanStatic,calibration,73,73.01269716,4,30,1825067429,1825567429,5493399.329218,2169051.1982845226,uniform_k3,3,2.1418783009589215
cleanStatic,calibration,73,73.01269716,4,30,1825067429,1825567429,5493399.329218,2169051.1982845226,shuffled_k3,3,0.9741384489760132
cleanStatic,calibration,73,73.01269716,4,30,1825067429,1825567429,5493399.329218,2169051.1982845226,analytic_sparse_k5,5,1.0376011912592045
cleanStatic,calibration,73,73.01269716,4,30,1825067429,1825567429,5493399.329218,2169051.1982845226,uniform_k5,5,1.1618398026341912
cleanStatic,calibration,73,73.01269716,4,30,1825067429,1825567429,5493399.329218,2169051.1982845226,shuffled_k5,5,1.2908856424226323
cleanStatic,calibration,73,73.01269716,4,30,1825067429,1825567429,5493399.329218,2169051.1982845226,analytic_sparse_k9,9,1.5753944086365408
cleanStatic,calibration,73,73.01269716,4,30,1825067429,1825567429,5493399.329218,2169051.1982845226,uniform_k9,9,0.7524711634017986
cleanStatic,calibration,73,73.01269716,4,30,1825067429,1825567429,5493399.329218,2169051.1982845226,shuffled_k9,9,0.4166434640724379
cleanStatic,calibration,73,73.01269716,4,30,1825067429,1825567429,5493399.329218,2169051.1982845226,ai_sparse_k3,3,0.7604461172460568
cleanStatic,calibration,73,73.01269716,4,30,1825067429,1825567429,5493399.329218,2169051.1982845226,pg_scc_k3,3,1.4996127768855267
cleanStatic,calibration,73,73.01269716,4,30,1825067429,1825567429,5493399.329218,2169051.1982845226,ai_sparse_k5,5,1.1860876767946822
cleanStatic,calibration,73,73.01269716,4,30,1825067429,1825567429,5493399.329218,2169051.1982845226,pg_scc_k5,5,0.5077694228645513
cleanStatic,calibration,73,73.01269716,4,30,1825067429,1825567429,5493399.329218,2169051.1982845226,ai_sparse_k9,9,0.5167290611112687
cleanStatic,calibration,73,73.01269716,4,30,1825067429,1825567429,5493399.329218,2169051.1982845226,pg_scc_k9,9,0.39961838099860025
cleanStatic,calibration,73,73.01269716,4,30,1825067429,1825567429,5493399.329218,2169051.1982845226,epl3,3,0.727618904430666
cleanStatic,calibration,73,73.01269716,4,30,1825067429,1825567429,5493399.329218,2169051.1982845226,fixed9,9,0.6943549016320397
cleanStatic,calibration,73,73.01269716,4,30,1825067429,1825567429,5493399.329218,2169051.1982845226,random1_k3,3,1.1505085795376637
cleanStatic,calibration,73,73.01269716,4,30,1825067429,1825567429,5493399.329218,2169051.1982845226,random2_k3,3,0.5630436760865862
cleanStatic,calibration,73,73.01269716,4,30,1825067429,1825567429,5493399.329218,2169051.1982845226,random3_k3,3,0.9742481206377268
cleanStatic,calibration,73,73.01269716,4,30,1825067429,1825567429,5493399.329218,2169051.1982845226,random4_k3,3,1.2424392938464948
cleanStatic,calibration,73,73.01269716,4,30,1825067429,1825567429,5493399.329218,2169051.1982845226,random5_k3,3,0.4209152563727929
cleanStatic,calibration,73,73.01269716,4,30,1825067429,1825567429,5493399.329218,2169051.1982845226,random1_k5,5,0.6354406936554706
cleanStatic,calibration,73,73.01269716,4,30,1825067429,1825567429,5493399.329218,2169051.1982845226,random2_k5,5,0.7183775451386796
cleanStatic,calibration,73,73.01269716,4,30,1825067429,1825567429,5493399.329218,2169051.1982845226,random3_k5,5,0.5176506779674466
cleanStatic,calibration,73,73.01269716,4,30,1825067429,1825567429,5493399.329218,2169051.1982845226,random4_k5,5,1.642066551491609
cleanStatic,calibration,73,73.01269716,4,30,1825067429,1825567429,5493399.329218,2169051.1982845226,random5_k5,5,0.8911559355540604
cleanStatic,calibration,73,73.01269716,4,30,1825067429,1825567429,5493399.329218,2169051.1982845226,random1_k9,9,0.5672276159078601
cleanStatic,calibration,73,73.01269716,4,30,1825067429,1825567429,5493399.329218,2169051.1982845226,random2_k9,9,0.408987450592002
cleanStatic,calibration,73,73.01269716,4,30,1825067429,1825567429,5493399.329218,2169051.1982845226,random3_k9,9,0.3368472660122603
cleanStatic,calibration,73,73.01269716,4,30,1825067429,1825567429,5493399.329218,2169051.1982845226,random4_k9,9,0.7291627438780041
cleanStatic,calibration,73,73.01269716,4,30,1825067429,1825567429,5493399.329218,2169051.1982845226,random5_k9,9,0.38200370699456687
cleanStatic,calibration,73,72.99066624,5,6,1824516656,1825016656,5481107.462274,4610873.078728099,dense_two_source_glrt,187,0.1513367264223338
cleanStatic,calibration,73,72.99066624,5,6,1824516656,1825016656,5481107.462274,4610873.078728099,dense_one_source_residual,187,0.958237199418651
cleanStatic,calibration,73,72.99066624,5,6,1824516656,1825016656,5481107.462274,4610873.078728099,raw_power_only,0,5481107.462274
cleanStatic,calibration,73,72.99066624,5,6,1824516656,1825016656,5481107.462274,4610873.078728099,analytic_sparse_k3,3,0.22722832029633425
cleanStatic,calibration,73,72.99066624,5,6,1824516656,1825016656,5481107.462274,4610873.078728099,uniform_k3,3,0.5372253574429536
cleanStatic,calibration,73,72.99066624,5,6,1824516656,1825016656,5481107.462274,4610873.078728099,shuffled_k3,3,0.6199951345869749
cleanStatic,calibration,73,72.99066624,5,6,1824516656,1825016656,5481107.462274,4610873.078728099,analytic_sparse_k5,5,0.3026903894959572
cleanStatic,calibration,73,72.99066624,5,6,1824516656,1825016656,5481107.462274,4610873.078728099,uniform_k5,5,0.34935295587888165
cleanStatic,calibration,73,72.99066624,5,6,1824516656,1825016656,5481107.462274,4610873.078728099,shuffled_k5,5,0.3143433085219593
cleanStatic,calibration,73,72.99066624,5,6,1824516656,1825016656,5481107.462274,4610873.078728099,analytic_sparse_k9,9,0.36067269428812665
cleanStatic,calibration,73,72.99066624,5,6,1824516656,1825016656,5481107.462274,4610873.078728099,uniform_k9,9,0.08521617051605003
cleanStatic,calibration,73,72.99066624,5,6,1824516656,1825016656,5481107.462274,4610873.078728099,shuffled_k9,9,0.5525252272944905
cleanStatic,calibration,73,72.99066624,5,6,1824516656,1825016656,5481107.462274,4610873.078728099,ai_sparse_k3,3,1.106429240259757
cleanStatic,calibration,73,72.99066624,5,6,1824516656,1825016656,5481107.462274,4610873.078728099,pg_scc_k3,3,1.2448713513734961
cleanStatic,calibration,73,72.99066624,5,6,1824516656,1825016656,5481107.462274,4610873.078728099,ai_sparse_k5,5,0.7669695450348107
cleanStatic,calibration,73,72.99066624,5,6,1824516656,1825016656,5481107.462274,4610873.078728099,pg_scc_k5,5,0.19939895220512086
cleanStatic,calibration,73,72.99066624,5,6,1824516656,1825016656,5481107.462274,4610873.078728099,ai_sparse_k9,9,0.6921750628608024
cleanStatic,calibration,73,72.99066624,5,6,1824516656,1825016656,5481107.462274,4610873.078728099,pg_scc_k9,9,0.23671845619515036
cleanStatic,calibration,73,72.99066624,5,6,1824516656,1825016656,5481107.462274,4610873.078728099,epl3,3,0.9292107180874666
cleanStatic,calibration,73,72.99066624,5,6,1824516656,1825016656,5481107.462274,4610873.078728099,fixed9,9,0.9172002886862332
cleanStatic,calibration,73,72.99066624,5,6,1824516656,1825016656,5481107.462274,4610873.078728099,random1_k3,3,0.7654251603996641
cleanStatic,calibration,73,72.99066624,5,6,1824516656,1825016656,5481107.462274,4610873.078728099,random2_k3,3,0.7249807362198185
cleanStatic,calibration,73,72.99066624,5,6,1824516656,1825016656,5481107.462274,4610873.078728099,random3_k3,3,0.8000250319312024
cleanStatic,calibration,73,72.99066624,5,6,1824516656,1825016656,5481107.462274,4610873.078728099,random4_k3,3,0.48622317210895766
cleanStatic,calibration,73,72.99066624,5,6,1824516656,1825016656,5481107.462274,4610873.078728099,random5_k3,3,0.13317049244522117
cleanStatic,calibration,73,72.99066624,5,6,1824516656,1825016656,5481107.462274,4610873.078728099,random1_k5,5,0.29247950114347343
cleanStatic,calibration,73,72.99066624,5,6,1824516656,1825016656,5481107.462274,4610873.078728099,random2_k5,5,0.2409132720943477
cleanStatic,calibration,73,72.99066624,5,6,1824516656,1825016656,5481107.462274,4610873.078728099,random3_k5,5,0.2922534168384304
cleanStatic,calibration,73,72.99066624,5,6,1824516656,1825016656,5481107.462274,4610873.078728099,random4_k5,5,0.3748147415751538
cleanStatic,calibration,73,72.99066624,5,6,1824516656,1825016656,5481107.462274,4610873.078728099,random5_k5,5,0.31250057679320936
cleanStatic,calibration,73,72.99066624,5,6,1824516656,1825016656,5481107.462274,4610873.078728099,random1_k9,9,0.23876000911497858
cleanStatic,calibration,73,72.99066624,5,6,1824516656,1825016656,5481107.462274,4610873.078728099,random2_k9,9,0.33278755837418267
cleanStatic,calibration,73,72.99066624,5,6,1824516656,1825016656,5481107.462274,4610873.078728099,random3_k9,9,0.40149993293069824
cleanStatic,calibration,73,72.99066624,5,6,1824516656,1825016656,5481107.462274,4610873.078728099,random4_k9,9,0.4371814481000658
cleanStatic,calibration,73,72.99066624,5,6,1824516656,1825016656,5481107.462274,4610873.078728099,random5_k9,9,0.3930429057399974
cleanStatic,calibration,73,72.99317168,6,7,1824579292,1825079292,5476620.342464001,4641000.503873053,dense_two_source_glrt,187,0.28062115886475225
cleanStatic,calibration,73,72.99317168,6,7,1824579292,1825079292,5476620.342464001,4641000.503873053,dense_one_source_residual,187,1.3374352243285794
cleanStatic,calibration,73,72.99317168,6,7,1824579292,1825079292,5476620.342464001,4641000.503873053,raw_power_only,0,5476620.342464001
cleanStatic,calibration,73,72.99317168,6,7,1824579292,1825079292,5476620.342464001,4641000.503873053,analytic_sparse_k3,3,0.18985518380845978
cleanStatic,calibration,73,72.99317168,6,7,1824579292,1825079292,5476620.342464001,4641000.503873053,uniform_k3,3,1.671621203817695
cleanStatic,calibration,73,72.99317168,6,7,1824579292,1825079292,5476620.342464001,4641000.503873053,shuffled_k3,3,0.4065683195158205
cleanStatic,calibration,73,72.99317168,6,7,1824579292,1825079292,5476620.342464001,4641000.503873053,analytic_sparse_k5,5,0.4523770069398908
cleanStatic,calibration,73,72.99317168,6,7,1824579292,1825079292,5476620.342464001,4641000.503873053,uniform_k5,5,0.9955132728612043
cleanStatic,calibration,73,72.99317168,6,7,1824579292,1825079292,5476620.342464001,4641000.503873053,shuffled_k5,5,0.4005147461388806
cleanStatic,calibration,73,72.99317168,6,7,1824579292,1825079292,5476620.342464001,4641000.503873053,analytic_sparse_k9,9,0.3073758107678734
cleanStatic,calibration,73,72.99317168,6,7,1824579292,1825079292,5476620.342464001,4641000.503873053,uniform_k9,9,0.07825606045377025
cleanStatic,calibration,73,72.99317168,6,7,1824579292,1825079292,5476620.342464001,4641000.503873053,shuffled_k9,9,0.835803180901315
cleanStatic,calibration,73,72.99317168,6,7,1824579292,1825079292,5476620.342464001,4641000.503873053,ai_sparse_k3,3,0.9141102357395271
cleanStatic,calibration,73,72.99317168,6,7,1824579292,1825079292,5476620.342464001,4641000.503873053,pg_scc_k3,3,0.7827577517262756
cleanStatic,calibration,73,72.99317168,6,7,1824579292,1825079292,5476620.342464001,4641000.503873053,ai_sparse_k5,5,0.5451526811942301
cleanStatic,calibration,73,72.99317168,6,7,1824579292,1825079292,5476620.342464001,4641000.503873053,pg_scc_k5,5,0.25488199770669573
cleanStatic,calibration,73,72.99317168,6,7,1824579292,1825079292,5476620.342464001,4641000.503873053,ai_sparse_k9,9,0.5712652042006803
cleanStatic,calibration,73,72.99317168,6,7,1824579292,1825079292,5476620.342464001,4641000.503873053,pg_scc_k9,9,0.24265183191116396
cleanStatic,calibration,73,72.99317168,6,7,1824579292,1825079292,5476620.342464001,4641000.503873053,epl3,3,1.0650088468139307
cleanStatic,calibration,73,72.99317168,6,7,1824579292,1825079292,5476620.342464001,4641000.503873053,fixed9,9,0.5060526711521258
cleanStatic,calibration,73,72.99317168,6,7,1824579292,1825079292,5476620.342464001,4641000.503873053,random1_k3,3,1.0211024836069824
cleanStatic,calibration,73,72.99317168,6,7,1824579292,1825079292,5476620.342464001,4641000.503873053,random2_k3,3,0.51919335603469
cleanStatic,calibration,73,72.99317168,6,7,1824579292,1825079292,5476620.342464001,4641000.503873053,random3_k3,3,0.29194564310427196
cleanStatic,calibration,73,72.99317168,6,7,1824579292,1825079292,5476620.342464001,4641000.503873053,random4_k3,3,0.7247312795872718
cleanStatic,calibration,73,72.99317168,6,7,1824579292,1825079292,5476620.342464001,4641000.503873053,random5_k3,3,0.3610475037693533
cleanStatic,calibration,73,72.99317168,6,7,1824579292,1825079292,5476620.342464001,4641000.503873053,random1_k5,5,0.704012634731809
cleanStatic,calibration,73,72.99317168,6,7,1824579292,1825079292,5476620.342464001,4641000.503873053,random2_k5,5,0.3756052243974608
cleanStatic,calibration,73,72.99317168,6,7,1824579292,1825079292,5476620.342464001,4641000.503873053,random3_k5,5,0.6410516280703226
cleanStatic,calibration,73,72.99317168,6,7,1824579292,1825079292,5476620.342464001,4641000.503873053,random4_k5,5,0.44140598172679424
cleanStatic,calibration,73,72.99317168,6,7,1824579292,1825079292,5476620.342464001,4641000.503873053,random5_k5,5,0.6905780539723575
cleanStatic,calibration,73,72.99317168,6,7,1824579292,1825079292,5476620.342464001,4641000.503873053,random1_k9,9,0.33210683027005494
cleanStatic,calibration,73,72.99317168,6,7,1824579292,1825079292,5476620.342464001,4641000.503873053,random2_k9,9,0.25581689180632683
cleanStatic,calibration,73,72.99317168,6,7,1824579292,1825079292,5476620.342464001,4641000.503873053,random3_k9,9,0.8902352298116725
cleanStatic,calibration,73,72.99317168,6,7,1824579292,1825079292,5476620.342464001,4641000.503873053,random4_k9,9,0.701974034047758
cleanStatic,calibration,73,72.99317168,6,7,1824579292,1825079292,5476620.342464001,4641000.503873053,random5_k9,9,0.670933488287086
cleanStatic,calibration,73,72.99036664,7,10,1824509166,1825009166,5481775.615618,2139563.9852423496,dense_two_source_glrt,187,0.2605741869404466
cleanStatic,calibration,73,72.99036664,7,10,1824509166,1825009166,5481775.615618,2139563.9852423496,dense_one_source_residual,187,2.1631799103306166
cleanStatic,calibration,73,72.99036664,7,10,1824509166,1825009166,5481775.615618,2139563.9852423496,raw_power_only,0,5481775.615618
cleanStatic,calibration,73,72.99036664,7,10,1824509166,1825009166,5481775.615618,2139563.9852423496,analytic_sparse_k3,3,0.7928176423147079
cleanStatic,calibration,73,72.99036664,7,10,1824509166,1825009166,5481775.615618,2139563.9852423496,uniform_k3,3,0.8652812404203106
cleanStatic,calibration,73,72.99036664,7,10,1824509166,1825009166,5481775.615618,2139563.9852423496,shuffled_k3,3,0.30190290806568526
cleanStatic,calibration,73,72.99036664,7,10,1824509166,1825009166,5481775.615618,2139563.9852423496,analytic_sparse_k5,5,0.6032309102047576
cleanStatic,calibration,73,72.99036664,7,10,1824509166,1825009166,5481775.615618,2139563.9852423496,uniform_k5,5,0.8982570182575671
cleanStatic,calibration,73,72.99036664,7,10,1824509166,1825009166,5481775.615618,2139563.9852423496,shuffled_k5,5,1.052514531411684
cleanStatic,calibration,73,72.99036664,7,10,1824509166,1825009166,5481775.615618,2139563.9852423496,analytic_sparse_k9,9,0.9184797097703024
cleanStatic,calibration,73,72.99036664,7,10,1824509166,1825009166,5481775.615618,2139563.9852423496,uniform_k9,9,0.40808669360128413
cleanStatic,calibration,73,72.99036664,7,10,1824509166,1825009166,5481775.615618,2139563.9852423496,shuffled_k9,9,0.26209240563017705
cleanStatic,calibration,73,72.99036664,7,10,1824509166,1825009166,5481775.615618,2139563.9852423496,ai_sparse_k3,3,1.0307048008202264
cleanStatic,calibration,73,72.99036664,7,10,1824509166,1825009166,5481775.615618,2139563.9852423496,pg_scc_k3,3,0.6803775069151609
cleanStatic,calibration,73,72.99036664,7,10,1824509166,1825009166,5481775.615618,2139563.9852423496,ai_sparse_k5,5,0.34465506087168923
cleanStatic,calibration,73,72.99036664,7,10,1824509166,1825009166,5481775.615618,2139563.9852423496,pg_scc_k5,5,1.2130143120995633
cleanStatic,calibration,73,72.99036664,7,10,1824509166,1825009166,5481775.615618,2139563.9852423496,ai_sparse_k9,9,0.8888919369451974
cleanStatic,calibration,73,72.99036664,7,10,1824509166,1825009166,5481775.615618,2139563.9852423496,pg_scc_k9,9,0.8019421435175501
cleanStatic,calibration,73,72.99036664,7,10,1824509166,1825009166,5481775.615618,2139563.9852423496,epl3,3,0.21319388645730034
cleanStatic,calibration,73,72.99036664,7,10,1824509166,1825009166,5481775.615618,2139563.9852423496,fixed9,9,0.27262762438219235
cleanStatic,calibration,73,72.99036664,7,10,1824509166,1825009166,5481775.615618,2139563.9852423496,random1_k3,3,0.5566030745230519
cleanStatic,calibration,73,72.99036664,7,10,1824509166,1825009166,5481775.615618,2139563.9852423496,random2_k3,3,0.2520395568744687
cleanStatic,calibration,73,72.99036664,7,10,1824509166,1825009166,5481775.615618,2139563.9852423496,random3_k3,3,0.8046231037124083
cleanStatic,calibration,73,72.99036664,7,10,1824509166,1825009166,5481775.615618,2139563.9852423496,random4_k3,3,0.5259276951387252
cleanStatic,calibration,73,72.99036664,7,10,1824509166,1825009166,5481775.615618,2139563.9852423496,random5_k3,3,0.1505042595468654
cleanStatic,calibration,73,72.99036664,7,10,1824509166,1825009166,5481775.615618,2139563.9852423496,random1_k5,5,1.3239062664974095
cleanStatic,calibration,73,72.99036664,7,10,1824509166,1825009166,5481775.615618,2139563.9852423496,random2_k5,5,1.2736603494071443
cleanStatic,calibration,73,72.99036664,7,10,1824509166,1825009166,5481775.615618,2139563.9852423496,random3_k5,5,1.781139587192986
cleanStatic,calibration,73,72.99036664,7,10,1824509166,1825009166,5481775.615618,2139563.9852423496,random4_k5,5,0.687070326388828
cleanStatic,calibration,73,72.99036664,7,10,1824509166,1825009166,5481775.615618,2139563.9852423496,random5_k5,5,0.8775664869805615
cleanStatic,calibration,73,72.99036664,7,10,1824509166,1825009166,5481775.615618,2139563.9852423496,random1_k9,9,0.9723828037712114
cleanStatic,calibration,73,72.99036664,7,10,1824509166,1825009166,5481775.615618,2139563.9852423496,random2_k9,9,0.5447216912118115
cleanStatic,calibration,73,72.99036664,7,10,1824509166,1825009166,5481775.615618,2139563.9852423496,random3_k9,9,0.22667700625185283
cleanStatic,calibration,73,72.99036664,7,10,1824509166,1825009166,5481775.615618,2139563.9852423496,random4_k9,9,0.43688336205317035
cleanStatic,calibration,73,72.99036664,7,10,1824509166,1825009166,5481775.615618,2139563.9852423496,random5_k9,9,0.585220282166816
cleanStatic,calibration,73,72.9906488,8,13,1824516220,1825016220,5481299.827084,6084951.438053056,dense_two_source_glrt,187,0.012332391212033769
cleanStatic,calibration,73,72.9906488,8,13,1824516220,1825016220,5481299.827084,6084951.438053056,dense_one_source_residual,187,0.2057366483315549
cleanStatic,calibration,73,72.9906488,8,13,1824516220,1825016220,5481299.827084,6084951.438053056,raw_power_only,0,5481299.827084
cleanStatic,calibration,73,72.9906488,8,13,1824516220,1825016220,5481299.827084,6084951.438053056,analytic_sparse_k3,3,0.030259585335159645
cleanStatic,calibration,73,72.9906488,8,13,1824516220,1825016220,5481299.827084,6084951.438053056,uniform_k3,3,0.05834289735817822
cleanStatic,calibration,73,72.9906488,8,13,1824516220,1825016220,5481299.827084,6084951.438053056,shuffled_k3,3,0.020644513052559255
cleanStatic,calibration,73,72.9906488,8,13,1824516220,1825016220,5481299.827084,6084951.438053056,analytic_sparse_k5,5,0.010928797322886435
cleanStatic,calibration,73,72.9906488,8,13,1824516220,1825016220,5481299.827084,6084951.438053056,uniform_k5,5,0.024995163531684544
cleanStatic,calibration,73,72.9906488,8,13,1824516220,1825016220,5481299.827084,6084951.438053056,shuffled_k5,5,0.03536630508377338
cleanStatic,calibration,73,72.9906488,8,13,1824516220,1825016220,5481299.827084,6084951.438053056,analytic_sparse_k9,9,0.016868529277899082
cleanStatic,calibration,73,72.9906488,8,13,1824516220,1825016220,5481299.827084,6084951.438053056,uniform_k9,9,0.004495572685344636
cleanStatic,calibration,73,72.9906488,8,13,1824516220,1825016220,5481299.827084,6084951.438053056,shuffled_k9,9,0.10644408830632932
cleanStatic,calibration,73,72.9906488,8,13,1824516220,1825016220,5481299.827084,6084951.438053056,ai_sparse_k3,3,0.28396311627206666
cleanStatic,calibration,73,72.9906488,8,13,1824516220,1825016220,5481299.827084,6084951.438053056,pg_scc_k3,3,0.12950743409531132
cleanStatic,calibration,73,72.9906488,8,13,1824516220,1825016220,5481299.827084,6084951.438053056,ai_sparse_k5,5,0.515948138625334
cleanStatic,calibration,73,72.9906488,8,13,1824516220,1825016220,5481299.827084,6084951.438053056,pg_scc_k5,5,0.10287469445517279
cleanStatic,calibration,73,72.9906488,8,13,1824516220,1825016220,5481299.827084,6084951.438053056,ai_sparse_k9,9,0.46502356595420935
cleanStatic,calibration,73,72.9906488,8,13,1824516220,1825016220,5481299.827084,6084951.438053056,pg_scc_k9,9,0.06529152467579258
cleanStatic,calibration,73,72.9906488,8,13,1824516220,1825016220,5481299.827084,6084951.438053056,epl3,3,0.12596240932285838
cleanStatic,calibration,73,72.9906488,8,13,1824516220,1825016220,5481299.827084,6084951.438053056,fixed9,9,0.2108499362207788
cleanStatic,calibration,73,72.9906488,8,13,1824516220,1825016220,5481299.827084,6084951.438053056,random1_k3,3,0.14457358666130835
cleanStatic,calibration,73,72.9906488,8,13,1824516220,1825016220,5481299.827084,6084951.438053056,random2_k3,3,0.11683867537060123
cleanStatic,calibration,73,72.9906488,8,13,1824516220,1825016220,5481299.827084,6084951.438053056,random3_k3,3,0.17938927452921552
cleanStatic,calibration,73,72.9906488,8,13,1824516220,1825016220,5481299.827084,6084951.438053056,random4_k3,3,0.02420313403224666
cleanStatic,calibration,73,72.9906488,8,13,1824516220,1825016220,5481299.827084,6084951.438053056,random5_k3,3,0.04412970165350368
cleanStatic,calibration,73,72.9906488,8,13,1824516220,1825016220,5481299.827084,6084951.438053056,random1_k5,5,0.22777967169880328
cleanStatic,calibration,73,72.9906488,8,13,1824516220,1825016220,5481299.827084,6084951.438053056,random2_k5,5,0.10261861888530024
cleanStatic,calibration,73,72.9906488,8,13,1824516220,1825016220,5481299.827084,6084951.438053056,random3_k5,5,0.009356428238573865
cleanStatic,calibration,73,72.9906488,8,13,1824516220,1825016220,5481299.827084,6084951.438053056,random4_k5,5,0.051619815401097835
cleanStatic,calibration,73,72.9906488,8,13,1824516220,1825016220,5481299.827084,6084951.438053056,random5_k5,5,0.12623808713736095
cleanStatic,calibration,73,72.9906488,8,13,1824516220,1825016220,5481299.827084,6084951.438053056,random1_k9,9,0.247047357590381
cleanStatic,calibration,73,72.9906488,8,13,1824516220,1825016220,5481299.827084,6084951.438053056,random2_k9,9,0.04850961003007123
cleanStatic,calibration,73,72.9906488,8,13,1824516220,1825016220,5481299.827084,6084951.438053056,random3_k9,9,0.04579029607055528
cleanStatic,calibration,73,72.9906488,8,13,1824516220,1825016220,5481299.827084,6084951.438053056,random4_k9,9,0.11391470506205491
cleanStatic,calibration,73,72.9906488,8,13,1824516220,1825016220,5481299.827084,6084951.438053056,random5_k9,9,0.04683989031057835
cleanStatic,calibration,73,73.00947416,9,19,1824986854,1825486854,5481550.336409999,4282503.033666024,dense_two_source_glrt,187,0.10865985632132967
cleanStatic,calibration,73,73.00947416,9,19,1824986854,1825486854,5481550.336409999,4282503.033666024,dense_one_source_residual,187,0.5978582755546925
cleanStatic,calibration,73,73.00947416,9,19,1824986854,1825486854,5481550.336409999,4282503.033666024,raw_power_only,0,5481550.336409999
cleanStatic,calibration,73,73.00947416,9,19,1824986854,1825486854,5481550.336409999,4282503.033666024,analytic_sparse_k3,3,0.1239219778557336
cleanStatic,calibration,73,73.00947416,9,19,1824986854,1825486854,5481550.336409999,4282503.033666024,uniform_k3,3,0.30085592163105696
cleanStatic,calibration,73,73.00947416,9,19,1824986854,1825486854,5481550.336409999,4282503.033666024,shuffled_k3,3,0.240899919865646
cleanStatic,calibration,73,73.00947416,9,19,1824986854,1825486854,5481550.336409999,4282503.033666024,analytic_sparse_k5,5,0.20728800260898494
cleanStatic,calibration,73,73.00947416,9,19,1824986854,1825486854,5481550.336409999,4282503.033666024,uniform_k5,5,0.4278759143158667
cleanStatic,calibration,73,73.00947416,9,19,1824986854,1825486854,5481550.336409999,4282503.033666024,shuffled_k5,5,0.767546121769802
cleanStatic,calibration,73,73.00947416,9,19,1824986854,1825486854,5481550.336409999,4282503.033666024,analytic_sparse_k9,9,0.21321026637738585
cleanStatic,calibration,73,73.00947416,9,19,1824986854,1825486854,5481550.336409999,4282503.033666024,uniform_k9,9,0.0843769888589402
cleanStatic,calibration,73,73.00947416,9,19,1824986854,1825486854,5481550.336409999,4282503.033666024,shuffled_k9,9,0.2593472921434972
cleanStatic,calibration,73,73.00947416,9,19,1824986854,1825486854,5481550.336409999,4282503.033666024,ai_sparse_k3,3,0.3510788198993396
cleanStatic,calibration,73,73.00947416,9,19,1824986854,1825486854,5481550.336409999,4282503.033666024,pg_scc_k3,3,0.5190141709615637
cleanStatic,calibration,73,73.00947416,9,19,1824986854,1825486854,5481550.336409999,4282503.033666024,ai_sparse_k5,5,0.2889610426303106
cleanStatic,calibration,73,73.00947416,9,19,1824986854,1825486854,5481550.336409999,4282503.033666024,pg_scc_k5,5,0.17573434110145994
cleanStatic,calibration,73,73.00947416,9,19,1824986854,1825486854,5481550.336409999,4282503.033666024,ai_sparse_k9,9,0.26974689481126135
cleanStatic,calibration,73,73.00947416,9,19,1824986854,1825486854,5481550.336409999,4282503.033666024,pg_scc_k9,9,0.34424006888156317
cleanStatic,calibration,73,73.00947416,9,19,1824986854,1825486854,5481550.336409999,4282503.033666024,epl3,3,0.37932898957136735
cleanStatic,calibration,73,73.00947416,9,19,1824986854,1825486854,5481550.336409999,4282503.033666024,fixed9,9,0.3395796495971214
cleanStatic,calibration,73,73.00947416,9,19,1824986854,1825486854,5481550.336409999,4282503.033666024,random1_k3,3,0.29917670015231296
cleanStatic,calibration,73,73.00947416,9,19,1824986854,1825486854,5481550.336409999,4282503.033666024,random2_k3,3,0.3237067411561906
cleanStatic,calibration,73,73.00947416,9,19,1824986854,1825486854,5481550.336409999,4282503.033666024,random3_k3,3,0.40336715575993815
cleanStatic,calibration,73,73.00947416,9,19,1824986854,1825486854,5481550.336409999,4282503.033666024,random4_k3,3,0.17796382554503035
cleanStatic,calibration,73,73.00947416,9,19,1824986854,1825486854,5481550.336409999,4282503.033666024,random5_k3,3,0.5472775877215742
cleanStatic,calibration,73,73.00947416,9,19,1824986854,1825486854,5481550.336409999,4282503.033666024,random1_k5,5,0.2821014087451509
cleanStatic,calibration,73,73.00947416,9,19,1824986854,1825486854,5481550.336409999,4282503.033666024,random2_k5,5,0.6048491393670715
cleanStatic,calibration,73,73.00947416,9,19,1824986854,1825486854,5481550.336409999,4282503.033666024,random3_k5,5,0.13672496246779406
cleanStatic,calibration,73,73.00947416,9,19,1824986854,1825486854,5481550.336409999,4282503.033666024,random4_k5,5,0.30798298731467055
cleanStatic,calibration,73,73.00947416,9,19,1824986854,1825486854,5481550.336409999,4282503.033666024,random5_k5,5,0.14012314295703146
cleanStatic,calibration,73,73.00947416,9,19,1824986854,1825486854,5481550.336409999,4282503.033666024,random1_k9,9,0.23408107389315255
cleanStatic,calibration,73,73.00947416,9,19,1824986854,1825486854,5481550.336409999,4282503.033666024,random2_k9,9,0.12235119872057659
cleanStatic,calibration,73,73.00947416,9,19,1824986854,1825486854,5481550.336409999,4282503.033666024,random3_k9,9,0.2778295878213011
cleanStatic,calibration,73,73.00947416,9,19,1824986854,1825486854,5481550.336409999,4282503.033666024,random4_k9,9,0.17272946659457633
cleanStatic,calibration,73,73.00947416,9,19,1824986854,1825486854,5481550.336409999,4282503.033666024,random5_k9,9,0.2926060228524992
cleanStatic,calibration,73,72.9906218,10,23,1824515545,1825015545,5481370.902985999,6458971.659190325,dense_two_source_glrt,187,0.023349154703240914
cleanStatic,calibration,73,72.9906218,10,23,1824515545,1825015545,5481370.902985999,6458971.659190325,dense_one_source_residual,187,0.19441018458186224
cleanStatic,calibration,73,72.9906218,10,23,1824515545,1825015545,5481370.902985999,6458971.659190325,raw_power_only,0,5481370.902985999
cleanStatic,calibration,73,72.9906218,10,23,1824515545,1825015545,5481370.902985999,6458971.659190325,analytic_sparse_k3,3,0.14650258876245686
cleanStatic,calibration,73,72.9906218,10,23,1824515545,1825015545,5481370.902985999,6458971.659190325,uniform_k3,3,0.16298139318548452
cleanStatic,calibration,73,72.9906218,10,23,1824515545,1825015545,5481370.902985999,6458971.659190325,shuffled_k3,3,0.018685508982731535
cleanStatic,calibration,73,72.9906218,10,23,1824515545,1825015545,5481370.902985999,6458971.659190325,analytic_sparse_k5,5,0.08519195966416648
cleanStatic,calibration,73,72.9906218,10,23,1824515545,1825015545,5481370.902985999,6458971.659190325,uniform_k5,5,0.0966879058350513
cleanStatic,calibration,73,72.9906218,10,23,1824515545,1825015545,5481370.902985999,6458971.659190325,shuffled_k5,5,0.11545023588695387
cleanStatic,calibration,73,72.9906218,10,23,1824515545,1825015545,5481370.902985999,6458971.659190325,analytic_sparse_k9,9,0.04372545030982682
cleanStatic,calibration,73,72.9906218,10,23,1824515545,1825015545,5481370.902985999,6458971.659190325,uniform_k9,9,0.018135671420246205
cleanStatic,calibration,73,72.9906218,10,23,1824515545,1825015545,5481370.902985999,6458971.659190325,shuffled_k9,9,0.04309830670741463
cleanStatic,calibration,73,72.9906218,10,23,1824515545,1825015545,5481370.902985999,6458971.659190325,ai_sparse_k3,3,0.06710075606331195
cleanStatic,calibration,73,72.9906218,10,23,1824515545,1825015545,5481370.902985999,6458971.659190325,pg_scc_k3,3,0.03508096850795941
cleanStatic,calibration,73,72.9906218,10,23,1824515545,1825015545,5481370.902985999,6458971.659190325,ai_sparse_k5,5,0.07759210575803341
cleanStatic,calibration,73,72.9906218,10,23,1824515545,1825015545,5481370.902985999,6458971.659190325,pg_scc_k5,5,0.04970274278105906
cleanStatic,calibration,73,72.9906218,10,23,1824515545,1825015545,5481370.902985999,6458971.659190325,ai_sparse_k9,9,0.05730769726006386
cleanStatic,calibration,73,72.9906218,10,23,1824515545,1825015545,5481370.902985999,6458971.659190325,pg_scc_k9,9,0.04348674495889471
cleanStatic,calibration,73,72.9906218,10,23,1824515545,1825015545,5481370.902985999,6458971.659190325,epl3,3,0.06347538621427971
cleanStatic,calibration,73,72.9906218,10,23,1824515545,1825015545,5481370.902985999,6458971.659190325,fixed9,9,0.04338055303829298
cleanStatic,calibration,73,72.9906218,10,23,1824515545,1825015545,5481370.902985999,6458971.659190325,random1_k3,3,0.05790738282095153
cleanStatic,calibration,73,72.9906218,10,23,1824515545,1825015545,5481370.902985999,6458971.659190325,random2_k3,3,0.13285173815208592
cleanStatic,calibration,73,72.9906218,10,23,1824515545,1825015545,5481370.902985999,6458971.659190325,random3_k3,3,0.018244870359178364
cleanStatic,calibration,73,72.9906218,10,23,1824515545,1825015545,5481370.902985999,6458971.659190325,random4_k3,3,0.18829444133351658
cleanStatic,calibration,73,72.9906218,10,23,1824515545,1825015545,5481370.902985999,6458971.659190325,random5_k3,3,0.1364526133035404
cleanStatic,calibration,73,72.9906218,10,23,1824515545,1825015545,5481370.902985999,6458971.659190325,random1_k5,5,0.13034711615700165
cleanStatic,calibration,73,72.9906218,10,23,1824515545,1825015545,5481370.902985999,6458971.659190325,random2_k5,5,0.057690193670528876
cleanStatic,calibration,73,72.9906218,10,23,1824515545,1825015545,5481370.902985999,6458971.659190325,random3_k5,5,0.02902077460274406
cleanStatic,calibration,73,72.9906218,10,23,1824515545,1825015545,5481370.902985999,6458971.659190325,random4_k5,5,0.08732970616165003
cleanStatic,calibration,73,72.9906218,10,23,1824515545,1825015545,5481370.902985999,6458971.659190325,random5_k5,5,0.1614413364095028
cleanStatic,calibration,73,72.9906218,10,23,1824515545,1825015545,5481370.902985999,6458971.659190325,random1_k9,9,0.061541195325977315
cleanStatic,calibration,73,72.9906218,10,23,1824515545,1825015545,5481370.902985999,6458971.659190325,random2_k9,9,0.07447184870230528
cleanStatic,calibration,73,72.9906218,10,23,1824515545,1825015545,5481370.902985999,6458971.659190325,random3_k9,9,0.06936019000301014
cleanStatic,calibration,73,72.9906218,10,23,1824515545,1825015545,5481370.902985999,6458971.659190325,random4_k9,9,0.2048328725960061
cleanStatic,calibration,73,72.9906218,10,23,1824515545,1825015545,5481370.902985999,6458971.659190325,random5_k9,9,0.05637419188151845
cleanStatic,calibration,74,73.99033492,0,16,1849508373,1850008373,5497685.506944,4887530.828634804,dense_two_source_glrt,187,0.08025270833464589
cleanStatic,calibration,74,73.99033492,0,16,1849508373,1850008373,5497685.506944,4887530.828634804,dense_one_source_residual,187,0.3992468519484989
cleanStatic,calibration,74,73.99033492,0,16,1849508373,1850008373,5497685.506944,4887530.828634804,raw_power_only,0,5497685.506944
cleanStatic,calibration,74,73.99033492,0,16,1849508373,1850008373,5497685.506944,4887530.828634804,analytic_sparse_k3,3,0.011655908868503645
cleanStatic,calibration,74,73.99033492,0,16,1849508373,1850008373,5497685.506944,4887530.828634804,uniform_k3,3,0.47298356495384186
cleanStatic,calibration,74,73.99033492,0,16,1849508373,1850008373,5497685.506944,4887530.828634804,shuffled_k3,3,0.04056149817334454
cleanStatic,calibration,74,73.99033492,0,16,1849508373,1850008373,5497685.506944,4887530.828634804,analytic_sparse_k5,5,0.009223595141973623
cleanStatic,calibration,74,73.99033492,0,16,1849508373,1850008373,5497685.506944,4887530.828634804,uniform_k5,5,0.40477776903112145
cleanStatic,calibration,74,73.99033492,0,16,1849508373,1850008373,5497685.506944,4887530.828634804,shuffled_k5,5,0.11078096955987375
cleanStatic,calibration,74,73.99033492,0,16,1849508373,1850008373,5497685.506944,4887530.828634804,analytic_sparse_k9,9,0.15307076343864404
cleanStatic,calibration,74,73.99033492,0,16,1849508373,1850008373,5497685.506944,4887530.828634804,uniform_k9,9,0.07725040953362224
cleanStatic,calibration,74,73.99033492,0,16,1849508373,1850008373,5497685.506944,4887530.828634804,shuffled_k9,9,0.18582558400815502
cleanStatic,calibration,74,73.99033492,0,16,1849508373,1850008373,5497685.506944,4887530.828634804,ai_sparse_k3,3,0.4589054257647278
cleanStatic,calibration,74,73.99033492,0,16,1849508373,1850008373,5497685.506944,4887530.828634804,pg_scc_k3,3,0.7725293084601171
cleanStatic,calibration,74,73.99033492,0,16,1849508373,1850008373,5497685.506944,4887530.828634804,ai_sparse_k5,5,0.42161775260823997
cleanStatic,calibration,74,73.99033492,0,16,1849508373,1850008373,5497685.506944,4887530.828634804,pg_scc_k5,5,0.47537813629561876
cleanStatic,calibration,74,73.99033492,0,16,1849508373,1850008373,5497685.506944,4887530.828634804,ai_sparse_k9,9,0.4284908138032094
cleanStatic,calibration,74,73.99033492,0,16,1849508373,1850008373,5497685.506944,4887530.828634804,pg_scc_k9,9,0.40818952753925924
cleanStatic,calibration,74,73.99033492,0,16,1849508373,1850008373,5497685.506944,4887530.828634804,epl3,3,0.0120878283540193
cleanStatic,calibration,74,73.99033492,0,16,1849508373,1850008373,5497685.506944,4887530.828634804,fixed9,9,0.19103359217480173
cleanStatic,calibration,74,73.99033492,0,16,1849508373,1850008373,5497685.506944,4887530.828634804,random1_k3,3,0.1523782379719089
cleanStatic,calibration,74,73.99033492,0,16,1849508373,1850008373,5497685.506944,4887530.828634804,random2_k3,3,0.15579190494467662
cleanStatic,calibration,74,73.99033492,0,16,1849508373,1850008373,5497685.506944,4887530.828634804,random3_k3,3,0.5882289378350908
cleanStatic,calibration,74,73.99033492,0,16,1849508373,1850008373,5497685.506944,4887530.828634804,random4_k3,3,0.15379609280245826
cleanStatic,calibration,74,73.99033492,0,16,1849508373,1850008373,5497685.506944,4887530.828634804,random5_k3,3,0.18288710688038276
cleanStatic,calibration,74,73.99033492,0,16,1849508373,1850008373,5497685.506944,4887530.828634804,random1_k5,5,0.10805801625128049
cleanStatic,calibration,74,73.99033492,0,16,1849508373,1850008373,5497685.506944,4887530.828634804,random2_k5,5,0.3947637335186818
cleanStatic,calibration,74,73.99033492,0,16,1849508373,1850008373,5497685.506944,4887530.828634804,random3_k5,5,0.057030942869799525
cleanStatic,calibration,74,73.99033492,0,16,1849508373,1850008373,5497685.506944,4887530.828634804,random4_k5,5,0.17817913430168636
cleanStatic,calibration,74,73.99033492,0,16,1849508373,1850008373,5497685.506944,4887530.828634804,random5_k5,5,0.10505931106097947
cleanStatic,calibration,74,73.99033492,0,16,1849508373,1850008373,5497685.506944,4887530.828634804,random1_k9,9,0.1870553302874868
cleanStatic,calibration,74,73.99033492,0,16,1849508373,1850008373,5497685.506944,4887530.828634804,random2_k9,9,0.1803079798628671
cleanStatic,calibration,74,73.99033492,0,16,1849508373,1850008373,5497685.506944,4887530.828634804,random3_k9,9,0.16474219625904604
cleanStatic,calibration,74,73.99033492,0,16,1849508373,1850008373,5497685.506944,4887530.828634804,random4_k9,9,0.08809652061961784
cleanStatic,calibration,74,73.99033492,0,16,1849508373,1850008373,5497685.506944,4887530.828634804,random5_k9,9,0.08214579349586026
cleanStatic,calibration,74,73.9905336,2,3,1849513340,1850013340,5498254.8505839985,5857089.5666934755,dense_two_source_glrt,187,0.09166101726076317
cleanStatic,calibration,74,73.9905336,2,3,1849513340,1850013340,5498254.8505839985,5857089.5666934755,dense_one_source_residual,187,0.35360226093886776
cleanStatic,calibration,74,73.9905336,2,3,1849513340,1850013340,5498254.8505839985,5857089.5666934755,raw_power_only,0,5498254.8505839985
cleanStatic,calibration,74,73.9905336,2,3,1849513340,1850013340,5498254.8505839985,5857089.5666934755,analytic_sparse_k3,3,0.005455418025946706
cleanStatic,calibration,74,73.9905336,2,3,1849513340,1850013340,5498254.8505839985,5857089.5666934755,uniform_k3,3,0.1363606559961821
cleanStatic,calibration,74,73.9905336,2,3,1849513340,1850013340,5498254.8505839985,5857089.5666934755,shuffled_k3,3,0.010226310875320953
cleanStatic,calibration,74,73.9905336,2,3,1849513340,1850013340,5498254.8505839985,5857089.5666934755,analytic_sparse_k5,5,0.12471617078916422
cleanStatic,calibration,74,73.9905336,2,3,1849513340,1850013340,5498254.8505839985,5857089.5666934755,uniform_k5,5,0.09014167480243204
cleanStatic,calibration,74,73.9905336,2,3,1849513340,1850013340,5498254.8505839985,5857089.5666934755,shuffled_k5,5,0.14195442458429466
cleanStatic,calibration,74,73.9905336,2,3,1849513340,1850013340,5498254.8505839985,5857089.5666934755,analytic_sparse_k9,9,0.047188668776288134
cleanStatic,calibration,74,73.9905336,2,3,1849513340,1850013340,5498254.8505839985,5857089.5666934755,uniform_k9,9,0.013238483310642972
cleanStatic,calibration,74,73.9905336,2,3,1849513340,1850013340,5498254.8505839985,5857089.5666934755,shuffled_k9,9,0.1682917811696466
cleanStatic,calibration,74,73.9905336,2,3,1849513340,1850013340,5498254.8505839985,5857089.5666934755,ai_sparse_k3,3,0.1730866487429159
cleanStatic,calibration,74,73.9905336,2,3,1849513340,1850013340,5498254.8505839985,5857089.5666934755,pg_scc_k3,3,0.132103029935739
cleanStatic,calibration,74,73.9905336,2,3,1849513340,1850013340,5498254.8505839985,5857089.5666934755,ai_sparse_k5,5,0.2822855343655323
cleanStatic,calibration,74,73.9905336,2,3,1849513340,1850013340,5498254.8505839985,5857089.5666934755,pg_scc_k5,5,0.09541446867963743
cleanStatic,calibration,74,73.9905336,2,3,1849513340,1850013340,5498254.8505839985,5857089.5666934755,ai_sparse_k9,9,0.2044162912414393
cleanStatic,calibration,74,73.9905336,2,3,1849513340,1850013340,5498254.8505839985,5857089.5666934755,pg_scc_k9,9,0.08584447132159252
cleanStatic,calibration,74,73.9905336,2,3,1849513340,1850013340,5498254.8505839985,5857089.5666934755,epl3,3,0.2785678970922709
cleanStatic,calibration,74,73.9905336,2,3,1849513340,1850013340,5498254.8505839985,5857089.5666934755,fixed9,9,0.30476527765131856
cleanStatic,calibration,74,73.9905336,2,3,1849513340,1850013340,5498254.8505839985,5857089.5666934755,random1_k3,3,0.4803328243836202
cleanStatic,calibration,74,73.9905336,2,3,1849513340,1850013340,5498254.8505839985,5857089.5666934755,random2_k3,3,0.045888333523967505
cleanStatic,calibration,74,73.9905336,2,3,1849513340,1850013340,5498254.8505839985,5857089.5666934755,random3_k3,3,0.25070689438230037
cleanStatic,calibration,74,73.9905336,2,3,1849513340,1850013340,5498254.8505839985,5857089.5666934755,random4_k3,3,0.026310498339507393
cleanStatic,calibration,74,73.9905336,2,3,1849513340,1850013340,5498254.8505839985,5857089.5666934755,random5_k3,3,0.06625795967554915
cleanStatic,calibration,74,73.9905336,2,3,1849513340,1850013340,5498254.8505839985,5857089.5666934755,random1_k5,5,0.1780416016229661
cleanStatic,calibration,74,73.9905336,2,3,1849513340,1850013340,5498254.8505839985,5857089.5666934755,random2_k5,5,0.12012859169629261
cleanStatic,calibration,74,73.9905336,2,3,1849513340,1850013340,5498254.8505839985,5857089.5666934755,random3_k5,5,0.29905058179578703
cleanStatic,calibration,74,73.9905336,2,3,1849513340,1850013340,5498254.8505839985,5857089.5666934755,random4_k5,5,0.12744615408188348
cleanStatic,calibration,74,73.9905336,2,3,1849513340,1850013340,5498254.8505839985,5857089.5666934755,random5_k5,5,0.12034428490943325
cleanStatic,calibration,74,73.9905336,2,3,1849513340,1850013340,5498254.8505839985,5857089.5666934755,random1_k9,9,0.24128297669013132
cleanStatic,calibration,74,73.9905336,2,3,1849513340,1850013340,5498254.8505839985,5857089.5666934755,random2_k9,9,0.04702252361703888
cleanStatic,calibration,74,73.9905336,2,3,1849513340,1850013340,5498254.8505839985,5857089.5666934755,random3_k9,9,0.11822132341589284
cleanStatic,calibration,74,73.9905336,2,3,1849513340,1850013340,5498254.8505839985,5857089.5666934755,random4_k9,9,0.14967564705042025
cleanStatic,calibration,74,73.9905336,2,3,1849513340,1850013340,5498254.8505839985,5857089.5666934755,random5_k9,9,0.21963334515478175
cleanStatic,calibration,74,74.00138508,3,20,1849784627,1850284627,5499813.100525999,2609766.171284331,dense_two_source_glrt,187,0.2213747180764911
cleanStatic,calibration,74,74.00138508,3,20,1849784627,1850284627,5499813.100525999,2609766.171284331,dense_one_source_residual,187,0.9165936587853615
cleanStatic,calibration,74,74.00138508,3,20,1849784627,1850284627,5499813.100525999,2609766.171284331,raw_power_only,0,5499813.100525999
cleanStatic,calibration,74,74.00138508,3,20,1849784627,1850284627,5499813.100525999,2609766.171284331,analytic_sparse_k3,3,0.7173777990592418
cleanStatic,calibration,74,74.00138508,3,20,1849784627,1850284627,5499813.100525999,2609766.171284331,uniform_k3,3,0.3630819456400562
cleanStatic,calibration,74,74.00138508,3,20,1849784627,1850284627,5499813.100525999,2609766.171284331,shuffled_k3,3,0.5685051214507097
cleanStatic,calibration,74,74.00138508,3,20,1849784627,1850284627,5499813.100525999,2609766.171284331,analytic_sparse_k5,5,0.7220000623376717
cleanStatic,calibration,74,74.00138508,3,20,1849784627,1850284627,5499813.100525999,2609766.171284331,uniform_k5,5,0.13989540959164432
cleanStatic,calibration,74,74.00138508,3,20,1849784627,1850284627,5499813.100525999,2609766.171284331,shuffled_k5,5,0.4542802028574939
cleanStatic,calibration,74,74.00138508,3,20,1849784627,1850284627,5499813.100525999,2609766.171284331,analytic_sparse_k9,9,0.3769430770660175
cleanStatic,calibration,74,74.00138508,3,20,1849784627,1850284627,5499813.100525999,2609766.171284331,uniform_k9,9,0.1121422109926332
cleanStatic,calibration,74,74.00138508,3,20,1849784627,1850284627,5499813.100525999,2609766.171284331,shuffled_k9,9,0.20055078378502877
cleanStatic,calibration,74,74.00138508,3,20,1849784627,1850284627,5499813.100525999,2609766.171284331,ai_sparse_k3,3,0.18465006152535912
cleanStatic,calibration,74,74.00138508,3,20,1849784627,1850284627,5499813.100525999,2609766.171284331,pg_scc_k3,3,0.20779714899930954
cleanStatic,calibration,74,74.00138508,3,20,1849784627,1850284627,5499813.100525999,2609766.171284331,ai_sparse_k5,5,0.2949127923179282
cleanStatic,calibration,74,74.00138508,3,20,1849784627,1850284627,5499813.100525999,2609766.171284331,pg_scc_k5,5,0.036308340808032025
cleanStatic,calibration,74,74.00138508,3,20,1849784627,1850284627,5499813.100525999,2609766.171284331,ai_sparse_k9,9,0.11361016102884476
cleanStatic,calibration,74,74.00138508,3,20,1849784627,1850284627,5499813.100525999,2609766.171284331,pg_scc_k9,9,0.06544838583790508
cleanStatic,calibration,74,74.00138508,3,20,1849784627,1850284627,5499813.100525999,2609766.171284331,epl3,3,0.40329412451648866
cleanStatic,calibration,74,74.00138508,3,20,1849784627,1850284627,5499813.100525999,2609766.171284331,fixed9,9,0.4172923529262882
cleanStatic,calibration,74,74.00138508,3,20,1849784627,1850284627,5499813.100525999,2609766.171284331,random1_k3,3,0.571646675182295
cleanStatic,calibration,74,74.00138508,3,20,1849784627,1850284627,5499813.100525999,2609766.171284331,random2_k3,3,0.4625937134469191
cleanStatic,calibration,74,74.00138508,3,20,1849784627,1850284627,5499813.100525999,2609766.171284331,random3_k3,3,0.5181012672048085
cleanStatic,calibration,74,74.00138508,3,20,1849784627,1850284627,5499813.100525999,2609766.171284331,random4_k3,3,0.9049610024837657
cleanStatic,calibration,74,74.00138508,3,20,1849784627,1850284627,5499813.100525999,2609766.171284331,random5_k3,3,0.24172129416730825
cleanStatic,calibration,74,74.00138508,3,20,1849784627,1850284627,5499813.100525999,2609766.171284331,random1_k5,5,0.4954728032732634
cleanStatic,calibration,74,74.00138508,3,20,1849784627,1850284627,5499813.100525999,2609766.171284331,random2_k5,5,0.6654935613436695
cleanStatic,calibration,74,74.00138508,3,20,1849784627,1850284627,5499813.100525999,2609766.171284331,random3_k5,5,0.8716036356119983
cleanStatic,calibration,74,74.00138508,3,20,1849784627,1850284627,5499813.100525999,2609766.171284331,random4_k5,5,0.5636642761192219
cleanStatic,calibration,74,74.00138508,3,20,1849784627,1850284627,5499813.100525999,2609766.171284331,random5_k5,5,0.21393860608872822
cleanStatic,calibration,74,74.00138508,3,20,1849784627,1850284627,5499813.100525999,2609766.171284331,random1_k9,9,0.7180637167689976
cleanStatic,calibration,74,74.00138508,3,20,1849784627,1850284627,5499813.100525999,2609766.171284331,random2_k9,9,0.21692602845845924
cleanStatic,calibration,74,74.00138508,3,20,1849784627,1850284627,5499813.100525999,2609766.171284331,random3_k9,9,0.0685659168661877
cleanStatic,calibration,74,74.00138508,3,20,1849784627,1850284627,5499813.100525999,2609766.171284331,random4_k9,9,0.12730420088573727
cleanStatic,calibration,74,74.00138508,3,20,1849784627,1850284627,5499813.100525999,2609766.171284331,random5_k9,9,0.04038452472368616
cleanStatic,calibration,74,74.00269924,4,30,1849817481,1850317481,5496048.911110001,2265794.801182422,dense_two_source_glrt,187,0.06279452786829663
cleanStatic,calibration,74,74.00269924,4,30,1849817481,1850317481,5496048.911110001,2265794.801182422,dense_one_source_residual,187,0.8119654998817031
cleanStatic,calibration,74,74.00269924,4,30,1849817481,1850317481,5496048.911110001,2265794.801182422,raw_power_only,0,5496048.911110001
cleanStatic,calibration,74,74.00269924,4,30,1849817481,1850317481,5496048.911110001,2265794.801182422,analytic_sparse_k3,3,0.23251916788083818
cleanStatic,calibration,74,74.00269924,4,30,1849817481,1850317481,5496048.911110001,2265794.801182422,uniform_k3,3,1.0836377166818616
cleanStatic,calibration,74,74.00269924,4,30,1849817481,1850317481,5496048.911110001,2265794.801182422,shuffled_k3,3,0.933108394809743
cleanStatic,calibration,74,74.00269924,4,30,1849817481,1850317481,5496048.911110001,2265794.801182422,analytic_sparse_k5,5,0.26156580605711577
cleanStatic,calibration,74,74.00269924,4,30,1849817481,1850317481,5496048.911110001,2265794.801182422,uniform_k5,5,0.422929065639598
cleanStatic,calibration,74,74.00269924,4,30,1849817481,1850317481,5496048.911110001,2265794.801182422,shuffled_k5,5,0.2071526187364306
cleanStatic,calibration,74,74.00269924,4,30,1849817481,1850317481,5496048.911110001,2265794.801182422,analytic_sparse_k9,9,0.21666701380651793
cleanStatic,calibration,74,74.00269924,4,30,1849817481,1850317481,5496048.911110001,2265794.801182422,uniform_k9,9,0.25051684566072235
cleanStatic,calibration,74,74.00269924,4,30,1849817481,1850317481,5496048.911110001,2265794.801182422,shuffled_k9,9,0.08689472951389002
cleanStatic,calibration,74,74.00269924,4,30,1849817481,1850317481,5496048.911110001,2265794.801182422,ai_sparse_k3,3,0.5641808328329697
cleanStatic,calibration,74,74.00269924,4,30,1849817481,1850317481,5496048.911110001,2265794.801182422,pg_scc_k3,3,0.2167177811504649
cleanStatic,calibration,74,74.00269924,4,30,1849817481,1850317481,5496048.911110001,2265794.801182422,ai_sparse_k5,5,0.4660615235580171
cleanStatic,calibration,74,74.00269924,4,30,1849817481,1850317481,5496048.911110001,2265794.801182422,pg_scc_k5,5,0.2518332122612733
cleanStatic,calibration,74,74.00269924,4,30,1849817481,1850317481,5496048.911110001,2265794.801182422,ai_sparse_k9,9,0.02833640741011223
cleanStatic,calibration,74,74.00269924,4,30,1849817481,1850317481,5496048.911110001,2265794.801182422,pg_scc_k9,9,0.196675067545938
cleanStatic,calibration,74,74.00269924,4,30,1849817481,1850317481,5496048.911110001,2265794.801182422,epl3,3,0.4879944670734322
cleanStatic,calibration,74,74.00269924,4,30,1849817481,1850317481,5496048.911110001,2265794.801182422,fixed9,9,0.11284679407607445
cleanStatic,calibration,74,74.00269924,4,30,1849817481,1850317481,5496048.911110001,2265794.801182422,random1_k3,3,0.5778621813562942
cleanStatic,calibration,74,74.00269924,4,30,1849817481,1850317481,5496048.911110001,2265794.801182422,random2_k3,3,0.4674401247511765
cleanStatic,calibration,74,74.00269924,4,30,1849817481,1850317481,5496048.911110001,2265794.801182422,random3_k3,3,0.43527518193439785
cleanStatic,calibration,74,74.00269924,4,30,1849817481,1850317481,5496048.911110001,2265794.801182422,random4_k3,3,0.3715318342104648
cleanStatic,calibration,74,74.00269924,4,30,1849817481,1850317481,5496048.911110001,2265794.801182422,random5_k3,3,0.16277515884588079
cleanStatic,calibration,74,74.00269924,4,30,1849817481,1850317481,5496048.911110001,2265794.801182422,random1_k5,5,0.2149570950369394
cleanStatic,calibration,74,74.00269924,4,30,1849817481,1850317481,5496048.911110001,2265794.801182422,random2_k5,5,0.3994914986300127
cleanStatic,calibration,74,74.00269924,4,30,1849817481,1850317481,5496048.911110001,2265794.801182422,random3_k5,5,0.3827394998577365
cleanStatic,calibration,74,74.00269924,4,30,1849817481,1850317481,5496048.911110001,2265794.801182422,random4_k5,5,0.1749591345811365
cleanStatic,calibration,74,74.00269924,4,30,1849817481,1850317481,5496048.911110001,2265794.801182422,random5_k5,5,0.09533035910091096
cleanStatic,calibration,74,74.00269924,4,30,1849817481,1850317481,5496048.911110001,2265794.801182422,random1_k9,9,0.11851960307354473
cleanStatic,calibration,74,74.00269924,4,30,1849817481,1850317481,5496048.911110001,2265794.801182422,random2_k9,9,0.17114663340073377
cleanStatic,calibration,74,74.00269924,4,30,1849817481,1850317481,5496048.911110001,2265794.801182422,random3_k9,9,0.08306883570204043
cleanStatic,calibration,74,74.00269924,4,30,1849817481,1850317481,5496048.911110001,2265794.801182422,random4_k9,9,0.19438293083893565
cleanStatic,calibration,74,74.00269924,4,30,1849817481,1850317481,5496048.911110001,2265794.801182422,random5_k9,9,0.1890007132727622
cleanStatic,calibration,74,73.9906666,5,6,1849516665,1850016665,5500889.804791999,4541916.650522313,dense_two_source_glrt,187,0.09027870181847948
cleanStatic,calibration,74,73.9906666,5,6,1849516665,1850016665,5500889.804791999,4541916.650522313,dense_one_source_residual,187,0.5902123580452509
cleanStatic,calibration,74,73.9906666,5,6,1849516665,1850016665,5500889.804791999,4541916.650522313,raw_power_only,0,5500889.804791999
cleanStatic,calibration,74,73.9906666,5,6,1849516665,1850016665,5500889.804791999,4541916.650522313,analytic_sparse_k3,3,0.05367335296025538
cleanStatic,calibration,74,73.9906666,5,6,1849516665,1850016665,5500889.804791999,4541916.650522313,uniform_k3,3,0.08242568761611756
cleanStatic,calibration,74,73.9906666,5,6,1849516665,1850016665,5500889.804791999,4541916.650522313,shuffled_k3,3,0.3937654301271098
cleanStatic,calibration,74,73.9906666,5,6,1849516665,1850016665,5500889.804791999,4541916.650522313,analytic_sparse_k5,5,0.0929995905770868
cleanStatic,calibration,74,73.9906666,5,6,1849516665,1850016665,5500889.804791999,4541916.650522313,uniform_k5,5,0.047487092494175084
cleanStatic,calibration,74,73.9906666,5,6,1849516665,1850016665,5500889.804791999,4541916.650522313,shuffled_k5,5,0.11112326489554983
cleanStatic,calibration,74,73.9906666,5,6,1849516665,1850016665,5500889.804791999,4541916.650522313,analytic_sparse_k9,9,0.1010641309028188
cleanStatic,calibration,74,73.9906666,5,6,1849516665,1850016665,5500889.804791999,4541916.650522313,uniform_k9,9,0.016361914084852387
cleanStatic,calibration,74,73.9906666,5,6,1849516665,1850016665,5500889.804791999,4541916.650522313,shuffled_k9,9,0.4172156172083565
cleanStatic,calibration,74,73.9906666,5,6,1849516665,1850016665,5500889.804791999,4541916.650522313,ai_sparse_k3,3,0.5200013100026951
cleanStatic,calibration,74,73.9906666,5,6,1849516665,1850016665,5500889.804791999,4541916.650522313,pg_scc_k3,3,0.488923807524388
cleanStatic,calibration,74,73.9906666,5,6,1849516665,1850016665,5500889.804791999,4541916.650522313,ai_sparse_k5,5,0.6738072553956822
cleanStatic,calibration,74,73.9906666,5,6,1849516665,1850016665,5500889.804791999,4541916.650522313,pg_scc_k5,5,0.28378478693062437
cleanStatic,calibration,74,73.9906666,5,6,1849516665,1850016665,5500889.804791999,4541916.650522313,ai_sparse_k9,9,0.6413341807226574
cleanStatic,calibration,74,73.9906666,5,6,1849516665,1850016665,5500889.804791999,4541916.650522313,pg_scc_k9,9,0.23065983107696367
cleanStatic,calibration,74,73.9906666,5,6,1849516665,1850016665,5500889.804791999,4541916.650522313,epl3,3,0.44055274386511006
cleanStatic,calibration,74,73.9906666,5,6,1849516665,1850016665,5500889.804791999,4541916.650522313,fixed9,9,0.717747840807625
cleanStatic,calibration,74,73.9906666,5,6,1849516665,1850016665,5500889.804791999,4541916.650522313,random1_k3,3,0.31398740694692107
cleanStatic,calibration,74,73.9906666,5,6,1849516665,1850016665,5500889.804791999,4541916.650522313,random2_k3,3,0.11694068237395439
cleanStatic,calibration,74,73.9906666,5,6,1849516665,1850016665,5500889.804791999,4541916.650522313,random3_k3,3,0.6305530696311271
cleanStatic,calibration,74,73.9906666,5,6,1849516665,1850016665,5500889.804791999,4541916.650522313,random4_k3,3,0.08605333662081831
cleanStatic,calibration,74,73.9906666,5,6,1849516665,1850016665,5500889.804791999,4541916.650522313,random5_k3,3,0.30427627068355384
cleanStatic,calibration,74,73.9906666,5,6,1849516665,1850016665,5500889.804791999,4541916.650522313,random1_k5,5,0.2656778922650339
cleanStatic,calibration,74,73.9906666,5,6,1849516665,1850016665,5500889.804791999,4541916.650522313,random2_k5,5,0.11313524419379725
cleanStatic,calibration,74,73.9906666,5,6,1849516665,1850016665,5500889.804791999,4541916.650522313,random3_k5,5,0.17492445600397835
cleanStatic,calibration,74,73.9906666,5,6,1849516665,1850016665,5500889.804791999,4541916.650522313,random4_k5,5,0.07128046254565232
cleanStatic,calibration,74,73.9906666,5,6,1849516665,1850016665,5500889.804791999,4541916.650522313,random5_k5,5,0.4287673238932491
cleanStatic,calibration,74,73.9906666,5,6,1849516665,1850016665,5500889.804791999,4541916.650522313,random1_k9,9,0.24590454181278254
cleanStatic,calibration,74,73.9906666,5,6,1849516665,1850016665,5500889.804791999,4541916.650522313,random2_k9,9,0.019597361012391328
cleanStatic,calibration,74,73.9906666,5,6,1849516665,1850016665,5500889.804791999,4541916.650522313,random3_k9,9,0.07812144986948209
cleanStatic,calibration,74,73.9906666,5,6,1849516665,1850016665,5500889.804791999,4541916.650522313,random4_k9,9,0.16440722131759888
cleanStatic,calibration,74,73.9906666,5,6,1849516665,1850016665,5500889.804791999,4541916.650522313,random5_k9,9,0.18381087273362973
cleanStatic,calibration,74,73.99017052,6,7,1849504263,1850004263,5496371.811835999,4307612.918026679,dense_two_source_glrt,187,0.09386981134346987
cleanStatic,calibration,74,73.99017052,6,7,1849504263,1850004263,5496371.811835999,4307612.918026679,dense_one_source_residual,187,1.1081516809899503
cleanStatic,calibration,74,73.99017052,6,7,1849504263,1850004263,5496371.811835999,4307612.918026679,raw_power_only,0,5496371.811835999
cleanStatic,calibration,74,73.99017052,6,7,1849504263,1850004263,5496371.811835999,4307612.918026679,analytic_sparse_k3,3,0.7880230301325281
cleanStatic,calibration,74,73.99017052,6,7,1849504263,1850004263,5496371.811835999,4307612.918026679,uniform_k3,3,0.7281879117064668
cleanStatic,calibration,74,73.99017052,6,7,1849504263,1850004263,5496371.811835999,4307612.918026679,shuffled_k3,3,0.2809949038559221
cleanStatic,calibration,74,73.99017052,6,7,1849504263,1850004263,5496371.811835999,4307612.918026679,analytic_sparse_k5,5,0.6158033484029446
cleanStatic,calibration,74,73.99017052,6,7,1849504263,1850004263,5496371.811835999,4307612.918026679,uniform_k5,5,0.7875063049662429
cleanStatic,calibration,74,73.99017052,6,7,1849504263,1850004263,5496371.811835999,4307612.918026679,shuffled_k5,5,0.4547037219146217
cleanStatic,calibration,74,73.99017052,6,7,1849504263,1850004263,5496371.811835999,4307612.918026679,analytic_sparse_k9,9,0.4333302429993123
cleanStatic,calibration,74,73.99017052,6,7,1849504263,1850004263,5496371.811835999,4307612.918026679,uniform_k9,9,0.12458724882547322
cleanStatic,calibration,74,73.99017052,6,7,1849504263,1850004263,5496371.811835999,4307612.918026679,shuffled_k9,9,0.43726402909279166
cleanStatic,calibration,74,73.99017052,6,7,1849504263,1850004263,5496371.811835999,4307612.918026679,ai_sparse_k3,3,0.2260350115695363
cleanStatic,calibration,74,73.99017052,6,7,1849504263,1850004263,5496371.811835999,4307612.918026679,pg_scc_k3,3,0.1968452619206081
cleanStatic,calibration,74,73.99017052,6,7,1849504263,1850004263,5496371.811835999,4307612.918026679,ai_sparse_k5,5,0.15042469199669214
cleanStatic,calibration,74,73.99017052,6,7,1849504263,1850004263,5496371.811835999,4307612.918026679,pg_scc_k5,5,0.40000841270614185
cleanStatic,calibration,74,73.99017052,6,7,1849504263,1850004263,5496371.811835999,4307612.918026679,ai_sparse_k9,9,0.17110340195690288
cleanStatic,calibration,74,73.99017052,6,7,1849504263,1850004263,5496371.811835999,4307612.918026679,pg_scc_k9,9,0.2776578621435386
cleanStatic,calibration,74,73.99017052,6,7,1849504263,1850004263,5496371.811835999,4307612.918026679,epl3,3,0.2970355828549895
cleanStatic,calibration,74,73.99017052,6,7,1849504263,1850004263,5496371.811835999,4307612.918026679,fixed9,9,0.11271511199259769
cleanStatic,calibration,74,73.99017052,6,7,1849504263,1850004263,5496371.811835999,4307612.918026679,random1_k3,3,0.5820446745425277
cleanStatic,calibration,74,73.99017052,6,7,1849504263,1850004263,5496371.811835999,4307612.918026679,random2_k3,3,0.8111402548280541
cleanStatic,calibration,74,73.99017052,6,7,1849504263,1850004263,5496371.811835999,4307612.918026679,random3_k3,3,0.31146270401123716
cleanStatic,calibration,74,73.99017052,6,7,1849504263,1850004263,5496371.811835999,4307612.918026679,random4_k3,3,0.6063884525269579
cleanStatic,calibration,74,73.99017052,6,7,1849504263,1850004263,5496371.811835999,4307612.918026679,random5_k3,3,0.7059819152984425
cleanStatic,calibration,74,73.99017052,6,7,1849504263,1850004263,5496371.811835999,4307612.918026679,random1_k5,5,0.2840412215197672
cleanStatic,calibration,74,73.99017052,6,7,1849504263,1850004263,5496371.811835999,4307612.918026679,random2_k5,5,0.32543153711081174
cleanStatic,calibration,74,73.99017052,6,7,1849504263,1850004263,5496371.811835999,4307612.918026679,random3_k5,5,0.7103654312259492
cleanStatic,calibration,74,73.99017052,6,7,1849504263,1850004263,5496371.811835999,4307612.918026679,random4_k5,5,0.3053109490325041
cleanStatic,calibration,74,73.99017052,6,7,1849504263,1850004263,5496371.811835999,4307612.918026679,random5_k5,5,0.42336974353819795
cleanStatic,calibration,74,73.99017052,6,7,1849504263,1850004263,5496371.811835999,4307612.918026679,random1_k9,9,0.15838516255983587
cleanStatic,calibration,74,73.99017052,6,7,1849504263,1850004263,5496371.811835999,4307612.918026679,random2_k9,9,0.3623412181672512
cleanStatic,calibration,74,73.99017052,6,7,1849504263,1850004263,5496371.811835999,4307612.918026679,random3_k9,9,0.5022130359579958
cleanStatic,calibration,74,73.99017052,6,7,1849504263,1850004263,5496371.811835999,4307612.918026679,random4_k9,9,0.5042741560696908
cleanStatic,calibration,74,73.99017052,6,7,1849504263,1850004263,5496371.811835999,4307612.918026679,random5_k9,9,0.17412998805594151
cleanStatic,calibration,74,73.99036628,7,10,1849509157,1850009157,5497557.983422,2329833.2550217486,dense_two_source_glrt,187,0.04058430985451056
cleanStatic,calibration,74,73.99036628,7,10,1849509157,1850009157,5497557.983422,2329833.2550217486,dense_one_source_residual,187,0.9141661750992786
cleanStatic,calibration,74,73.99036628,7,10,1849509157,1850009157,5497557.983422,2329833.2550217486,raw_power_only,0,5497557.983422
cleanStatic,calibration,74,73.99036628,7,10,1849509157,1850009157,5497557.983422,2329833.2550217486,analytic_sparse_k3,3,0.06490028934787427
cleanStatic,calibration,74,73.99036628,7,10,1849509157,1850009157,5497557.983422,2329833.2550217486,uniform_k3,3,1.4639637161160843
cleanStatic,calibration,74,73.99036628,7,10,1849509157,1850009157,5497557.983422,2329833.2550217486,shuffled_k3,3,0.2617705790013008
cleanStatic,calibration,74,73.99036628,7,10,1849509157,1850009157,5497557.983422,2329833.2550217486,analytic_sparse_k5,5,0.13534828195025148
cleanStatic,calibration,74,73.99036628,7,10,1849509157,1850009157,5497557.983422,2329833.2550217486,uniform_k5,5,0.5218910118777201
cleanStatic,calibration,74,73.99036628,7,10,1849509157,1850009157,5497557.983422,2329833.2550217486,shuffled_k5,5,0.365717819803416
cleanStatic,calibration,74,73.99036628,7,10,1849509157,1850009157,5497557.983422,2329833.2550217486,analytic_sparse_k9,9,0.2853221357221746
cleanStatic,calibration,74,73.99036628,7,10,1849509157,1850009157,5497557.983422,2329833.2550217486,uniform_k9,9,0.15156613068109948
cleanStatic,calibration,74,73.99036628,7,10,1849509157,1850009157,5497557.983422,2329833.2550217486,shuffled_k9,9,0.19614489812955493
cleanStatic,calibration,74,73.99036628,7,10,1849509157,1850009157,5497557.983422,2329833.2550217486,ai_sparse_k3,3,0.39880063594637427
cleanStatic,calibration,74,73.99036628,7,10,1849509157,1850009157,5497557.983422,2329833.2550217486,pg_scc_k3,3,0.3038959404889388
cleanStatic,calibration,74,73.99036628,7,10,1849509157,1850009157,5497557.983422,2329833.2550217486,ai_sparse_k5,5,0.22800858751691208
cleanStatic,calibration,74,73.99036628,7,10,1849509157,1850009157,5497557.983422,2329833.2550217486,pg_scc_k5,5,0.2592678599232
cleanStatic,calibration,74,73.99036628,7,10,1849509157,1850009157,5497557.983422,2329833.2550217486,ai_sparse_k9,9,0.2629774670635185
cleanStatic,calibration,74,73.99036628,7,10,1849509157,1850009157,5497557.983422,2329833.2550217486,pg_scc_k9,9,0.21730396476882743
cleanStatic,calibration,74,73.99036628,7,10,1849509157,1850009157,5497557.983422,2329833.2550217486,epl3,3,0.4010236555510068
cleanStatic,calibration,74,73.99036628,7,10,1849509157,1850009157,5497557.983422,2329833.2550217486,fixed9,9,0.4593740563500373
cleanStatic,calibration,74,73.99036628,7,10,1849509157,1850009157,5497557.983422,2329833.2550217486,random1_k3,3,0.2109855721606094
cleanStatic,calibration,74,73.99036628,7,10,1849509157,1850009157,5497557.983422,2329833.2550217486,random2_k3,3,0.3156781833276389
cleanStatic,calibration,74,73.99036628,7,10,1849509157,1850009157,5497557.983422,2329833.2550217486,random3_k3,3,0.23773712211382572
cleanStatic,calibration,74,73.99036628,7,10,1849509157,1850009157,5497557.983422,2329833.2550217486,random4_k3,3,0.36456135557522157
cleanStatic,calibration,74,73.99036628,7,10,1849509157,1850009157,5497557.983422,2329833.2550217486,random5_k3,3,0.8955936647549496
cleanStatic,calibration,74,73.99036628,7,10,1849509157,1850009157,5497557.983422,2329833.2550217486,random1_k5,5,0.08042104870279639
cleanStatic,calibration,74,73.99036628,7,10,1849509157,1850009157,5497557.983422,2329833.2550217486,random2_k5,5,0.4628626446389238
cleanStatic,calibration,74,73.99036628,7,10,1849509157,1850009157,5497557.983422,2329833.2550217486,random3_k5,5,0.35657593863189596
cleanStatic,calibration,74,73.99036628,7,10,1849509157,1850009157,5497557.983422,2329833.2550217486,random4_k5,5,0.30758856060529133
cleanStatic,calibration,74,73.99036628,7,10,1849509157,1850009157,5497557.983422,2329833.2550217486,random5_k5,5,0.2340371070563692
cleanStatic,calibration,74,73.99036628,7,10,1849509157,1850009157,5497557.983422,2329833.2550217486,random1_k9,9,0.15895045561576707
cleanStatic,calibration,74,73.99036628,7,10,1849509157,1850009157,5497557.983422,2329833.2550217486,random2_k9,9,0.11705052247743294
cleanStatic,calibration,74,73.99036628,7,10,1849509157,1850009157,5497557.983422,2329833.2550217486,random3_k9,9,0.09077450182615948
cleanStatic,calibration,74,73.99036628,7,10,1849509157,1850009157,5497557.983422,2329833.2550217486,random4_k9,9,0.15120711704431727
cleanStatic,calibration,74,73.99036628,7,10,1849509157,1850009157,5497557.983422,2329833.2550217486,random5_k9,9,0.34492600429524695
cleanStatic,calibration,74,73.99364764,8,13,1849591191,1850091191,5504280.242822,6105375.185717654,dense_two_source_glrt,187,0.04193550453564083
cleanStatic,calibration,74,73.99364764,8,13,1849591191,1850091191,5504280.242822,6105375.185717654,dense_one_source_residual,187,0.2744812618900248
cleanStatic,calibration,74,73.99364764,8,13,1849591191,1850091191,5504280.242822,6105375.185717654,raw_power_only,0,5504280.242822
cleanStatic,calibration,74,73.99364764,8,13,1849591191,1850091191,5504280.242822,6105375.185717654,analytic_sparse_k3,3,0.4214466099309408
cleanStatic,calibration,74,73.99364764,8,13,1849591191,1850091191,5504280.242822,6105375.185717654,uniform_k3,3,0.28192110673901666
cleanStatic,calibration,74,73.99364764,8,13,1849591191,1850091191,5504280.242822,6105375.185717654,shuffled_k3,3,0.05147112050157837
cleanStatic,calibration,74,73.99364764,8,13,1849591191,1850091191,5504280.242822,6105375.185717654,analytic_sparse_k5,5,0.27211808491252665
cleanStatic,calibration,74,73.99364764,8,13,1849591191,1850091191,5504280.242822,6105375.185717654,uniform_k5,5,0.1770144709837586
cleanStatic,calibration,74,73.99364764,8,13,1849591191,1850091191,5504280.242822,6105375.185717654,shuffled_k5,5,0.13658207622041568
cleanStatic,calibration,74,73.99364764,8,13,1849591191,1850091191,5504280.242822,6105375.185717654,analytic_sparse_k9,9,0.11039792785850944
cleanStatic,calibration,74,73.99364764,8,13,1849591191,1850091191,5504280.242822,6105375.185717654,uniform_k9,9,0.02513865827223554
cleanStatic,calibration,74,73.99364764,8,13,1849591191,1850091191,5504280.242822,6105375.185717654,shuffled_k9,9,0.15303573061065812
cleanStatic,calibration,74,73.99364764,8,13,1849591191,1850091191,5504280.242822,6105375.185717654,ai_sparse_k3,3,0.13290864198272087
cleanStatic,calibration,74,73.99364764,8,13,1849591191,1850091191,5504280.242822,6105375.185717654,pg_scc_k3,3,0.14725484123655294
cleanStatic,calibration,74,73.99364764,8,13,1849591191,1850091191,5504280.242822,6105375.185717654,ai_sparse_k5,5,0.17372839280616054
cleanStatic,calibration,74,73.99364764,8,13,1849591191,1850091191,5504280.242822,6105375.185717654,pg_scc_k5,5,0.11088349873949807
cleanStatic,calibration,74,73.99364764,8,13,1849591191,1850091191,5504280.242822,6105375.185717654,ai_sparse_k9,9,0.10994929962742432
cleanStatic,calibration,74,73.99364764,8,13,1849591191,1850091191,5504280.242822,6105375.185717654,pg_scc_k9,9,0.09617250471534307
cleanStatic,calibration,74,73.99364764,8,13,1849591191,1850091191,5504280.242822,6105375.185717654,epl3,3,0.10890460435194121
cleanStatic,calibration,74,73.99364764,8,13,1849591191,1850091191,5504280.242822,6105375.185717654,fixed9,9,0.09317620680356516
cleanStatic,calibration,74,73.99364764,8,13,1849591191,1850091191,5504280.242822,6105375.185717654,random1_k3,3,0.1515348156777479
cleanStatic,calibration,74,73.99364764,8,13,1849591191,1850091191,5504280.242822,6105375.185717654,random2_k3,3,0.060795642164761354
cleanStatic,calibration,74,73.99364764,8,13,1849591191,1850091191,5504280.242822,6105375.185717654,random3_k3,3,0.06361555924615042
cleanStatic,calibration,74,73.99364764,8,13,1849591191,1850091191,5504280.242822,6105375.185717654,random4_k3,3,0.21511728059187077
cleanStatic,calibration,74,73.99364764,8,13,1849591191,1850091191,5504280.242822,6105375.185717654,random5_k3,3,0.2502796466725015
cleanStatic,calibration,74,73.99364764,8,13,1849591191,1850091191,5504280.242822,6105375.185717654,random1_k5,5,0.09289585703744171
cleanStatic,calibration,74,73.99364764,8,13,1849591191,1850091191,5504280.242822,6105375.185717654,random2_k5,5,0.05424163048415005
cleanStatic,calibration,74,73.99364764,8,13,1849591191,1850091191,5504280.242822,6105375.185717654,random3_k5,5,0.06551824554972341
cleanStatic,calibration,74,73.99364764,8,13,1849591191,1850091191,5504280.242822,6105375.185717654,random4_k5,5,0.14226478691918645
cleanStatic,calibration,74,73.99364764,8,13,1849591191,1850091191,5504280.242822,6105375.185717654,random5_k5,5,0.14841857223085167
cleanStatic,calibration,74,73.99364764,8,13,1849591191,1850091191,5504280.242822,6105375.185717654,random1_k9,9,0.0928031557083983
cleanStatic,calibration,74,73.99364764,8,13,1849591191,1850091191,5504280.242822,6105375.185717654,random2_k9,9,0.08925428430402087
cleanStatic,calibration,74,73.99364764,8,13,1849591191,1850091191,5504280.242822,6105375.185717654,random3_k9,9,0.10500394936755647
cleanStatic,calibration,74,73.99364764,8,13,1849591191,1850091191,5504280.242822,6105375.185717654,random4_k9,9,0.16193664514131037
cleanStatic,calibration,74,73.99364764,8,13,1849591191,1850091191,5504280.242822,6105375.185717654,random5_k9,9,0.128118498503465
cleanStatic,calibration,74,74.00647252,9,19,1849911813,1850411813,5491888.371873999,4439316.26135925,dense_two_source_glrt,187,0.05947560710576738
cleanStatic,calibration,74,74.00647252,9,19,1849911813,1850411813,5491888.371873999,4439316.26135925,dense_one_source_residual,187,0.42639257563125554
cleanStatic,calibration,74,74.00647252,9,19,1849911813,1850411813,5491888.371873999,4439316.26135925,raw_power_only,0,5491888.371873999
cleanStatic,calibration,74,74.00647252,9,19,1849911813,1850411813,5491888.371873999,4439316.26135925,analytic_sparse_k3,3,0.02208389725415104
cleanStatic,calibration,74,74.00647252,9,19,1849911813,1850411813,5491888.371873999,4439316.26135925,uniform_k3,3,0.04374337459869993
cleanStatic,calibration,74,74.00647252,9,19,1849911813,1850411813,5491888.371873999,4439316.26135925,shuffled_k3,3,0.40457723336314744
cleanStatic,calibration,74,74.00647252,9,19,1849911813,1850411813,5491888.371873999,4439316.26135925,analytic_sparse_k5,5,0.10474222307311601
cleanStatic,calibration,74,74.00647252,9,19,1849911813,1850411813,5491888.371873999,4439316.26135925,uniform_k5,5,0.054466988676759184
cleanStatic,calibration,74,74.00647252,9,19,1849911813,1850411813,5491888.371873999,4439316.26135925,shuffled_k5,5,0.19428757525046247
cleanStatic,calibration,74,74.00647252,9,19,1849911813,1850411813,5491888.371873999,4439316.26135925,analytic_sparse_k9,9,0.12084317591982889
cleanStatic,calibration,74,74.00647252,9,19,1849911813,1850411813,5491888.371873999,4439316.26135925,uniform_k9,9,0.0500101068865216
cleanStatic,calibration,74,74.00647252,9,19,1849911813,1850411813,5491888.371873999,4439316.26135925,shuffled_k9,9,0.07090515041698198
cleanStatic,calibration,74,74.00647252,9,19,1849911813,1850411813,5491888.371873999,4439316.26135925,ai_sparse_k3,3,0.3843943905509901
cleanStatic,calibration,74,74.00647252,9,19,1849911813,1850411813,5491888.371873999,4439316.26135925,pg_scc_k3,3,0.18888657178246918
cleanStatic,calibration,74,74.00647252,9,19,1849911813,1850411813,5491888.371873999,4439316.26135925,ai_sparse_k5,5,0.2750320846203097
cleanStatic,calibration,74,74.00647252,9,19,1849911813,1850411813,5491888.371873999,4439316.26135925,pg_scc_k5,5,0.19578164009783486
cleanStatic,calibration,74,74.00647252,9,19,1849911813,1850411813,5491888.371873999,4439316.26135925,ai_sparse_k9,9,0.05913076376506722
cleanStatic,calibration,74,74.00647252,9,19,1849911813,1850411813,5491888.371873999,4439316.26135925,pg_scc_k9,9,0.09993708205565859
cleanStatic,calibration,74,74.00647252,9,19,1849911813,1850411813,5491888.371873999,4439316.26135925,epl3,3,0.14804659220386132
cleanStatic,calibration,74,74.00647252,9,19,1849911813,1850411813,5491888.371873999,4439316.26135925,fixed9,9,0.13876918722722012
cleanStatic,calibration,74,74.00647252,9,19,1849911813,1850411813,5491888.371873999,4439316.26135925,random1_k3,3,0.4546567113945141
cleanStatic,calibration,74,74.00647252,9,19,1849911813,1850411813,5491888.371873999,4439316.26135925,random2_k3,3,0.19665803964273568
cleanStatic,calibration,74,74.00647252,9,19,1849911813,1850411813,5491888.371873999,4439316.26135925,random3_k3,3,0.13530181115300208
cleanStatic,calibration,74,74.00647252,9,19,1849911813,1850411813,5491888.371873999,4439316.26135925,random4_k3,3,0.4781615284382415
cleanStatic,calibration,74,74.00647252,9,19,1849911813,1850411813,5491888.371873999,4439316.26135925,random5_k3,3,0.25490710965006946
cleanStatic,calibration,74,74.00647252,9,19,1849911813,1850411813,5491888.371873999,4439316.26135925,random1_k5,5,0.10845683010830864
cleanStatic,calibration,74,74.00647252,9,19,1849911813,1850411813,5491888.371873999,4439316.26135925,random2_k5,5,0.10064272085957944
cleanStatic,calibration,74,74.00647252,9,19,1849911813,1850411813,5491888.371873999,4439316.26135925,random3_k5,5,0.2047214929993073
cleanStatic,calibration,74,74.00647252,9,19,1849911813,1850411813,5491888.371873999,4439316.26135925,random4_k5,5,0.16424880187877497
cleanStatic,calibration,74,74.00647252,9,19,1849911813,1850411813,5491888.371873999,4439316.26135925,random5_k5,5,0.17089185308055366
cleanStatic,calibration,74,74.00647252,9,19,1849911813,1850411813,5491888.371873999,4439316.26135925,random1_k9,9,0.15169224232081507
cleanStatic,calibration,74,74.00647252,9,19,1849911813,1850411813,5491888.371873999,4439316.26135925,random2_k9,9,0.0560310390601174
cleanStatic,calibration,74,74.00647252,9,19,1849911813,1850411813,5491888.371873999,4439316.26135925,random3_k9,9,0.1730000449175841
cleanStatic,calibration,74,74.00647252,9,19,1849911813,1850411813,5491888.371873999,4439316.26135925,random4_k9,9,0.12988637215159005
cleanStatic,calibration,74,74.00647252,9,19,1849911813,1850411813,5491888.371873999,4439316.26135925,random5_k9,9,0.36354578311058205
cleanStatic,calibration,74,73.99062212,10,23,1849515553,1850015553,5501098.033732,6591305.301704324,dense_two_source_glrt,187,0.03497387161181459
cleanStatic,calibration,74,73.99062212,10,23,1849515553,1850015553,5501098.033732,6591305.301704324,dense_one_source_residual,187,0.16741640928474588
cleanStatic,calibration,74,73.99062212,10,23,1849515553,1850015553,5501098.033732,6591305.301704324,raw_power_only,0,5501098.033732
cleanStatic,calibration,74,73.99062212,10,23,1849515553,1850015553,5501098.033732,6591305.301704324,analytic_sparse_k3,3,0.037571442772424586
cleanStatic,calibration,74,73.99062212,10,23,1849515553,1850015553,5501098.033732,6591305.301704324,uniform_k3,3,0.07265796042092276
cleanStatic,calibration,74,73.99062212,10,23,1849515553,1850015553,5501098.033732,6591305.301704324,shuffled_k3,3,0.022877420716533568
cleanStatic,calibration,74,73.99062212,10,23,1849515553,1850015553,5501098.033732,6591305.301704324,analytic_sparse_k5,5,0.02215585922214159
cleanStatic,calibration,74,73.99062212,10,23,1849515553,1850015553,5501098.033732,6591305.301704324,uniform_k5,5,0.10288321685101869
cleanStatic,calibration,74,73.99062212,10,23,1849515553,1850015553,5501098.033732,6591305.301704324,shuffled_k5,5,0.14498017071212743
cleanStatic,calibration,74,73.99062212,10,23,1849515553,1850015553,5501098.033732,6591305.301704324,analytic_sparse_k9,9,0.051602441375995935
cleanStatic,calibration,74,73.99062212,10,23,1849515553,1850015553,5501098.033732,6591305.301704324,uniform_k9,9,0.04802880800143515
cleanStatic,calibration,74,73.99062212,10,23,1849515553,1850015553,5501098.033732,6591305.301704324,shuffled_k9,9,0.04220597818005195
cleanStatic,calibration,74,73.99062212,10,23,1849515553,1850015553,5501098.033732,6591305.301704324,ai_sparse_k3,3,0.06709718026850546
cleanStatic,calibration,74,73.99062212,10,23,1849515553,1850015553,5501098.033732,6591305.301704324,pg_scc_k3,3,0.07958739193552435
cleanStatic,calibration,74,73.99062212,10,23,1849515553,1850015553,5501098.033732,6591305.301704324,ai_sparse_k5,5,0.03688078612703171
cleanStatic,calibration,74,73.99062212,10,23,1849515553,1850015553,5501098.033732,6591305.301704324,pg_scc_k5,5,0.17831674566780834
cleanStatic,calibration,74,73.99062212,10,23,1849515553,1850015553,5501098.033732,6591305.301704324,ai_sparse_k9,9,0.020975285049135223
cleanStatic,calibration,74,73.99062212,10,23,1849515553,1850015553,5501098.033732,6591305.301704324,pg_scc_k9,9,0.1301228817172862
cleanStatic,calibration,74,73.99062212,10,23,1849515553,1850015553,5501098.033732,6591305.301704324,epl3,3,0.03417650140392679
cleanStatic,calibration,74,73.99062212,10,23,1849515553,1850015553,5501098.033732,6591305.301704324,fixed9,9,0.06576692142322413
cleanStatic,calibration,74,73.99062212,10,23,1849515553,1850015553,5501098.033732,6591305.301704324,random1_k3,3,0.03003352042002193
cleanStatic,calibration,74,73.99062212,10,23,1849515553,1850015553,5501098.033732,6591305.301704324,random2_k3,3,0.14002603306691866
cleanStatic,calibration,74,73.99062212,10,23,1849515553,1850015553,5501098.033732,6591305.301704324,random3_k3,3,0.14905878877848378
cleanStatic,calibration,74,73.99062212,10,23,1849515553,1850015553,5501098.033732,6591305.301704324,random4_k3,3,0.08828913927263342
cleanStatic,calibration,74,73.99062212,10,23,1849515553,1850015553,5501098.033732,6591305.301704324,random5_k3,3,0.27634163252363714
cleanStatic,calibration,74,73.99062212,10,23,1849515553,1850015553,5501098.033732,6591305.301704324,random1_k5,5,0.0389144745953406
cleanStatic,calibration,74,73.99062212,10,23,1849515553,1850015553,5501098.033732,6591305.301704324,random2_k5,5,0.04163669650877244
cleanStatic,calibration,74,73.99062212,10,23,1849515553,1850015553,5501098.033732,6591305.301704324,random3_k5,5,0.026133950098076786
cleanStatic,calibration,74,73.99062212,10,23,1849515553,1850015553,5501098.033732,6591305.301704324,random4_k5,5,0.0616792838857218
cleanStatic,calibration,74,73.99062212,10,23,1849515553,1850015553,5501098.033732,6591305.301704324,random5_k5,5,0.11531622459837947
cleanStatic,calibration,74,73.99062212,10,23,1849515553,1850015553,5501098.033732,6591305.301704324,random1_k9,9,0.03212837983853839
cleanStatic,calibration,74,73.99062212,10,23,1849515553,1850015553,5501098.033732,6591305.301704324,random2_k9,9,0.0789397370238081
cleanStatic,calibration,74,73.99062212,10,23,1849515553,1850015553,5501098.033732,6591305.301704324,random3_k9,9,0.09144121960370367
cleanStatic,calibration,74,73.99062212,10,23,1849515553,1850015553,5501098.033732,6591305.301704324,random4_k9,9,0.13861042183593586
cleanStatic,calibration,74,73.99062212,10,23,1849515553,1850015553,5501098.033732,6591305.301704324,random5_k9,9,0.08582188915990323
cleanStatic,calibration,75,74.99733672,0,16,1874683418,1875183418,5482954.973668,4898664.376132691,dense_two_source_glrt,187,0.12631227933424427
cleanStatic,calibration,75,74.99733672,0,16,1874683418,1875183418,5482954.973668,4898664.376132691,dense_one_source_residual,187,0.8985136174567423
cleanStatic,calibration,75,74.99733672,0,16,1874683418,1875183418,5482954.973668,4898664.376132691,raw_power_only,0,5482954.973668
cleanStatic,calibration,75,74.99733672,0,16,1874683418,1875183418,5482954.973668,4898664.376132691,analytic_sparse_k3,3,0.22390671960247785
cleanStatic,calibration,75,74.99733672,0,16,1874683418,1875183418,5482954.973668,4898664.376132691,uniform_k3,3,0.057460595321016446
cleanStatic,calibration,75,74.99733672,0,16,1874683418,1875183418,5482954.973668,4898664.376132691,shuffled_k3,3,0.17357676992491466
cleanStatic,calibration,75,74.99733672,0,16,1874683418,1875183418,5482954.973668,4898664.376132691,analytic_sparse_k5,5,0.14084017078153294
cleanStatic,calibration,75,74.99733672,0,16,1874683418,1875183418,5482954.973668,4898664.376132691,uniform_k5,5,0.1814430055717485
cleanStatic,calibration,75,74.99733672,0,16,1874683418,1875183418,5482954.973668,4898664.376132691,shuffled_k5,5,0.17320647839227044
cleanStatic,calibration,75,74.99733672,0,16,1874683418,1875183418,5482954.973668,4898664.376132691,analytic_sparse_k9,9,0.12055811949789898
cleanStatic,calibration,75,74.99733672,0,16,1874683418,1875183418,5482954.973668,4898664.376132691,uniform_k9,9,0.03177603292297872
cleanStatic,calibration,75,74.99733672,0,16,1874683418,1875183418,5482954.973668,4898664.376132691,shuffled_k9,9,0.3987006023784009
cleanStatic,calibration,75,74.99733672,0,16,1874683418,1875183418,5482954.973668,4898664.376132691,ai_sparse_k3,3,0.535794639435143
cleanStatic,calibration,75,74.99733672,0,16,1874683418,1875183418,5482954.973668,4898664.376132691,pg_scc_k3,3,0.38690769244362366
cleanStatic,calibration,75,74.99733672,0,16,1874683418,1875183418,5482954.973668,4898664.376132691,ai_sparse_k5,5,0.6182594009157469
cleanStatic,calibration,75,74.99733672,0,16,1874683418,1875183418,5482954.973668,4898664.376132691,pg_scc_k5,5,0.1312303970948328
cleanStatic,calibration,75,74.99733672,0,16,1874683418,1875183418,5482954.973668,4898664.376132691,ai_sparse_k9,9,0.4742016845567012
cleanStatic,calibration,75,74.99733672,0,16,1874683418,1875183418,5482954.973668,4898664.376132691,pg_scc_k9,9,0.1205664984799786
cleanStatic,calibration,75,74.99733672,0,16,1874683418,1875183418,5482954.973668,4898664.376132691,epl3,3,0.9114291696157281
cleanStatic,calibration,75,74.99733672,0,16,1874683418,1875183418,5482954.973668,4898664.376132691,fixed9,9,0.6225337754985069
cleanStatic,calibration,75,74.99733672,0,16,1874683418,1875183418,5482954.973668,4898664.376132691,random1_k3,3,1.7291214448763075
cleanStatic,calibration,75,74.99733672,0,16,1874683418,1875183418,5482954.973668,4898664.376132691,random2_k3,3,0.2931504276865516
cleanStatic,calibration,75,74.99733672,0,16,1874683418,1875183418,5482954.973668,4898664.376132691,random3_k3,3,0.6740769931595838
cleanStatic,calibration,75,74.99733672,0,16,1874683418,1875183418,5482954.973668,4898664.376132691,random4_k3,3,0.6210014200798003
cleanStatic,calibration,75,74.99733672,0,16,1874683418,1875183418,5482954.973668,4898664.376132691,random5_k3,3,0.06205976915446226
cleanStatic,calibration,75,74.99733672,0,16,1874683418,1875183418,5482954.973668,4898664.376132691,random1_k5,5,0.08882014109425196
cleanStatic,calibration,75,74.99733672,0,16,1874683418,1875183418,5482954.973668,4898664.376132691,random2_k5,5,0.13140585850838446
cleanStatic,calibration,75,74.99733672,0,16,1874683418,1875183418,5482954.973668,4898664.376132691,random3_k5,5,0.3968917605581779
cleanStatic,calibration,75,74.99733672,0,16,1874683418,1875183418,5482954.973668,4898664.376132691,random4_k5,5,0.49977660454208356
cleanStatic,calibration,75,74.99733672,0,16,1874683418,1875183418,5482954.973668,4898664.376132691,random5_k5,5,0.18317972253412593
cleanStatic,calibration,75,74.99733672,0,16,1874683418,1875183418,5482954.973668,4898664.376132691,random1_k9,9,0.29116033897867327
cleanStatic,calibration,75,74.99733672,0,16,1874683418,1875183418,5482954.973668,4898664.376132691,random2_k9,9,0.2197138135200673
cleanStatic,calibration,75,74.99733672,0,16,1874683418,1875183418,5482954.973668,4898664.376132691,random3_k9,9,0.37125091723970954
cleanStatic,calibration,75,74.99733672,0,16,1874683418,1875183418,5482954.973668,4898664.376132691,random4_k9,9,0.5903255444236857
cleanStatic,calibration,75,74.99733672,0,16,1874683418,1875183418,5482954.973668,4898664.376132691,random5_k9,9,0.9033594429046504
cleanStatic,calibration,75,74.99753312,2,3,1874688328,1875188328,5480595.4457,5884545.062058718,dense_two_source_glrt,187,0.06419590646524968
cleanStatic,calibration,75,74.99753312,2,3,1874688328,1875188328,5480595.4457,5884545.062058718,dense_one_source_residual,187,0.38017673280928155
cleanStatic,calibration,75,74.99753312,2,3,1874688328,1875188328,5480595.4457,5884545.062058718,raw_power_only,0,5480595.4457
cleanStatic,calibration,75,74.99753312,2,3,1874688328,1875188328,5480595.4457,5884545.062058718,analytic_sparse_k3,3,0.36063437153503225
cleanStatic,calibration,75,74.99753312,2,3,1874688328,1875188328,5480595.4457,5884545.062058718,uniform_k3,3,0.423463281915053
cleanStatic,calibration,75,74.99753312,2,3,1874688328,1875188328,5480595.4457,5884545.062058718,shuffled_k3,3,0.24149957646765538
cleanStatic,calibration,75,74.99753312,2,3,1874688328,1875188328,5480595.4457,5884545.062058718,analytic_sparse_k5,5,0.2958531802720728
cleanStatic,calibration,75,74.99753312,2,3,1874688328,1875188328,5480595.4457,5884545.062058718,uniform_k5,5,0.09760158512379621
cleanStatic,calibration,75,74.99753312,2,3,1874688328,1875188328,5480595.4457,5884545.062058718,shuffled_k5,5,0.14825201413851624
cleanStatic,calibration,75,74.99753312,2,3,1874688328,1875188328,5480595.4457,5884545.062058718,analytic_sparse_k9,9,0.18685231968591154
cleanStatic,calibration,75,74.99753312,2,3,1874688328,1875188328,5480595.4457,5884545.062058718,uniform_k9,9,0.06811692800901945
cleanStatic,calibration,75,74.99753312,2,3,1874688328,1875188328,5480595.4457,5884545.062058718,shuffled_k9,9,0.07956519680956037
cleanStatic,calibration,75,74.99753312,2,3,1874688328,1875188328,5480595.4457,5884545.062058718,ai_sparse_k3,3,0.06081429254608719
cleanStatic,calibration,75,74.99753312,2,3,1874688328,1875188328,5480595.4457,5884545.062058718,pg_scc_k3,3,0.08672792530679474
cleanStatic,calibration,75,74.99753312,2,3,1874688328,1875188328,5480595.4457,5884545.062058718,ai_sparse_k5,5,0.1077844027650324
cleanStatic,calibration,75,74.99753312,2,3,1874688328,1875188328,5480595.4457,5884545.062058718,pg_scc_k5,5,0.07752519884237248
cleanStatic,calibration,75,74.99753312,2,3,1874688328,1875188328,5480595.4457,5884545.062058718,ai_sparse_k9,9,0.05121370337894853
cleanStatic,calibration,75,74.99753312,2,3,1874688328,1875188328,5480595.4457,5884545.062058718,pg_scc_k9,9,0.0764762936151277
cleanStatic,calibration,75,74.99753312,2,3,1874688328,1875188328,5480595.4457,5884545.062058718,epl3,3,0.14059003007092233
cleanStatic,calibration,75,74.99753312,2,3,1874688328,1875188328,5480595.4457,5884545.062058718,fixed9,9,0.12253916334095728
cleanStatic,calibration,75,74.99753312,2,3,1874688328,1875188328,5480595.4457,5884545.062058718,random1_k3,3,0.20936159347505232
cleanStatic,calibration,75,74.99753312,2,3,1874688328,1875188328,5480595.4457,5884545.062058718,random2_k3,3,0.2826314259707719
cleanStatic,calibration,75,74.99753312,2,3,1874688328,1875188328,5480595.4457,5884545.062058718,random3_k3,3,0.11519736489803423
cleanStatic,calibration,75,74.99753312,2,3,1874688328,1875188328,5480595.4457,5884545.062058718,random4_k3,3,0.16255764173270495
cleanStatic,calibration,75,74.99753312,2,3,1874688328,1875188328,5480595.4457,5884545.062058718,random5_k3,3,0.09023265399062762
cleanStatic,calibration,75,74.99753312,2,3,1874688328,1875188328,5480595.4457,5884545.062058718,random1_k5,5,0.0711510308676682
cleanStatic,calibration,75,74.99753312,2,3,1874688328,1875188328,5480595.4457,5884545.062058718,random2_k5,5,0.27621821888592435
cleanStatic,calibration,75,74.99753312,2,3,1874688328,1875188328,5480595.4457,5884545.062058718,random3_k5,5,0.2162368752841449
cleanStatic,calibration,75,74.99753312,2,3,1874688328,1875188328,5480595.4457,5884545.062058718,random4_k5,5,0.13206219325107357
cleanStatic,calibration,75,74.99753312,2,3,1874688328,1875188328,5480595.4457,5884545.062058718,random5_k5,5,0.27817908050585843
cleanStatic,calibration,75,74.99753312,2,3,1874688328,1875188328,5480595.4457,5884545.062058718,random1_k9,9,0.1447573051283679
cleanStatic,calibration,75,74.99753312,2,3,1874688328,1875188328,5480595.4457,5884545.062058718,random2_k9,9,0.10772189139354138
cleanStatic,calibration,75,74.99753312,2,3,1874688328,1875188328,5480595.4457,5884545.062058718,random3_k9,9,0.09223360679989479
cleanStatic,calibration,75,74.99753312,2,3,1874688328,1875188328,5480595.4457,5884545.062058718,random4_k9,9,0.14760016148340915
cleanStatic,calibration,75,74.99753312,2,3,1874688328,1875188328,5480595.4457,5884545.062058718,random5_k9,9,0.050045206966171846
cleanStatic,calibration,75,74.99738696,3,20,1874684674,1875184674,5481958.289406,2623215.7175815245,dense_two_source_glrt,187,0.12287946906020704
cleanStatic,calibration,75,74.99738696,3,20,1874684674,1875184674,5481958.289406,2623215.7175815245,dense_one_source_residual,187,0.8523267227749561
cleanStatic,calibration,75,74.99738696,3,20,1874684674,1875184674,5481958.289406,2623215.7175815245,raw_power_only,0,5481958.289406
cleanStatic,calibration,75,74.99738696,3,20,1874684674,1875184674,5481958.289406,2623215.7175815245,analytic_sparse_k3,3,0.11483977553478192
cleanStatic,calibration,75,74.99738696,3,20,1874684674,1875184674,5481958.289406,2623215.7175815245,uniform_k3,3,0.35844344421509683
cleanStatic,calibration,75,74.99738696,3,20,1874684674,1875184674,5481958.289406,2623215.7175815245,shuffled_k3,3,0.2733997469273793
cleanStatic,calibration,75,74.99738696,3,20,1874684674,1875184674,5481958.289406,2623215.7175815245,analytic_sparse_k5,5,0.0921571070764308
cleanStatic,calibration,75,74.99738696,3,20,1874684674,1875184674,5481958.289406,2623215.7175815245,uniform_k5,5,0.2561339752892393
cleanStatic,calibration,75,74.99738696,3,20,1874684674,1875184674,5481958.289406,2623215.7175815245,shuffled_k5,5,0.09460941507991691
cleanStatic,calibration,75,74.99738696,3,20,1874684674,1875184674,5481958.289406,2623215.7175815245,analytic_sparse_k9,9,0.02686221992365276
cleanStatic,calibration,75,74.99738696,3,20,1874684674,1875184674,5481958.289406,2623215.7175815245,uniform_k9,9,0.1252590212965488
cleanStatic,calibration,75,74.99738696,3,20,1874684674,1875184674,5481958.289406,2623215.7175815245,shuffled_k9,9,0.4573094435448237
cleanStatic,calibration,75,74.99738696,3,20,1874684674,1875184674,5481958.289406,2623215.7175815245,ai_sparse_k3,3,0.10822255891195905
cleanStatic,calibration,75,74.99738696,3,20,1874684674,1875184674,5481958.289406,2623215.7175815245,pg_scc_k3,3,0.20935886648158164
cleanStatic,calibration,75,74.99738696,3,20,1874684674,1875184674,5481958.289406,2623215.7175815245,ai_sparse_k5,5,0.4424754836197611
cleanStatic,calibration,75,74.99738696,3,20,1874684674,1875184674,5481958.289406,2623215.7175815245,pg_scc_k5,5,0.16561190803824338
cleanStatic,calibration,75,74.99738696,3,20,1874684674,1875184674,5481958.289406,2623215.7175815245,ai_sparse_k9,9,0.25484896447493494
cleanStatic,calibration,75,74.99738696,3,20,1874684674,1875184674,5481958.289406,2623215.7175815245,pg_scc_k9,9,0.3900003680449958
cleanStatic,calibration,75,74.99738696,3,20,1874684674,1875184674,5481958.289406,2623215.7175815245,epl3,3,0.37566595973788514
cleanStatic,calibration,75,74.99738696,3,20,1874684674,1875184674,5481958.289406,2623215.7175815245,fixed9,9,0.43315785126789375
cleanStatic,calibration,75,74.99738696,3,20,1874684674,1875184674,5481958.289406,2623215.7175815245,random1_k3,3,0.15792474082338695
cleanStatic,calibration,75,74.99738696,3,20,1874684674,1875184674,5481958.289406,2623215.7175815245,random2_k3,3,0.3531887860923424
cleanStatic,calibration,75,74.99738696,3,20,1874684674,1875184674,5481958.289406,2623215.7175815245,random3_k3,3,1.3829355486534076
cleanStatic,calibration,75,74.99738696,3,20,1874684674,1875184674,5481958.289406,2623215.7175815245,random4_k3,3,0.22366190938445052
cleanStatic,calibration,75,74.99738696,3,20,1874684674,1875184674,5481958.289406,2623215.7175815245,random5_k3,3,0.3443386699071418
cleanStatic,calibration,75,74.99738696,3,20,1874684674,1875184674,5481958.289406,2623215.7175815245,random1_k5,5,0.1747603199736283
cleanStatic,calibration,75,74.99738696,3,20,1874684674,1875184674,5481958.289406,2623215.7175815245,random2_k5,5,0.36622666014416627
cleanStatic,calibration,75,74.99738696,3,20,1874684674,1875184674,5481958.289406,2623215.7175815245,random3_k5,5,0.35380198040412936
cleanStatic,calibration,75,74.99738696,3,20,1874684674,1875184674,5481958.289406,2623215.7175815245,random4_k5,5,0.5406825211138324
cleanStatic,calibration,75,74.99738696,3,20,1874684674,1875184674,5481958.289406,2623215.7175815245,random5_k5,5,0.3868060536920651
cleanStatic,calibration,75,74.99738696,3,20,1874684674,1875184674,5481958.289406,2623215.7175815245,random1_k9,9,0.6140927314385733
cleanStatic,calibration,75,74.99738696,3,20,1874684674,1875184674,5481958.289406,2623215.7175815245,random2_k9,9,0.22448155466896974
cleanStatic,calibration,75,74.99738696,3,20,1874684674,1875184674,5481958.289406,2623215.7175815245,random3_k9,9,0.23510747373565488
cleanStatic,calibration,75,74.99738696,3,20,1874684674,1875184674,5481958.289406,2623215.7175815245,random4_k9,9,0.17617617213032266
cleanStatic,calibration,75,74.99738696,3,20,1874684674,1875184674,5481958.289406,2623215.7175815245,random5_k9,9,0.6133677072410231
cleanStatic,calibration,75,75.08470152,4,30,1876867538,1877367538,5482844.029616,2268857.8572332514,dense_two_source_glrt,187,0.42685316422868097
cleanStatic,calibration,75,75.08470152,4,30,1876867538,1877367538,5482844.029616,2268857.8572332514,dense_one_source_residual,187,1.5793626835868928
cleanStatic,calibration,75,75.08470152,4,30,1876867538,1877367538,5482844.029616,2268857.8572332514,raw_power_only,0,5482844.029616
cleanStatic,calibration,75,75.08470152,4,30,1876867538,1877367538,5482844.029616,2268857.8572332514,analytic_sparse_k3,3,0.49701035913497416
cleanStatic,calibration,75,75.08470152,4,30,1876867538,1877367538,5482844.029616,2268857.8572332514,uniform_k3,3,0.7897359595053691
cleanStatic,calibration,75,75.08470152,4,30,1876867538,1877367538,5482844.029616,2268857.8572332514,shuffled_k3,3,2.0209556858630084
cleanStatic,calibration,75,75.08470152,4,30,1876867538,1877367538,5482844.029616,2268857.8572332514,analytic_sparse_k5,5,0.49417402886514844
cleanStatic,calibration,75,75.08470152,4,30,1876867538,1877367538,5482844.029616,2268857.8572332514,uniform_k5,5,0.3084027337152075
cleanStatic,calibration,75,75.08470152,4,30,1876867538,1877367538,5482844.029616,2268857.8572332514,shuffled_k5,5,0.3130335899345457
cleanStatic,calibration,75,75.08470152,4,30,1876867538,1877367538,5482844.029616,2268857.8572332514,analytic_sparse_k9,9,0.8228207131245351
cleanStatic,calibration,75,75.08470152,4,30,1876867538,1877367538,5482844.029616,2268857.8572332514,uniform_k9,9,0.5429376083196432
cleanStatic,calibration,75,75.08470152,4,30,1876867538,1877367538,5482844.029616,2268857.8572332514,shuffled_k9,9,0.3919703481796319
cleanStatic,calibration,75,75.08470152,4,30,1876867538,1877367538,5482844.029616,2268857.8572332514,ai_sparse_k3,3,0.968801757783227
cleanStatic,calibration,75,75.08470152,4,30,1876867538,1877367538,5482844.029616,2268857.8572332514,pg_scc_k3,3,0.49031509253571287
cleanStatic,calibration,75,75.08470152,4,30,1876867538,1877367538,5482844.029616,2268857.8572332514,ai_sparse_k5,5,0.4639407087450088
cleanStatic,calibration,75,75.08470152,4,30,1876867538,1877367538,5482844.029616,2268857.8572332514,pg_scc_k5,5,0.3506583296852286
cleanStatic,calibration,75,75.08470152,4,30,1876867538,1877367538,5482844.029616,2268857.8572332514,ai_sparse_k9,9,0.6609932442527718
cleanStatic,calibration,75,75.08470152,4,30,1876867538,1877367538,5482844.029616,2268857.8572332514,pg_scc_k9,9,0.7580068290212405
cleanStatic,calibration,75,75.08470152,4,30,1876867538,1877367538,5482844.029616,2268857.8572332514,epl3,3,1.1707973579887636
cleanStatic,calibration,75,75.08470152,4,30,1876867538,1877367538,5482844.029616,2268857.8572332514,fixed9,9,0.5011623001222592
cleanStatic,calibration,75,75.08470152,4,30,1876867538,1877367538,5482844.029616,2268857.8572332514,random1_k3,3,0.40008166734118983
cleanStatic,calibration,75,75.08470152,4,30,1876867538,1877367538,5482844.029616,2268857.8572332514,random2_k3,3,0.8852589946181307
cleanStatic,calibration,75,75.08470152,4,30,1876867538,1877367538,5482844.029616,2268857.8572332514,random3_k3,3,0.5342943678525733
cleanStatic,calibration,75,75.08470152,4,30,1876867538,1877367538,5482844.029616,2268857.8572332514,random4_k3,3,0.46470748118165517
cleanStatic,calibration,75,75.08470152,4,30,1876867538,1877367538,5482844.029616,2268857.8572332514,random5_k3,3,1.3771598000287177
cleanStatic,calibration,75,75.08470152,4,30,1876867538,1877367538,5482844.029616,2268857.8572332514,random1_k5,5,0.21342162163103223
cleanStatic,calibration,75,75.08470152,4,30,1876867538,1877367538,5482844.029616,2268857.8572332514,random2_k5,5,0.5104249527485569
cleanStatic,calibration,75,75.08470152,4,30,1876867538,1877367538,5482844.029616,2268857.8572332514,random3_k5,5,1.2991598264919124
cleanStatic,calibration,75,75.08470152,4,30,1876867538,1877367538,5482844.029616,2268857.8572332514,random4_k5,5,0.6716109781020393
cleanStatic,calibration,75,75.08470152,4,30,1876867538,1877367538,5482844.029616,2268857.8572332514,random5_k5,5,0.520933456142579
cleanStatic,calibration,75,75.08470152,4,30,1876867538,1877367538,5482844.029616,2268857.8572332514,random1_k9,9,0.2998344588138688
cleanStatic,calibration,75,75.08470152,4,30,1876867538,1877367538,5482844.029616,2268857.8572332514,random2_k9,9,0.6827635457000486
cleanStatic,calibration,75,75.08470152,4,30,1876867538,1877367538,5482844.029616,2268857.8572332514,random3_k9,9,0.20814859584681292
cleanStatic,calibration,75,75.08470152,4,30,1876867538,1877367538,5482844.029616,2268857.8572332514,random4_k9,9,0.7165372767650029
cleanStatic,calibration,75,75.08470152,4,30,1876867538,1877367538,5482844.029616,2268857.8572332514,random5_k9,9,0.32565844601551497
cleanStatic,calibration,75,74.99066692,5,6,1874516673,1875016673,5475317.426042001,4426485.075581151,dense_two_source_glrt,187,0.026223144125314787
cleanStatic,calibration,75,74.99066692,5,6,1874516673,1875016673,5475317.426042001,4426485.075581151,dense_one_source_residual,187,0.38174266444199784
cleanStatic,calibration,75,74.99066692,5,6,1874516673,1875016673,5475317.426042001,4426485.075581151,raw_power_only,0,5475317.426042001
cleanStatic,calibration,75,74.99066692,5,6,1874516673,1875016673,5475317.426042001,4426485.075581151,analytic_sparse_k3,3,0.24188310602608887
cleanStatic,calibration,75,74.99066692,5,6,1874516673,1875016673,5475317.426042001,4426485.075581151,uniform_k3,3,0.15981159036672307
cleanStatic,calibration,75,74.99066692,5,6,1874516673,1875016673,5475317.426042001,4426485.075581151,shuffled_k3,3,0.1011971714334896
cleanStatic,calibration,75,74.99066692,5,6,1874516673,1875016673,5475317.426042001,4426485.075581151,analytic_sparse_k5,5,0.192528511063213
cleanStatic,calibration,75,74.99066692,5,6,1874516673,1875016673,5475317.426042001,4426485.075581151,uniform_k5,5,0.14908351489563407
cleanStatic,calibration,75,74.99066692,5,6,1874516673,1875016673,5475317.426042001,4426485.075581151,shuffled_k5,5,0.18776226171833268
cleanStatic,calibration,75,74.99066692,5,6,1874516673,1875016673,5475317.426042001,4426485.075581151,analytic_sparse_k9,9,0.09669922997652103
cleanStatic,calibration,75,74.99066692,5,6,1874516673,1875016673,5475317.426042001,4426485.075581151,uniform_k9,9,0.030072027332416356
cleanStatic,calibration,75,74.99066692,5,6,1874516673,1875016673,5475317.426042001,4426485.075581151,shuffled_k9,9,0.05604779562749577
cleanStatic,calibration,75,74.99066692,5,6,1874516673,1875016673,5475317.426042001,4426485.075581151,ai_sparse_k3,3,0.4272975870794374
cleanStatic,calibration,75,74.99066692,5,6,1874516673,1875016673,5475317.426042001,4426485.075581151,pg_scc_k3,3,0.0938512366029336
cleanStatic,calibration,75,74.99066692,5,6,1874516673,1875016673,5475317.426042001,4426485.075581151,ai_sparse_k5,5,0.1290910034962614
cleanStatic,calibration,75,74.99066692,5,6,1874516673,1875016673,5475317.426042001,4426485.075581151,pg_scc_k5,5,0.03165650005660958
cleanStatic,calibration,75,74.99066692,5,6,1874516673,1875016673,5475317.426042001,4426485.075581151,ai_sparse_k9,9,0.17114469818321712
cleanStatic,calibration,75,74.99066692,5,6,1874516673,1875016673,5475317.426042001,4426485.075581151,pg_scc_k9,9,0.05570680233608735
cleanStatic,calibration,75,74.99066692,5,6,1874516673,1875016673,5475317.426042001,4426485.075581151,epl3,3,0.04662345791474562
cleanStatic,calibration,75,74.99066692,5,6,1874516673,1875016673,5475317.426042001,4426485.075581151,fixed9,9,0.06908889242472381
cleanStatic,calibration,75,74.99066692,5,6,1874516673,1875016673,5475317.426042001,4426485.075581151,random1_k3,3,0.11237871727953092
cleanStatic,calibration,75,74.99066692,5,6,1874516673,1875016673,5475317.426042001,4426485.075581151,random2_k3,3,0.27121809343334985
cleanStatic,calibration,75,74.99066692,5,6,1874516673,1875016673,5475317.426042001,4426485.075581151,random3_k3,3,0.08573025203976847
cleanStatic,calibration,75,74.99066692,5,6,1874516673,1875016673,5475317.426042001,4426485.075581151,random4_k3,3,0.25405208700173415
cleanStatic,calibration,75,74.99066692,5,6,1874516673,1875016673,5475317.426042001,4426485.075581151,random5_k3,3,0.29846317832305813
cleanStatic,calibration,75,74.99066692,5,6,1874516673,1875016673,5475317.426042001,4426485.075581151,random1_k5,5,0.29538431769806944
cleanStatic,calibration,75,74.99066692,5,6,1874516673,1875016673,5475317.426042001,4426485.075581151,random2_k5,5,0.09454426268061104
cleanStatic,calibration,75,74.99066692,5,6,1874516673,1875016673,5475317.426042001,4426485.075581151,random3_k5,5,0.054345858237394504
cleanStatic,calibration,75,74.99066692,5,6,1874516673,1875016673,5475317.426042001,4426485.075581151,random4_k5,5,0.049309148897437094
cleanStatic,calibration,75,74.99066692,5,6,1874516673,1875016673,5475317.426042001,4426485.075581151,random5_k5,5,0.21082829982467394
cleanStatic,calibration,75,74.99066692,5,6,1874516673,1875016673,5475317.426042001,4426485.075581151,random1_k9,9,0.12547989560532977
cleanStatic,calibration,75,74.99066692,5,6,1874516673,1875016673,5475317.426042001,4426485.075581151,random2_k9,9,0.18697420091429232
cleanStatic,calibration,75,74.99066692,5,6,1874516673,1875016673,5475317.426042001,4426485.075581151,random3_k9,9,0.15508232177691117
cleanStatic,calibration,75,74.99066692,5,6,1874516673,1875016673,5475317.426042001,4426485.075581151,random4_k9,9,0.16888030063907436
cleanStatic,calibration,75,74.99066692,5,6,1874516673,1875016673,5475317.426042001,4426485.075581151,random5_k9,9,0.09433747475147945
cleanStatic,calibration,75,75.00016932,6,7,1874754233,1875254233,5476942.008711999,4312163.878012149,dense_two_source_glrt,187,0.12637397513561452
cleanStatic,calibration,75,75.00016932,6,7,1874754233,1875254233,5476942.008711999,4312163.878012149,dense_one_source_residual,187,0.589943555298287
cleanStatic,calibration,75,75.00016932,6,7,1874754233,1875254233,5476942.008711999,4312163.878012149,raw_power_only,0,5476942.008711999
cleanStatic,calibration,75,75.00016932,6,7,1874754233,1875254233,5476942.008711999,4312163.878012149,analytic_sparse_k3,3,0.43609898816376336
cleanStatic,calibration,75,75.00016932,6,7,1874754233,1875254233,5476942.008711999,4312163.878012149,uniform_k3,3,0.3164672385200872
cleanStatic,calibration,75,75.00016932,6,7,1874754233,1875254233,5476942.008711999,4312163.878012149,shuffled_k3,3,0.7043762296239008
cleanStatic,calibration,75,75.00016932,6,7,1874754233,1875254233,5476942.008711999,4312163.878012149,analytic_sparse_k5,5,0.42623203208150195
cleanStatic,calibration,75,75.00016932,6,7,1874754233,1875254233,5476942.008711999,4312163.878012149,uniform_k5,5,0.32401194943442535
cleanStatic,calibration,75,75.00016932,6,7,1874754233,1875254233,5476942.008711999,4312163.878012149,shuffled_k5,5,0.286621157001191
cleanStatic,calibration,75,75.00016932,6,7,1874754233,1875254233,5476942.008711999,4312163.878012149,analytic_sparse_k9,9,0.33473722170867437
cleanStatic,calibration,75,75.00016932,6,7,1874754233,1875254233,5476942.008711999,4312163.878012149,uniform_k9,9,0.18563085075551747
cleanStatic,calibration,75,75.00016932,6,7,1874754233,1875254233,5476942.008711999,4312163.878012149,shuffled_k9,9,0.06107425561568272
cleanStatic,calibration,75,75.00016932,6,7,1874754233,1875254233,5476942.008711999,4312163.878012149,ai_sparse_k3,3,0.34600654545595205
cleanStatic,calibration,75,75.00016932,6,7,1874754233,1875254233,5476942.008711999,4312163.878012149,pg_scc_k3,3,0.1829799408720875
cleanStatic,calibration,75,75.00016932,6,7,1874754233,1875254233,5476942.008711999,4312163.878012149,ai_sparse_k5,5,0.2729531730628554
cleanStatic,calibration,75,75.00016932,6,7,1874754233,1875254233,5476942.008711999,4312163.878012149,pg_scc_k5,5,0.17069056734909357
cleanStatic,calibration,75,75.00016932,6,7,1874754233,1875254233,5476942.008711999,4312163.878012149,ai_sparse_k9,9,0.26701320436471626
cleanStatic,calibration,75,75.00016932,6,7,1874754233,1875254233,5476942.008711999,4312163.878012149,pg_scc_k9,9,0.18417606059836336
cleanStatic,calibration,75,75.00016932,6,7,1874754233,1875254233,5476942.008711999,4312163.878012149,epl3,3,0.47879418787785827
cleanStatic,calibration,75,75.00016932,6,7,1874754233,1875254233,5476942.008711999,4312163.878012149,fixed9,9,0.06416955937717021
cleanStatic,calibration,75,75.00016932,6,7,1874754233,1875254233,5476942.008711999,4312163.878012149,random1_k3,3,0.2624187677291527
cleanStatic,calibration,75,75.00016932,6,7,1874754233,1875254233,5476942.008711999,4312163.878012149,random2_k3,3,0.41703468570188296
cleanStatic,calibration,75,75.00016932,6,7,1874754233,1875254233,5476942.008711999,4312163.878012149,random3_k3,3,0.4761770940422669
cleanStatic,calibration,75,75.00016932,6,7,1874754233,1875254233,5476942.008711999,4312163.878012149,random4_k3,3,0.3327571439017585
cleanStatic,calibration,75,75.00016932,6,7,1874754233,1875254233,5476942.008711999,4312163.878012149,random5_k3,3,0.5901566891846183
cleanStatic,calibration,75,75.00016932,6,7,1874754233,1875254233,5476942.008711999,4312163.878012149,random1_k5,5,0.11789860876303951
cleanStatic,calibration,75,75.00016932,6,7,1874754233,1875254233,5476942.008711999,4312163.878012149,random2_k5,5,0.1422999660097278
cleanStatic,calibration,75,75.00016932,6,7,1874754233,1875254233,5476942.008711999,4312163.878012149,random3_k5,5,0.250074276874571
cleanStatic,calibration,75,75.00016932,6,7,1874754233,1875254233,5476942.008711999,4312163.878012149,random4_k5,5,0.15141275068729457
cleanStatic,calibration,75,75.00016932,6,7,1874754233,1875254233,5476942.008711999,4312163.878012149,random5_k5,5,0.3852937679640916
cleanStatic,calibration,75,75.00016932,6,7,1874754233,1875254233,5476942.008711999,4312163.878012149,random1_k9,9,0.21132474090670644
cleanStatic,calibration,75,75.00016932,6,7,1874754233,1875254233,5476942.008711999,4312163.878012149,random2_k9,9,0.373985577087977
cleanStatic,calibration,75,75.00016932,6,7,1874754233,1875254233,5476942.008711999,4312163.878012149,random3_k9,9,0.14424021139397938
cleanStatic,calibration,75,75.00016932,6,7,1874754233,1875254233,5476942.008711999,4312163.878012149,random4_k9,9,0.5384546211098719
cleanStatic,calibration,75,75.00016932,6,7,1874754233,1875254233,5476942.008711999,4312163.878012149,random5_k9,9,0.18494135081108723
cleanStatic,calibration,75,74.99036588,7,10,1874509147,1875009147,5477309.126856,2212734.709095046,dense_two_source_glrt,187,0.7769928638636154
cleanStatic,calibration,75,74.99036588,7,10,1874509147,1875009147,5477309.126856,2212734.709095046,dense_one_source_residual,187,2.768062638591781
cleanStatic,calibration,75,74.99036588,7,10,1874509147,1875009147,5477309.126856,2212734.709095046,raw_power_only,0,5477309.126856
cleanStatic,calibration,75,74.99036588,7,10,1874509147,1875009147,5477309.126856,2212734.709095046,analytic_sparse_k3,3,0.7747591685690774
cleanStatic,calibration,75,74.99036588,7,10,1874509147,1875009147,5477309.126856,2212734.709095046,uniform_k3,3,1.7421493064951568
cleanStatic,calibration,75,74.99036588,7,10,1874509147,1875009147,5477309.126856,2212734.709095046,shuffled_k3,3,2.2047547864571206
cleanStatic,calibration,75,74.99036588,7,10,1874509147,1875009147,5477309.126856,2212734.709095046,analytic_sparse_k5,5,0.9074286402477213
cleanStatic,calibration,75,74.99036588,7,10,1874509147,1875009147,5477309.126856,2212734.709095046,uniform_k5,5,0.639376927252054
cleanStatic,calibration,75,74.99036588,7,10,1874509147,1875009147,5477309.126856,2212734.709095046,shuffled_k5,5,2.3511903703603965
cleanStatic,calibration,75,74.99036588,7,10,1874509147,1875009147,5477309.126856,2212734.709095046,analytic_sparse_k9,9,0.7159999649457995
cleanStatic,calibration,75,74.99036588,7,10,1874509147,1875009147,5477309.126856,2212734.709095046,uniform_k9,9,0.3312218713502861
cleanStatic,calibration,75,74.99036588,7,10,1874509147,1875009147,5477309.126856,2212734.709095046,shuffled_k9,9,2.227387633790867
cleanStatic,calibration,75,74.99036588,7,10,1874509147,1875009147,5477309.126856,2212734.709095046,ai_sparse_k3,3,1.0559196399808577
cleanStatic,calibration,75,74.99036588,7,10,1874509147,1875009147,5477309.126856,2212734.709095046,pg_scc_k3,3,1.358968199678553
cleanStatic,calibration,75,74.99036588,7,10,1874509147,1875009147,5477309.126856,2212734.709095046,ai_sparse_k5,5,2.245885485674843
cleanStatic,calibration,75,74.99036588,7,10,1874509147,1875009147,5477309.126856,2212734.709095046,pg_scc_k5,5,0.8348511568977812
cleanStatic,calibration,75,74.99036588,7,10,1874509147,1875009147,5477309.126856,2212734.709095046,ai_sparse_k9,9,2.331483417748119
cleanStatic,calibration,75,74.99036588,7,10,1874509147,1875009147,5477309.126856,2212734.709095046,pg_scc_k9,9,0.9887775850148051
cleanStatic,calibration,75,74.99036588,7,10,1874509147,1875009147,5477309.126856,2212734.709095046,epl3,3,2.294523812882733
cleanStatic,calibration,75,74.99036588,7,10,1874509147,1875009147,5477309.126856,2212734.709095046,fixed9,9,3.752369386195163
cleanStatic,calibration,75,74.99036588,7,10,1874509147,1875009147,5477309.126856,2212734.709095046,random1_k3,3,0.858532914393987
cleanStatic,calibration,75,74.99036588,7,10,1874509147,1875009147,5477309.126856,2212734.709095046,random2_k3,3,2.046480878112828
cleanStatic,calibration,75,74.99036588,7,10,1874509147,1875009147,5477309.126856,2212734.709095046,random3_k3,3,1.6260225760332423
cleanStatic,calibration,75,74.99036588,7,10,1874509147,1875009147,5477309.126856,2212734.709095046,random4_k3,3,1.3596381040918992
cleanStatic,calibration,75,74.99036588,7,10,1874509147,1875009147,5477309.126856,2212734.709095046,random5_k3,3,0.9280478971064271
cleanStatic,calibration,75,74.99036588,7,10,1874509147,1875009147,5477309.126856,2212734.709095046,random1_k5,5,0.5706033107635963
cleanStatic,calibration,75,74.99036588,7,10,1874509147,1875009147,5477309.126856,2212734.709095046,random2_k5,5,2.013406268023496
cleanStatic,calibration,75,74.99036588,7,10,1874509147,1875009147,5477309.126856,2212734.709095046,random3_k5,5,1.463816578601036
cleanStatic,calibration,75,74.99036588,7,10,1874509147,1875009147,5477309.126856,2212734.709095046,random4_k5,5,0.9889356682247591
cleanStatic,calibration,75,74.99036588,7,10,1874509147,1875009147,5477309.126856,2212734.709095046,random5_k5,5,1.0293151563493288
cleanStatic,calibration,75,74.99036588,7,10,1874509147,1875009147,5477309.126856,2212734.709095046,random1_k9,9,1.702390180971583
cleanStatic,calibration,75,74.99036588,7,10,1874509147,1875009147,5477309.126856,2212734.709095046,random2_k9,9,0.6749152798598909
cleanStatic,calibration,75,74.99036588,7,10,1874509147,1875009147,5477309.126856,2212734.709095046,random3_k9,9,1.8003304852309527
cleanStatic,calibration,75,74.99036588,7,10,1874509147,1875009147,5477309.126856,2212734.709095046,random4_k9,9,0.47620273601541085
cleanStatic,calibration,75,74.99036588,7,10,1874509147,1875009147,5477309.126856,2212734.709095046,random5_k9,9,0.44700409303815963
cleanStatic,calibration,75,75.00164648,8,13,1874791162,1875291162,5475781.924953999,6185310.967739738,dense_two_source_glrt,187,0.04196259675009248
cleanStatic,calibration,75,75.00164648,8,13,1874791162,1875291162,5475781.924953999,6185310.967739738,dense_one_source_residual,187,0.2299465559109632
cleanStatic,calibration,75,75.00164648,8,13,1874791162,1875291162,5475781.924953999,6185310.967739738,raw_power_only,0,5475781.924953999
cleanStatic,calibration,75,75.00164648,8,13,1874791162,1875291162,5475781.924953999,6185310.967739738,analytic_sparse_k3,3,0.07332131889699035
cleanStatic,calibration,75,75.00164648,8,13,1874791162,1875291162,5475781.924953999,6185310.967739738,uniform_k3,3,0.23560534435297817
cleanStatic,calibration,75,75.00164648,8,13,1874791162,1875291162,5475781.924953999,6185310.967739738,shuffled_k3,3,0.15835220790223056
cleanStatic,calibration,75,75.00164648,8,13,1874791162,1875291162,5475781.924953999,6185310.967739738,analytic_sparse_k5,5,0.11430956936475001
cleanStatic,calibration,75,75.00164648,8,13,1874791162,1875291162,5475781.924953999,6185310.967739738,uniform_k5,5,0.0819095435655576
cleanStatic,calibration,75,75.00164648,8,13,1874791162,1875291162,5475781.924953999,6185310.967739738,shuffled_k5,5,0.1000330466704475
cleanStatic,calibration,75,75.00164648,8,13,1874791162,1875291162,5475781.924953999,6185310.967739738,analytic_sparse_k9,9,0.04650549490428689
cleanStatic,calibration,75,75.00164648,8,13,1874791162,1875291162,5475781.924953999,6185310.967739738,uniform_k9,9,0.02877672249117315
cleanStatic,calibration,75,75.00164648,8,13,1874791162,1875291162,5475781.924953999,6185310.967739738,shuffled_k9,9,0.14744555297361092
cleanStatic,calibration,75,75.00164648,8,13,1874791162,1875291162,5475781.924953999,6185310.967739738,ai_sparse_k3,3,0.013661148990070376
cleanStatic,calibration,75,75.00164648,8,13,1874791162,1875291162,5475781.924953999,6185310.967739738,pg_scc_k3,3,0.007574276271157923
cleanStatic,calibration,75,75.00164648,8,13,1874791162,1875291162,5475781.924953999,6185310.967739738,ai_sparse_k5,5,0.0126719352916923
cleanStatic,calibration,75,75.00164648,8,13,1874791162,1875291162,5475781.924953999,6185310.967739738,pg_scc_k5,5,0.0036504380265177465
cleanStatic,calibration,75,75.00164648,8,13,1874791162,1875291162,5475781.924953999,6185310.967739738,ai_sparse_k9,9,0.03203722895090841
cleanStatic,calibration,75,75.00164648,8,13,1874791162,1875291162,5475781.924953999,6185310.967739738,pg_scc_k9,9,0.01234893536157184
cleanStatic,calibration,75,75.00164648,8,13,1874791162,1875291162,5475781.924953999,6185310.967739738,epl3,3,0.18640081899416974
cleanStatic,calibration,75,75.00164648,8,13,1874791162,1875291162,5475781.924953999,6185310.967739738,fixed9,9,0.09231346060108142
cleanStatic,calibration,75,75.00164648,8,13,1874791162,1875291162,5475781.924953999,6185310.967739738,random1_k3,3,0.20355315077007727
cleanStatic,calibration,75,75.00164648,8,13,1874791162,1875291162,5475781.924953999,6185310.967739738,random2_k3,3,0.09613853133755408
cleanStatic,calibration,75,75.00164648,8,13,1874791162,1875291162,5475781.924953999,6185310.967739738,random3_k3,3,0.028635517047514786
cleanStatic,calibration,75,75.00164648,8,13,1874791162,1875291162,5475781.924953999,6185310.967739738,random4_k3,3,0.3526093557856416
cleanStatic,calibration,75,75.00164648,8,13,1874791162,1875291162,5475781.924953999,6185310.967739738,random5_k3,3,0.07221847742441455
cleanStatic,calibration,75,75.00164648,8,13,1874791162,1875291162,5475781.924953999,6185310.967739738,random1_k5,5,0.137113539517374
cleanStatic,calibration,75,75.00164648,8,13,1874791162,1875291162,5475781.924953999,6185310.967739738,random2_k5,5,0.06675629093398608
cleanStatic,calibration,75,75.00164648,8,13,1874791162,1875291162,5475781.924953999,6185310.967739738,random3_k5,5,0.10642693518155988
cleanStatic,calibration,75,75.00164648,8,13,1874791162,1875291162,5475781.924953999,6185310.967739738,random4_k5,5,0.10790643166750566
cleanStatic,calibration,75,75.00164648,8,13,1874791162,1875291162,5475781.924953999,6185310.967739738,random5_k5,5,0.2156551415472213
cleanStatic,calibration,75,75.00164648,8,13,1874791162,1875291162,5475781.924953999,6185310.967739738,random1_k9,9,0.046581931726064535
cleanStatic,calibration,75,75.00164648,8,13,1874791162,1875291162,5475781.924953999,6185310.967739738,random2_k9,9,0.08526491464312663
cleanStatic,calibration,75,75.00164648,8,13,1874791162,1875291162,5475781.924953999,6185310.967739738,random3_k9,9,0.22221991408487407
cleanStatic,calibration,75,75.00164648,8,13,1874791162,1875291162,5475781.924953999,6185310.967739738,random4_k9,9,0.034454622906954925
cleanStatic,calibration,75,75.00164648,8,13,1874791162,1875291162,5475781.924953999,6185310.967739738,random5_k9,9,0.04948202914789138
cleanStatic,calibration,75,75.00147088,9,19,1874786772,1875286772,5474481.926158,4394783.432339041,dense_two_source_glrt,187,0.06772549856019776
cleanStatic,calibration,75,75.00147088,9,19,1874786772,1875286772,5474481.926158,4394783.432339041,dense_one_source_residual,187,0.3978345985122191
cleanStatic,calibration,75,75.00147088,9,19,1874786772,1875286772,5474481.926158,4394783.432339041,raw_power_only,0,5474481.926158
cleanStatic,calibration,75,75.00147088,9,19,1874786772,1875286772,5474481.926158,4394783.432339041,analytic_sparse_k3,3,0.17872954870700497
cleanStatic,calibration,75,75.00147088,9,19,1874786772,1875286772,5474481.926158,4394783.432339041,uniform_k3,3,0.34398611659303463
cleanStatic,calibration,75,75.00147088,9,19,1874786772,1875286772,5474481.926158,4394783.432339041,shuffled_k3,3,0.21859451406896932
cleanStatic,calibration,75,75.00147088,9,19,1874786772,1875286772,5474481.926158,4394783.432339041,analytic_sparse_k5,5,0.23513586330749853
cleanStatic,calibration,75,75.00147088,9,19,1874786772,1875286772,5474481.926158,4394783.432339041,uniform_k5,5,0.05681694945985809
cleanStatic,calibration,75,75.00147088,9,19,1874786772,1875286772,5474481.926158,4394783.432339041,shuffled_k5,5,0.06918202965520355
cleanStatic,calibration,75,75.00147088,9,19,1874786772,1875286772,5474481.926158,4394783.432339041,analytic_sparse_k9,9,0.09788711650612411
cleanStatic,calibration,75,75.00147088,9,19,1874786772,1875286772,5474481.926158,4394783.432339041,uniform_k9,9,0.03374802902903968
cleanStatic,calibration,75,75.00147088,9,19,1874786772,1875286772,5474481.926158,4394783.432339041,shuffled_k9,9,0.16644613605731423
cleanStatic,calibration,75,75.00147088,9,19,1874786772,1875286772,5474481.926158,4394783.432339041,ai_sparse_k3,3,0.2039523322714483
cleanStatic,calibration,75,75.00147088,9,19,1874786772,1875286772,5474481.926158,4394783.432339041,pg_scc_k3,3,0.16355717069262024
cleanStatic,calibration,75,75.00147088,9,19,1874786772,1875286772,5474481.926158,4394783.432339041,ai_sparse_k5,5,0.020461252733094716
cleanStatic,calibration,75,75.00147088,9,19,1874786772,1875286772,5474481.926158,4394783.432339041,pg_scc_k5,5,0.21043913440355988
cleanStatic,calibration,75,75.00147088,9,19,1874786772,1875286772,5474481.926158,4394783.432339041,ai_sparse_k9,9,0.028602463508500018
cleanStatic,calibration,75,75.00147088,9,19,1874786772,1875286772,5474481.926158,4394783.432339041,pg_scc_k9,9,0.13395122249884783
cleanStatic,calibration,75,75.00147088,9,19,1874786772,1875286772,5474481.926158,4394783.432339041,epl3,3,0.2903782293499755
cleanStatic,calibration,75,75.00147088,9,19,1874786772,1875286772,5474481.926158,4394783.432339041,fixed9,9,0.049184116618774386
cleanStatic,calibration,75,75.00147088,9,19,1874786772,1875286772,5474481.926158,4394783.432339041,random1_k3,3,0.23523421480219056
cleanStatic,calibration,75,75.00147088,9,19,1874786772,1875286772,5474481.926158,4394783.432339041,random2_k3,3,0.5047262287625427
cleanStatic,calibration,75,75.00147088,9,19,1874786772,1875286772,5474481.926158,4394783.432339041,random3_k3,3,0.15094993688076822
cleanStatic,calibration,75,75.00147088,9,19,1874786772,1875286772,5474481.926158,4394783.432339041,random4_k3,3,0.5364726481073737
cleanStatic,calibration,75,75.00147088,9,19,1874786772,1875286772,5474481.926158,4394783.432339041,random5_k3,3,0.0800259173598794
cleanStatic,calibration,75,75.00147088,9,19,1874786772,1875286772,5474481.926158,4394783.432339041,random1_k5,5,0.08049333205702955
cleanStatic,calibration,75,75.00147088,9,19,1874786772,1875286772,5474481.926158,4394783.432339041,random2_k5,5,0.0966099493513771
cleanStatic,calibration,75,75.00147088,9,19,1874786772,1875286772,5474481.926158,4394783.432339041,random3_k5,5,0.1389176115425634
cleanStatic,calibration,75,75.00147088,9,19,1874786772,1875286772,5474481.926158,4394783.432339041,random4_k5,5,0.2319057634427783
cleanStatic,calibration,75,75.00147088,9,19,1874786772,1875286772,5474481.926158,4394783.432339041,random5_k5,5,0.2919104394866233
cleanStatic,calibration,75,75.00147088,9,19,1874786772,1875286772,5474481.926158,4394783.432339041,random1_k9,9,0.10501197640929696
cleanStatic,calibration,75,75.00147088,9,19,1874786772,1875286772,5474481.926158,4394783.432339041,random2_k9,9,0.2547991947294219
cleanStatic,calibration,75,75.00147088,9,19,1874786772,1875286772,5474481.926158,4394783.432339041,random3_k9,9,0.11869623576763279
cleanStatic,calibration,75,75.00147088,9,19,1874786772,1875286772,5474481.926158,4394783.432339041,random4_k9,9,0.188048680231636
cleanStatic,calibration,75,75.00147088,9,19,1874786772,1875286772,5474481.926158,4394783.432339041,random5_k9,9,0.08469478849253982
cleanStatic,calibration,75,74.9906224,10,23,1874515560,1875015560,5474727.838337999,6582426.811856819,dense_two_source_glrt,187,0.00813914738057455
cleanStatic,calibration,75,74.9906224,10,23,1874515560,1875015560,5474727.838337999,6582426.811856819,dense_one_source_residual,187,0.17901456678710262
cleanStatic,calibration,75,74.9906224,10,23,1874515560,1875015560,5474727.838337999,6582426.811856819,raw_power_only,0,5474727.838337999
cleanStatic,calibration,75,74.9906224,10,23,1874515560,1875015560,5474727.838337999,6582426.811856819,analytic_sparse_k3,3,0.09529638989273725
cleanStatic,calibration,75,74.9906224,10,23,1874515560,1875015560,5474727.838337999,6582426.811856819,uniform_k3,3,0.19354054579198088
cleanStatic,calibration,75,74.9906224,10,23,1874515560,1875015560,5474727.838337999,6582426.811856819,shuffled_k3,3,0.03883802995775711
cleanStatic,calibration,75,74.9906224,10,23,1874515560,1875015560,5474727.838337999,6582426.811856819,analytic_sparse_k5,5,0.03673867216622967
cleanStatic,calibration,75,74.9906224,10,23,1874515560,1875015560,5474727.838337999,6582426.811856819,uniform_k5,5,0.09651139539111848
cleanStatic,calibration,75,74.9906224,10,23,1874515560,1875015560,5474727.838337999,6582426.811856819,shuffled_k5,5,0.014414573232650274
cleanStatic,calibration,75,74.9906224,10,23,1874515560,1875015560,5474727.838337999,6582426.811856819,analytic_sparse_k9,9,0.010953838792984541
cleanStatic,calibration,75,74.9906224,10,23,1874515560,1875015560,5474727.838337999,6582426.811856819,uniform_k9,9,0.0633845296109394
cleanStatic,calibration,75,74.9906224,10,23,1874515560,1875015560,5474727.838337999,6582426.811856819,shuffled_k9,9,0.009328849093323124
cleanStatic,calibration,75,74.9906224,10,23,1874515560,1875015560,5474727.838337999,6582426.811856819,ai_sparse_k3,3,0.02414686734762328
cleanStatic,calibration,75,74.9906224,10,23,1874515560,1875015560,5474727.838337999,6582426.811856819,pg_scc_k3,3,0.1864837371651719
cleanStatic,calibration,75,74.9906224,10,23,1874515560,1875015560,5474727.838337999,6582426.811856819,ai_sparse_k5,5,0.031587239201987784
cleanStatic,calibration,75,74.9906224,10,23,1874515560,1875015560,5474727.838337999,6582426.811856819,pg_scc_k5,5,0.058504585696981824
cleanStatic,calibration,75,74.9906224,10,23,1874515560,1875015560,5474727.838337999,6582426.811856819,ai_sparse_k9,9,0.038230222498284644
cleanStatic,calibration,75,74.9906224,10,23,1874515560,1875015560,5474727.838337999,6582426.811856819,pg_scc_k9,9,0.04380855331662333
cleanStatic,calibration,75,74.9906224,10,23,1874515560,1875015560,5474727.838337999,6582426.811856819,epl3,3,0.047040202601215136
cleanStatic,calibration,75,74.9906224,10,23,1874515560,1875015560,5474727.838337999,6582426.811856819,fixed9,9,0.10224954224945565
cleanStatic,calibration,75,74.9906224,10,23,1874515560,1875015560,5474727.838337999,6582426.811856819,random1_k3,3,0.0626562144998682
cleanStatic,calibration,75,74.9906224,10,23,1874515560,1875015560,5474727.838337999,6582426.811856819,random2_k3,3,0.027296362404800812
cleanStatic,calibration,75,74.9906224,10,23,1874515560,1875015560,5474727.838337999,6582426.811856819,random3_k3,3,0.08607821584601716
cleanStatic,calibration,75,74.9906224,10,23,1874515560,1875015560,5474727.838337999,6582426.811856819,random4_k3,3,0.07569250048961233
cleanStatic,calibration,75,74.9906224,10,23,1874515560,1875015560,5474727.838337999,6582426.811856819,random5_k3,3,0.077809910210476
cleanStatic,calibration,75,74.9906224,10,23,1874515560,1875015560,5474727.838337999,6582426.811856819,random1_k5,5,0.02360694443011573
cleanStatic,calibration,75,74.9906224,10,23,1874515560,1875015560,5474727.838337999,6582426.811856819,random2_k5,5,0.06994327295184903
cleanStatic,calibration,75,74.9906224,10,23,1874515560,1875015560,5474727.838337999,6582426.811856819,random3_k5,5,0.1105459119463073
cleanStatic,calibration,75,74.9906224,10,23,1874515560,1875015560,5474727.838337999,6582426.811856819,random4_k5,5,0.07050077467730867
cleanStatic,calibration,75,74.9906224,10,23,1874515560,1875015560,5474727.838337999,6582426.811856819,random5_k5,5,0.0696692319807112
cleanStatic,calibration,75,74.9906224,10,23,1874515560,1875015560,5474727.838337999,6582426.811856819,random1_k9,9,0.03073274773107726
cleanStatic,calibration,75,74.9906224,10,23,1874515560,1875015560,5474727.838337999,6582426.811856819,random2_k9,9,0.04998967801810893
cleanStatic,calibration,75,74.9906224,10,23,1874515560,1875015560,5474727.838337999,6582426.811856819,random3_k9,9,0.020247712542854363
cleanStatic,calibration,75,74.9906224,10,23,1874515560,1875015560,5474727.838337999,6582426.811856819,random4_k9,9,0.05512418324058266
cleanStatic,calibration,75,74.9906224,10,23,1874515560,1875015560,5474727.838337999,6582426.811856819,random5_k9,9,0.04792022126394602
cleanStatic,calibration,77,76.99034028,0,16,1924508507,1925008507,5552526.1364440005,5027394.562938349,dense_two_source_glrt,187,0.10079593074492198
cleanStatic,calibration,77,76.99034028,0,16,1924508507,1925008507,5552526.1364440005,5027394.562938349,dense_one_source_residual,187,0.4697079949418821
cleanStatic,calibration,77,76.99034028,0,16,1924508507,1925008507,5552526.1364440005,5027394.562938349,raw_power_only,0,5552526.1364440005
cleanStatic,calibration,77,76.99034028,0,16,1924508507,1925008507,5552526.1364440005,5027394.562938349,analytic_sparse_k3,3,0.1835311633787713
cleanStatic,calibration,77,76.99034028,0,16,1924508507,1925008507,5552526.1364440005,5027394.562938349,uniform_k3,3,0.14402744175769858
cleanStatic,calibration,77,76.99034028,0,16,1924508507,1925008507,5552526.1364440005,5027394.562938349,shuffled_k3,3,0.15551078503163931
cleanStatic,calibration,77,76.99034028,0,16,1924508507,1925008507,5552526.1364440005,5027394.562938349,analytic_sparse_k5,5,0.14216451275369005
cleanStatic,calibration,77,76.99034028,0,16,1924508507,1925008507,5552526.1364440005,5027394.562938349,uniform_k5,5,0.16311404643261854
cleanStatic,calibration,77,76.99034028,0,16,1924508507,1925008507,5552526.1364440005,5027394.562938349,shuffled_k5,5,0.15421903663431058
cleanStatic,calibration,77,76.99034028,0,16,1924508507,1925008507,5552526.1364440005,5027394.562938349,analytic_sparse_k9,9,0.2041263134744723
cleanStatic,calibration,77,76.99034028,0,16,1924508507,1925008507,5552526.1364440005,5027394.562938349,uniform_k9,9,0.03605324623642102
cleanStatic,calibration,77,76.99034028,0,16,1924508507,1925008507,5552526.1364440005,5027394.562938349,shuffled_k9,9,0.21603942006478422
cleanStatic,calibration,77,76.99034028,0,16,1924508507,1925008507,5552526.1364440005,5027394.562938349,ai_sparse_k3,3,0.5916314679215778
cleanStatic,calibration,77,76.99034028,0,16,1924508507,1925008507,5552526.1364440005,5027394.562938349,pg_scc_k3,3,0.45719440024686725
cleanStatic,calibration,77,76.99034028,0,16,1924508507,1925008507,5552526.1364440005,5027394.562938349,ai_sparse_k5,5,0.11507538903009325
cleanStatic,calibration,77,76.99034028,0,16,1924508507,1925008507,5552526.1364440005,5027394.562938349,pg_scc_k5,5,0.09366870261588596
cleanStatic,calibration,77,76.99034028,0,16,1924508507,1925008507,5552526.1364440005,5027394.562938349,ai_sparse_k9,9,0.07719760133208424
cleanStatic,calibration,77,76.99034028,0,16,1924508507,1925008507,5552526.1364440005,5027394.562938349,pg_scc_k9,9,0.12012828557867034
cleanStatic,calibration,77,76.99034028,0,16,1924508507,1925008507,5552526.1364440005,5027394.562938349,epl3,3,0.4759644838983874
cleanStatic,calibration,77,76.99034028,0,16,1924508507,1925008507,5552526.1364440005,5027394.562938349,fixed9,9,0.15051693666024762
cleanStatic,calibration,77,76.99034028,0,16,1924508507,1925008507,5552526.1364440005,5027394.562938349,random1_k3,3,0.2974298241278189
cleanStatic,calibration,77,76.99034028,0,16,1924508507,1925008507,5552526.1364440005,5027394.562938349,random2_k3,3,0.11540092752932345
cleanStatic,calibration,77,76.99034028,0,16,1924508507,1925008507,5552526.1364440005,5027394.562938349,random3_k3,3,0.3454702885381616
cleanStatic,calibration,77,76.99034028,0,16,1924508507,1925008507,5552526.1364440005,5027394.562938349,random4_k3,3,0.11895066562902973
cleanStatic,calibration,77,76.99034028,0,16,1924508507,1925008507,5552526.1364440005,5027394.562938349,random5_k3,3,0.34999644940969715
cleanStatic,calibration,77,76.99034028,0,16,1924508507,1925008507,5552526.1364440005,5027394.562938349,random1_k5,5,0.06552739406510262
cleanStatic,calibration,77,76.99034028,0,16,1924508507,1925008507,5552526.1364440005,5027394.562938349,random2_k5,5,0.06796213397088187
cleanStatic,calibration,77,76.99034028,0,16,1924508507,1925008507,5552526.1364440005,5027394.562938349,random3_k5,5,0.26339112169662704
cleanStatic,calibration,77,76.99034028,0,16,1924508507,1925008507,5552526.1364440005,5027394.562938349,random4_k5,5,0.23225812463646062
cleanStatic,calibration,77,76.99034028,0,16,1924508507,1925008507,5552526.1364440005,5027394.562938349,random5_k5,5,0.19163121714400527
cleanStatic,calibration,77,76.99034028,0,16,1924508507,1925008507,5552526.1364440005,5027394.562938349,random1_k9,9,0.17756429846403735
cleanStatic,calibration,77,76.99034028,0,16,1924508507,1925008507,5552526.1364440005,5027394.562938349,random2_k9,9,0.08982449897585908
cleanStatic,calibration,77,76.99034028,0,16,1924508507,1925008507,5552526.1364440005,5027394.562938349,random3_k9,9,0.25744590469444945
cleanStatic,calibration,77,76.99034028,0,16,1924508507,1925008507,5552526.1364440005,5027394.562938349,random4_k9,9,0.38609206414308084
cleanStatic,calibration,77,76.99034028,0,16,1924508507,1925008507,5552526.1364440005,5027394.562938349,random5_k9,9,0.25362028962712635
cleanStatic,calibration,77,76.9905322,2,3,1924513305,1925013305,5553971.583559999,5869842.198244903,dense_two_source_glrt,187,0.09956774741083987
cleanStatic,calibration,77,76.9905322,2,3,1924513305,1925013305,5553971.583559999,5869842.198244903,dense_one_source_residual,187,0.5209321584299041
cleanStatic,calibration,77,76.9905322,2,3,1924513305,1925013305,5553971.583559999,5869842.198244903,raw_power_only,0,5553971.583559999
cleanStatic,calibration,77,76.9905322,2,3,1924513305,1925013305,5553971.583559999,5869842.198244903,analytic_sparse_k3,3,0.06738206045461259
cleanStatic,calibration,77,76.9905322,2,3,1924513305,1925013305,5553971.583559999,5869842.198244903,uniform_k3,3,0.33852684805777306
cleanStatic,calibration,77,76.9905322,2,3,1924513305,1925013305,5553971.583559999,5869842.198244903,shuffled_k3,3,0.07202175314452508
cleanStatic,calibration,77,76.9905322,2,3,1924513305,1925013305,5553971.583559999,5869842.198244903,analytic_sparse_k5,5,0.08974214730934334
cleanStatic,calibration,77,76.9905322,2,3,1924513305,1925013305,5553971.583559999,5869842.198244903,uniform_k5,5,0.1696564939788135
cleanStatic,calibration,77,76.9905322,2,3,1924513305,1925013305,5553971.583559999,5869842.198244903,shuffled_k5,5,0.30642103654011427
cleanStatic,calibration,77,76.9905322,2,3,1924513305,1925013305,5553971.583559999,5869842.198244903,analytic_sparse_k9,9,0.15231010462888087
cleanStatic,calibration,77,76.9905322,2,3,1924513305,1925013305,5553971.583559999,5869842.198244903,uniform_k9,9,0.08473140854924407
cleanStatic,calibration,77,76.9905322,2,3,1924513305,1925013305,5553971.583559999,5869842.198244903,shuffled_k9,9,0.34028130884764396
cleanStatic,calibration,77,76.9905322,2,3,1924513305,1925013305,5553971.583559999,5869842.198244903,ai_sparse_k3,3,0.17846756013466059
cleanStatic,calibration,77,76.9905322,2,3,1924513305,1925013305,5553971.583559999,5869842.198244903,pg_scc_k3,3,0.4321139199051571
cleanStatic,calibration,77,76.9905322,2,3,1924513305,1925013305,5553971.583559999,5869842.198244903,ai_sparse_k5,5,0.3366975156568849
cleanStatic,calibration,77,76.9905322,2,3,1924513305,1925013305,5553971.583559999,5869842.198244903,pg_scc_k5,5,0.09498503823222637
cleanStatic,calibration,77,76.9905322,2,3,1924513305,1925013305,5553971.583559999,5869842.198244903,ai_sparse_k9,9,0.4204862462972876
cleanStatic,calibration,77,76.9905322,2,3,1924513305,1925013305,5553971.583559999,5869842.198244903,pg_scc_k9,9,0.07434371563675442
cleanStatic,calibration,77,76.9905322,2,3,1924513305,1925013305,5553971.583559999,5869842.198244903,epl3,3,0.7392174782011044
cleanStatic,calibration,77,76.9905322,2,3,1924513305,1925013305,5553971.583559999,5869842.198244903,fixed9,9,0.746747197344284
cleanStatic,calibration,77,76.9905322,2,3,1924513305,1925013305,5553971.583559999,5869842.198244903,random1_k3,3,0.40931695881213265
cleanStatic,calibration,77,76.9905322,2,3,1924513305,1925013305,5553971.583559999,5869842.198244903,random2_k3,3,0.21722135096728193
cleanStatic,calibration,77,76.9905322,2,3,1924513305,1925013305,5553971.583559999,5869842.198244903,random3_k3,3,0.521848762502603
cleanStatic,calibration,77,76.9905322,2,3,1924513305,1925013305,5553971.583559999,5869842.198244903,random4_k3,3,0.1288703349716688
cleanStatic,calibration,77,76.9905322,2,3,1924513305,1925013305,5553971.583559999,5869842.198244903,random5_k3,3,0.12983085058411542
cleanStatic,calibration,77,76.9905322,2,3,1924513305,1925013305,5553971.583559999,5869842.198244903,random1_k5,5,0.14208610505346808
cleanStatic,calibration,77,76.9905322,2,3,1924513305,1925013305,5553971.583559999,5869842.198244903,random2_k5,5,0.21291178354727736
cleanStatic,calibration,77,76.9905322,2,3,1924513305,1925013305,5553971.583559999,5869842.198244903,random3_k5,5,0.3041800301295058
cleanStatic,calibration,77,76.9905322,2,3,1924513305,1925013305,5553971.583559999,5869842.198244903,random4_k5,5,0.31811156618231706
cleanStatic,calibration,77,76.9905322,2,3,1924513305,1925013305,5553971.583559999,5869842.198244903,random5_k5,5,0.1440884517936763
cleanStatic,calibration,77,76.9905322,2,3,1924513305,1925013305,5553971.583559999,5869842.198244903,random1_k9,9,0.17466240086957813
cleanStatic,calibration,77,76.9905322,2,3,1924513305,1925013305,5553971.583559999,5869842.198244903,random2_k9,9,0.10414436024789156
cleanStatic,calibration,77,76.9905322,2,3,1924513305,1925013305,5553971.583559999,5869842.198244903,random3_k9,9,0.21818457552240084
cleanStatic,calibration,77,76.9905322,2,3,1924513305,1925013305,5553971.583559999,5869842.198244903,random4_k9,9,0.1652027519926966
cleanStatic,calibration,77,76.9905322,2,3,1924513305,1925013305,5553971.583559999,5869842.198244903,random5_k9,9,0.1954082422127559
cleanStatic,calibration,77,76.99439072,3,20,1924609768,1925109768,5555224.248554001,2670078.451835533,dense_two_source_glrt,187,0.2278857094182173
cleanStatic,calibration,77,76.99439072,3,20,1924609768,1925109768,5555224.248554001,2670078.451835533,dense_one_source_residual,187,1.1095070986794493
cleanStatic,calibration,77,76.99439072,3,20,1924609768,1925109768,5555224.248554001,2670078.451835533,raw_power_only,0,5555224.248554001
cleanStatic,calibration,77,76.99439072,3,20,1924609768,1925109768,5555224.248554001,2670078.451835533,analytic_sparse_k3,3,0.1257547538209908
cleanStatic,calibration,77,76.99439072,3,20,1924609768,1925109768,5555224.248554001,2670078.451835533,uniform_k3,3,0.1410753896667629
cleanStatic,calibration,77,76.99439072,3,20,1924609768,1925109768,5555224.248554001,2670078.451835533,shuffled_k3,3,0.6869072457616062
cleanStatic,calibration,77,76.99439072,3,20,1924609768,1925109768,5555224.248554001,2670078.451835533,analytic_sparse_k5,5,0.2763515500091397
cleanStatic,calibration,77,76.99439072,3,20,1924609768,1925109768,5555224.248554001,2670078.451835533,uniform_k5,5,0.054182883044019726
cleanStatic,calibration,77,76.99439072,3,20,1924609768,1925109768,5555224.248554001,2670078.451835533,shuffled_k5,5,0.43029473493322834
cleanStatic,calibration,77,76.99439072,3,20,1924609768,1925109768,5555224.248554001,2670078.451835533,analytic_sparse_k9,9,0.4302575353584316
cleanStatic,calibration,77,76.99439072,3,20,1924609768,1925109768,5555224.248554001,2670078.451835533,uniform_k9,9,0.3473839518370226
cleanStatic,calibration,77,76.99439072,3,20,1924609768,1925109768,5555224.248554001,2670078.451835533,shuffled_k9,9,0.3311636885001204
cleanStatic,calibration,77,76.99439072,3,20,1924609768,1925109768,5555224.248554001,2670078.451835533,ai_sparse_k3,3,1.089498340563481
cleanStatic,calibration,77,76.99439072,3,20,1924609768,1925109768,5555224.248554001,2670078.451835533,pg_scc_k3,3,0.8594578463511408
cleanStatic,calibration,77,76.99439072,3,20,1924609768,1925109768,5555224.248554001,2670078.451835533,ai_sparse_k5,5,0.9726127042147727
cleanStatic,calibration,77,76.99439072,3,20,1924609768,1925109768,5555224.248554001,2670078.451835533,pg_scc_k5,5,0.1264303329669481
cleanStatic,calibration,77,76.99439072,3,20,1924609768,1925109768,5555224.248554001,2670078.451835533,ai_sparse_k9,9,0.7692496024327671
cleanStatic,calibration,77,76.99439072,3,20,1924609768,1925109768,5555224.248554001,2670078.451835533,pg_scc_k9,9,0.2704566584692998
cleanStatic,calibration,77,76.99439072,3,20,1924609768,1925109768,5555224.248554001,2670078.451835533,epl3,3,1.7202229553850164
cleanStatic,calibration,77,76.99439072,3,20,1924609768,1925109768,5555224.248554001,2670078.451835533,fixed9,9,1.010422722915632
cleanStatic,calibration,77,76.99439072,3,20,1924609768,1925109768,5555224.248554001,2670078.451835533,random1_k3,3,0.8776047825295663
cleanStatic,calibration,77,76.99439072,3,20,1924609768,1925109768,5555224.248554001,2670078.451835533,random2_k3,3,0.21857008689757362
cleanStatic,calibration,77,76.99439072,3,20,1924609768,1925109768,5555224.248554001,2670078.451835533,random3_k3,3,0.535481055872332
cleanStatic,calibration,77,76.99439072,3,20,1924609768,1925109768,5555224.248554001,2670078.451835533,random4_k3,3,0.7624051950809149
cleanStatic,calibration,77,76.99439072,3,20,1924609768,1925109768,5555224.248554001,2670078.451835533,random5_k3,3,0.19003774967565823
cleanStatic,calibration,77,76.99439072,3,20,1924609768,1925109768,5555224.248554001,2670078.451835533,random1_k5,5,1.0630716111544793
cleanStatic,calibration,77,76.99439072,3,20,1924609768,1925109768,5555224.248554001,2670078.451835533,random2_k5,5,0.34804767576278695
cleanStatic,calibration,77,76.99439072,3,20,1924609768,1925109768,5555224.248554001,2670078.451835533,random3_k5,5,0.4393910210906912
cleanStatic,calibration,77,76.99439072,3,20,1924609768,1925109768,5555224.248554001,2670078.451835533,random4_k5,5,0.4773220224206424
cleanStatic,calibration,77,76.99439072,3,20,1924609768,1925109768,5555224.248554001,2670078.451835533,random5_k5,5,0.41639684609776595
cleanStatic,calibration,77,76.99439072,3,20,1924609768,1925109768,5555224.248554001,2670078.451835533,random1_k9,9,0.7605628662886446
cleanStatic,calibration,77,76.99439072,3,20,1924609768,1925109768,5555224.248554001,2670078.451835533,random2_k9,9,0.21427842405606057
cleanStatic,calibration,77,76.99439072,3,20,1924609768,1925109768,5555224.248554001,2670078.451835533,random3_k9,9,0.25454653776259384
cleanStatic,calibration,77,76.99439072,3,20,1924609768,1925109768,5555224.248554001,2670078.451835533,random4_k9,9,0.3752093439825622
cleanStatic,calibration,77,76.99439072,3,20,1924609768,1925109768,5555224.248554001,2670078.451835533,random5_k9,9,0.270726252679818
cleanStatic,calibration,77,77.00270556,4,30,1924817639,1925317639,5549312.976376001,2212229.540623225,dense_two_source_glrt,187,0.3376584424095704
cleanStatic,calibration,77,77.00270556,4,30,1924817639,1925317639,5549312.976376001,2212229.540623225,dense_one_source_residual,187,1.8748521746989097
cleanStatic,calibration,77,77.00270556,4,30,1924817639,1925317639,5549312.976376001,2212229.540623225,raw_power_only,0,5549312.976376001
cleanStatic,calibration,77,77.00270556,4,30,1924817639,1925317639,5549312.976376001,2212229.540623225,analytic_sparse_k3,3,0.44524565283933026
cleanStatic,calibration,77,77.00270556,4,30,1924817639,1925317639,5549312.976376001,2212229.540623225,uniform_k3,3,0.8689702529792981
cleanStatic,calibration,77,77.00270556,4,30,1924817639,1925317639,5549312.976376001,2212229.540623225,shuffled_k3,3,0.6428640551977406
cleanStatic,calibration,77,77.00270556,4,30,1924817639,1925317639,5549312.976376001,2212229.540623225,analytic_sparse_k5,5,0.6648014383371673
cleanStatic,calibration,77,77.00270556,4,30,1924817639,1925317639,5549312.976376001,2212229.540623225,uniform_k5,5,0.09615495952813458
cleanStatic,calibration,77,77.00270556,4,30,1924817639,1925317639,5549312.976376001,2212229.540623225,shuffled_k5,5,0.8328540885914453
cleanStatic,calibration,77,77.00270556,4,30,1924817639,1925317639,5549312.976376001,2212229.540623225,analytic_sparse_k9,9,0.9033296354387519
cleanStatic,calibration,77,77.00270556,4,30,1924817639,1925317639,5549312.976376001,2212229.540623225,uniform_k9,9,0.19059290276160962
cleanStatic,calibration,77,77.00270556,4,30,1924817639,1925317639,5549312.976376001,2212229.540623225,shuffled_k9,9,1.1923730594763577
cleanStatic,calibration,77,77.00270556,4,30,1924817639,1925317639,5549312.976376001,2212229.540623225,ai_sparse_k3,3,1.6287684533624376
cleanStatic,calibration,77,77.00270556,4,30,1924817639,1925317639,5549312.976376001,2212229.540623225,pg_scc_k3,3,0.8345269245041077
cleanStatic,calibration,77,77.00270556,4,30,1924817639,1925317639,5549312.976376001,2212229.540623225,ai_sparse_k5,5,2.2919108776460257
cleanStatic,calibration,77,77.00270556,4,30,1924817639,1925317639,5549312.976376001,2212229.540623225,pg_scc_k5,5,1.5363802384824377
cleanStatic,calibration,77,77.00270556,4,30,1924817639,1925317639,5549312.976376001,2212229.540623225,ai_sparse_k9,9,1.6981866513544095
cleanStatic,calibration,77,77.00270556,4,30,1924817639,1925317639,5549312.976376001,2212229.540623225,pg_scc_k9,9,1.2515673514685075
cleanStatic,calibration,77,77.00270556,4,30,1924817639,1925317639,5549312.976376001,2212229.540623225,epl3,3,0.8454112958050369
cleanStatic,calibration,77,77.00270556,4,30,1924817639,1925317639,5549312.976376001,2212229.540623225,fixed9,9,1.0357580149412007
cleanStatic,calibration,77,77.00270556,4,30,1924817639,1925317639,5549312.976376001,2212229.540623225,random1_k3,3,0.8721185902536667
cleanStatic,calibration,77,77.00270556,4,30,1924817639,1925317639,5549312.976376001,2212229.540623225,random2_k3,3,1.1366843175472492
cleanStatic,calibration,77,77.00270556,4,30,1924817639,1925317639,5549312.976376001,2212229.540623225,random3_k3,3,2.4206309330898796
cleanStatic,calibration,77,77.00270556,4,30,1924817639,1925317639,5549312.976376001,2212229.540623225,random4_k3,3,1.0933489670189307
cleanStatic,calibration,77,77.00270556,4,30,1924817639,1925317639,5549312.976376001,2212229.540623225,random5_k3,3,0.2375848477131066
cleanStatic,calibration,77,77.00270556,4,30,1924817639,1925317639,5549312.976376001,2212229.540623225,random1_k5,5,0.5366804726573515
cleanStatic,calibration,77,77.00270556,4,30,1924817639,1925317639,5549312.976376001,2212229.540623225,random2_k5,5,1.40593404820789
cleanStatic,calibration,77,77.00270556,4,30,1924817639,1925317639,5549312.976376001,2212229.540623225,random3_k5,5,1.0309386231398345
cleanStatic,calibration,77,77.00270556,4,30,1924817639,1925317639,5549312.976376001,2212229.540623225,random4_k5,5,0.6633649174539059
cleanStatic,calibration,77,77.00270556,4,30,1924817639,1925317639,5549312.976376001,2212229.540623225,random5_k5,5,0.6648539825894542
cleanStatic,calibration,77,77.00270556,4,30,1924817639,1925317639,5549312.976376001,2212229.540623225,random1_k9,9,1.0757774382051013
cleanStatic,calibration,77,77.00270556,4,30,1924817639,1925317639,5549312.976376001,2212229.540623225,random2_k9,9,0.7309927583310674
cleanStatic,calibration,77,77.00270556,4,30,1924817639,1925317639,5549312.976376001,2212229.540623225,random3_k9,9,0.6782948672827069
cleanStatic,calibration,77,77.00270556,4,30,1924817639,1925317639,5549312.976376001,2212229.540623225,random4_k9,9,0.47009157621377007
cleanStatic,calibration,77,77.00270556,4,30,1924817639,1925317639,5549312.976376001,2212229.540623225,random5_k9,9,0.3336203001764326
cleanStatic,calibration,77,76.99066764,5,6,1924516691,1925016691,5553215.843652001,4326183.1074013,dense_two_source_glrt,187,0.10652542664949034
cleanStatic,calibration,77,76.99066764,5,6,1924516691,1925016691,5553215.843652001,4326183.1074013,dense_one_source_residual,187,0.5976109184248222
cleanStatic,calibration,77,76.99066764,5,6,1924516691,1925016691,5553215.843652001,4326183.1074013,raw_power_only,0,5553215.843652001
cleanStatic,calibration,77,76.99066764,5,6,1924516691,1925016691,5553215.843652001,4326183.1074013,analytic_sparse_k3,3,0.05074975629853667
cleanStatic,calibration,77,76.99066764,5,6,1924516691,1925016691,5553215.843652001,4326183.1074013,uniform_k3,3,0.6653771070327609
cleanStatic,calibration,77,76.99066764,5,6,1924516691,1925016691,5553215.843652001,4326183.1074013,shuffled_k3,3,0.22139775781225626
cleanStatic,calibration,77,76.99066764,5,6,1924516691,1925016691,5553215.843652001,4326183.1074013,analytic_sparse_k5,5,0.3212445375307757
cleanStatic,calibration,77,76.99066764,5,6,1924516691,1925016691,5553215.843652001,4326183.1074013,uniform_k5,5,0.24723918266380585
cleanStatic,calibration,77,76.99066764,5,6,1924516691,1925016691,5553215.843652001,4326183.1074013,shuffled_k5,5,0.26762592461768553
cleanStatic,calibration,77,76.99066764,5,6,1924516691,1925016691,5553215.843652001,4326183.1074013,analytic_sparse_k9,9,0.11651296494687483
cleanStatic,calibration,77,76.99066764,5,6,1924516691,1925016691,5553215.843652001,4326183.1074013,uniform_k9,9,0.1252765832502752
cleanStatic,calibration,77,76.99066764,5,6,1924516691,1925016691,5553215.843652001,4326183.1074013,shuffled_k9,9,0.2888233866060934
cleanStatic,calibration,77,76.99066764,5,6,1924516691,1925016691,5553215.843652001,4326183.1074013,ai_sparse_k3,3,0.4786020407282103
cleanStatic,calibration,77,76.99066764,5,6,1924516691,1925016691,5553215.843652001,4326183.1074013,pg_scc_k3,3,0.4384131493890229
cleanStatic,calibration,77,76.99066764,5,6,1924516691,1925016691,5553215.843652001,4326183.1074013,ai_sparse_k5,5,0.4226883009715635
cleanStatic,calibration,77,76.99066764,5,6,1924516691,1925016691,5553215.843652001,4326183.1074013,pg_scc_k5,5,0.1770018636438154
cleanStatic,calibration,77,76.99066764,5,6,1924516691,1925016691,5553215.843652001,4326183.1074013,ai_sparse_k9,9,0.380272058345193
cleanStatic,calibration,77,76.99066764,5,6,1924516691,1925016691,5553215.843652001,4326183.1074013,pg_scc_k9,9,0.14692523760372586
cleanStatic,calibration,77,76.99066764,5,6,1924516691,1925016691,5553215.843652001,4326183.1074013,epl3,3,0.16476895827261198
cleanStatic,calibration,77,76.99066764,5,6,1924516691,1925016691,5553215.843652001,4326183.1074013,fixed9,9,0.278890018479663
cleanStatic,calibration,77,76.99066764,5,6,1924516691,1925016691,5553215.843652001,4326183.1074013,random1_k3,3,0.06453780525203236
cleanStatic,calibration,77,76.99066764,5,6,1924516691,1925016691,5553215.843652001,4326183.1074013,random2_k3,3,0.41824266340265587
cleanStatic,calibration,77,76.99066764,5,6,1924516691,1925016691,5553215.843652001,4326183.1074013,random3_k3,3,0.653366004178889
cleanStatic,calibration,77,76.99066764,5,6,1924516691,1925016691,5553215.843652001,4326183.1074013,random4_k3,3,0.6498743750686834
cleanStatic,calibration,77,76.99066764,5,6,1924516691,1925016691,5553215.843652001,4326183.1074013,random5_k3,3,0.2413019898369865
cleanStatic,calibration,77,76.99066764,5,6,1924516691,1925016691,5553215.843652001,4326183.1074013,random1_k5,5,0.7091681320700816
cleanStatic,calibration,77,76.99066764,5,6,1924516691,1925016691,5553215.843652001,4326183.1074013,random2_k5,5,0.10196191325446358
cleanStatic,calibration,77,76.99066764,5,6,1924516691,1925016691,5553215.843652001,4326183.1074013,random3_k5,5,0.4420947661655541
cleanStatic,calibration,77,76.99066764,5,6,1924516691,1925016691,5553215.843652001,4326183.1074013,random4_k5,5,0.04371758587042104
cleanStatic,calibration,77,76.99066764,5,6,1924516691,1925016691,5553215.843652001,4326183.1074013,random5_k5,5,0.4895633544611859
cleanStatic,calibration,77,76.99066764,5,6,1924516691,1925016691,5553215.843652001,4326183.1074013,random1_k9,9,0.14605503065789613
cleanStatic,calibration,77,76.99066764,5,6,1924516691,1925016691,5553215.843652001,4326183.1074013,random2_k9,9,0.1129968311411614
cleanStatic,calibration,77,76.99066764,5,6,1924516691,1925016691,5553215.843652001,4326183.1074013,random3_k9,9,0.4825559313223503
cleanStatic,calibration,77,76.99066764,5,6,1924516691,1925016691,5553215.843652001,4326183.1074013,random4_k9,9,0.14024322882562246
cleanStatic,calibration,77,76.99066764,5,6,1924516691,1925016691,5553215.843652001,4326183.1074013,random5_k9,9,0.10082893125963983
cleanStatic,calibration,77,77.00516696,6,7,1924879174,1925379174,5549945.300006,4360219.065590082,dense_two_source_glrt,187,0.12647637190065492
cleanStatic,calibration,77,77.00516696,6,7,1924879174,1925379174,5549945.300006,4360219.065590082,dense_one_source_residual,187,1.3229035333185508
cleanStatic,calibration,77,77.00516696,6,7,1924879174,1925379174,5549945.300006,4360219.065590082,raw_power_only,0,5549945.300006
cleanStatic,calibration,77,77.00516696,6,7,1924879174,1925379174,5549945.300006,4360219.065590082,analytic_sparse_k3,3,0.8772966731841314
cleanStatic,calibration,77,77.00516696,6,7,1924879174,1925379174,5549945.300006,4360219.065590082,uniform_k3,3,1.106394090392777
cleanStatic,calibration,77,77.00516696,6,7,1924879174,1925379174,5549945.300006,4360219.065590082,shuffled_k3,3,0.8258945664564786
cleanStatic,calibration,77,77.00516696,6,7,1924879174,1925379174,5549945.300006,4360219.065590082,analytic_sparse_k5,5,0.8403785861979802
cleanStatic,calibration,77,77.00516696,6,7,1924879174,1925379174,5549945.300006,4360219.065590082,uniform_k5,5,1.5579190440143496
cleanStatic,calibration,77,77.00516696,6,7,1924879174,1925379174,5549945.300006,4360219.065590082,shuffled_k5,5,0.3074166040197629
cleanStatic,calibration,77,77.00516696,6,7,1924879174,1925379174,5549945.300006,4360219.065590082,analytic_sparse_k9,9,0.38653072336371075
cleanStatic,calibration,77,77.00516696,6,7,1924879174,1925379174,5549945.300006,4360219.065590082,uniform_k9,9,0.1507268813092711
cleanStatic,calibration,77,77.00516696,6,7,1924879174,1925379174,5549945.300006,4360219.065590082,shuffled_k9,9,0.23207942182520724
cleanStatic,calibration,77,77.00516696,6,7,1924879174,1925379174,5549945.300006,4360219.065590082,ai_sparse_k3,3,0.4988636230953105
cleanStatic,calibration,77,77.00516696,6,7,1924879174,1925379174,5549945.300006,4360219.065590082,pg_scc_k3,3,0.36247594135685385
cleanStatic,calibration,77,77.00516696,6,7,1924879174,1925379174,5549945.300006,4360219.065590082,ai_sparse_k5,5,0.30818323742971526
cleanStatic,calibration,77,77.00516696,6,7,1924879174,1925379174,5549945.300006,4360219.065590082,pg_scc_k5,5,0.30363840045539525
cleanStatic,calibration,77,77.00516696,6,7,1924879174,1925379174,5549945.300006,4360219.065590082,ai_sparse_k9,9,0.26752870681904306
cleanStatic,calibration,77,77.00516696,6,7,1924879174,1925379174,5549945.300006,4360219.065590082,pg_scc_k9,9,0.10705389623123364
cleanStatic,calibration,77,77.00516696,6,7,1924879174,1925379174,5549945.300006,4360219.065590082,epl3,3,0.5682450043907868
cleanStatic,calibration,77,77.00516696,6,7,1924879174,1925379174,5549945.300006,4360219.065590082,fixed9,9,0.18210132242663368
cleanStatic,calibration,77,77.00516696,6,7,1924879174,1925379174,5549945.300006,4360219.065590082,random1_k3,3,0.5391201481228306
cleanStatic,calibration,77,77.00516696,6,7,1924879174,1925379174,5549945.300006,4360219.065590082,random2_k3,3,0.8651025985003328
cleanStatic,calibration,77,77.00516696,6,7,1924879174,1925379174,5549945.300006,4360219.065590082,random3_k3,3,0.2674563926217834
cleanStatic,calibration,77,77.00516696,6,7,1924879174,1925379174,5549945.300006,4360219.065590082,random4_k3,3,1.2351285559591114
cleanStatic,calibration,77,77.00516696,6,7,1924879174,1925379174,5549945.300006,4360219.065590082,random5_k3,3,0.4530755555640152
cleanStatic,calibration,77,77.00516696,6,7,1924879174,1925379174,5549945.300006,4360219.065590082,random1_k5,5,0.3381347537055083
cleanStatic,calibration,77,77.00516696,6,7,1924879174,1925379174,5549945.300006,4360219.065590082,random2_k5,5,0.455706660548432
cleanStatic,calibration,77,77.00516696,6,7,1924879174,1925379174,5549945.300006,4360219.065590082,random3_k5,5,0.3165440996054672
cleanStatic,calibration,77,77.00516696,6,7,1924879174,1925379174,5549945.300006,4360219.065590082,random4_k5,5,0.4847782734114373
cleanStatic,calibration,77,77.00516696,6,7,1924879174,1925379174,5549945.300006,4360219.065590082,random5_k5,5,0.729527104789873
cleanStatic,calibration,77,77.00516696,6,7,1924879174,1925379174,5549945.300006,4360219.065590082,random1_k9,9,0.16929032144767694
cleanStatic,calibration,77,77.00516696,6,7,1924879174,1925379174,5549945.300006,4360219.065590082,random2_k9,9,0.37566533825737103
cleanStatic,calibration,77,77.00516696,6,7,1924879174,1925379174,5549945.300006,4360219.065590082,random3_k9,9,0.6691100818038218
cleanStatic,calibration,77,77.00516696,6,7,1924879174,1925379174,5549945.300006,4360219.065590082,random4_k9,9,0.4750485075229969
cleanStatic,calibration,77,77.00516696,6,7,1924879174,1925379174,5549945.300006,4360219.065590082,random5_k9,9,0.46286364067346614
cleanStatic,calibration,77,76.99036512,7,10,1924509128,1925009128,5553103.153077999,2208666.663035763,dense_two_source_glrt,187,0.1391864291049828
cleanStatic,calibration,77,76.99036512,7,10,1924509128,1925009128,5553103.153077999,2208666.663035763,dense_one_source_residual,187,1.2678214377333916
cleanStatic,calibration,77,76.99036512,7,10,1924509128,1925009128,5553103.153077999,2208666.663035763,raw_power_only,0,5553103.153077999
cleanStatic,calibration,77,76.99036512,7,10,1924509128,1925009128,5553103.153077999,2208666.663035763,analytic_sparse_k3,3,0.2582654658840629
cleanStatic,calibration,77,76.99036512,7,10,1924509128,1925009128,5553103.153077999,2208666.663035763,uniform_k3,3,0.6240252771461093
cleanStatic,calibration,77,76.99036512,7,10,1924509128,1925009128,5553103.153077999,2208666.663035763,shuffled_k3,3,0.7542381112806505
cleanStatic,calibration,77,76.99036512,7,10,1924509128,1925009128,5553103.153077999,2208666.663035763,analytic_sparse_k5,5,0.384168799864369
cleanStatic,calibration,77,76.99036512,7,10,1924509128,1925009128,5553103.153077999,2208666.663035763,uniform_k5,5,0.2037727088673611
cleanStatic,calibration,77,76.99036512,7,10,1924509128,1925009128,5553103.153077999,2208666.663035763,shuffled_k5,5,0.22962465948826324
cleanStatic,calibration,77,76.99036512,7,10,1924509128,1925009128,5553103.153077999,2208666.663035763,analytic_sparse_k9,9,0.19834007342080393
cleanStatic,calibration,77,76.99036512,7,10,1924509128,1925009128,5553103.153077999,2208666.663035763,uniform_k9,9,0.14637979725809697
cleanStatic,calibration,77,76.99036512,7,10,1924509128,1925009128,5553103.153077999,2208666.663035763,shuffled_k9,9,0.4714687113938345
cleanStatic,calibration,77,76.99036512,7,10,1924509128,1925009128,5553103.153077999,2208666.663035763,ai_sparse_k3,3,0.26201990325735164
cleanStatic,calibration,77,76.99036512,7,10,1924509128,1925009128,5553103.153077999,2208666.663035763,pg_scc_k3,3,1.4932169577928924
cleanStatic,calibration,77,76.99036512,7,10,1924509128,1925009128,5553103.153077999,2208666.663035763,ai_sparse_k5,5,0.6215759876869205
cleanStatic,calibration,77,76.99036512,7,10,1924509128,1925009128,5553103.153077999,2208666.663035763,pg_scc_k5,5,0.9729585130389691
cleanStatic,calibration,77,76.99036512,7,10,1924509128,1925009128,5553103.153077999,2208666.663035763,ai_sparse_k9,9,0.7627874800557577
cleanStatic,calibration,77,76.99036512,7,10,1924509128,1925009128,5553103.153077999,2208666.663035763,pg_scc_k9,9,0.6226359462203248
cleanStatic,calibration,77,76.99036512,7,10,1924509128,1925009128,5553103.153077999,2208666.663035763,epl3,3,0.7139893487846192
cleanStatic,calibration,77,76.99036512,7,10,1924509128,1925009128,5553103.153077999,2208666.663035763,fixed9,9,0.48854802175434286
cleanStatic,calibration,77,76.99036512,7,10,1924509128,1925009128,5553103.153077999,2208666.663035763,random1_k3,3,0.3746932367778644
cleanStatic,calibration,77,76.99036512,7,10,1924509128,1925009128,5553103.153077999,2208666.663035763,random2_k3,3,0.21922420262268516
cleanStatic,calibration,77,76.99036512,7,10,1924509128,1925009128,5553103.153077999,2208666.663035763,random3_k3,3,2.6650898274904766
cleanStatic,calibration,77,76.99036512,7,10,1924509128,1925009128,5553103.153077999,2208666.663035763,random4_k3,3,1.0315374095998096
cleanStatic,calibration,77,76.99036512,7,10,1924509128,1925009128,5553103.153077999,2208666.663035763,random5_k3,3,0.17471130798150858
cleanStatic,calibration,77,76.99036512,7,10,1924509128,1925009128,5553103.153077999,2208666.663035763,random1_k5,5,0.8003340005623227
cleanStatic,calibration,77,76.99036512,7,10,1924509128,1925009128,5553103.153077999,2208666.663035763,random2_k5,5,1.2455916774177713
cleanStatic,calibration,77,76.99036512,7,10,1924509128,1925009128,5553103.153077999,2208666.663035763,random3_k5,5,0.33309698128878606
cleanStatic,calibration,77,76.99036512,7,10,1924509128,1925009128,5553103.153077999,2208666.663035763,random4_k5,5,1.4301355364194355
cleanStatic,calibration,77,76.99036512,7,10,1924509128,1925009128,5553103.153077999,2208666.663035763,random5_k5,5,0.25823925700722156
cleanStatic,calibration,77,76.99036512,7,10,1924509128,1925009128,5553103.153077999,2208666.663035763,random1_k9,9,0.6446680448034313
cleanStatic,calibration,77,76.99036512,7,10,1924509128,1925009128,5553103.153077999,2208666.663035763,random2_k9,9,0.26143108156565353
cleanStatic,calibration,77,76.99036512,7,10,1924509128,1925009128,5553103.153077999,2208666.663035763,random3_k9,9,0.10172687392836138
cleanStatic,calibration,77,76.99036512,7,10,1924509128,1925009128,5553103.153077999,2208666.663035763,random4_k9,9,0.12490639247360422
cleanStatic,calibration,77,76.99036512,7,10,1924509128,1925009128,5553103.153077999,2208666.663035763,random5_k9,9,0.11224549713292722
cleanStatic,calibration,77,76.9906442,8,13,1924516105,1925016105,5553112.099788,6298490.534825077,dense_two_source_glrt,187,0.06436861833890882
cleanStatic,calibration,77,76.9906442,8,13,1924516105,1925016105,5553112.099788,6298490.534825077,dense_one_source_residual,187,0.28177575539094984
cleanStatic,calibration,77,76.9906442,8,13,1924516105,1925016105,5553112.099788,6298490.534825077,raw_power_only,0,5553112.099788
cleanStatic,calibration,77,76.9906442,8,13,1924516105,1925016105,5553112.099788,6298490.534825077,analytic_sparse_k3,3,0.010927379195594847
cleanStatic,calibration,77,76.9906442,8,13,1924516105,1925016105,5553112.099788,6298490.534825077,uniform_k3,3,0.09521270346884347
cleanStatic,calibration,77,76.9906442,8,13,1924516105,1925016105,5553112.099788,6298490.534825077,shuffled_k3,3,0.017766129109473602
cleanStatic,calibration,77,76.9906442,8,13,1924516105,1925016105,5553112.099788,6298490.534825077,analytic_sparse_k5,5,0.18621677518697885
cleanStatic,calibration,77,76.9906442,8,13,1924516105,1925016105,5553112.099788,6298490.534825077,uniform_k5,5,0.0898168875562633
cleanStatic,calibration,77,76.9906442,8,13,1924516105,1925016105,5553112.099788,6298490.534825077,shuffled_k5,5,0.08154445011908547
cleanStatic,calibration,77,76.9906442,8,13,1924516105,1925016105,5553112.099788,6298490.534825077,analytic_sparse_k9,9,0.05608267110387602
cleanStatic,calibration,77,76.9906442,8,13,1924516105,1925016105,5553112.099788,6298490.534825077,uniform_k9,9,0.021190403754476585
cleanStatic,calibration,77,76.9906442,8,13,1924516105,1925016105,5553112.099788,6298490.534825077,shuffled_k9,9,0.280777736103061
cleanStatic,calibration,77,76.9906442,8,13,1924516105,1925016105,5553112.099788,6298490.534825077,ai_sparse_k3,3,0.17870296704727337
cleanStatic,calibration,77,76.9906442,8,13,1924516105,1925016105,5553112.099788,6298490.534825077,pg_scc_k3,3,0.43881463345992927
cleanStatic,calibration,77,76.9906442,8,13,1924516105,1925016105,5553112.099788,6298490.534825077,ai_sparse_k5,5,0.2546523437017694
cleanStatic,calibration,77,76.9906442,8,13,1924516105,1925016105,5553112.099788,6298490.534825077,pg_scc_k5,5,0.19630860728163838
cleanStatic,calibration,77,76.9906442,8,13,1924516105,1925016105,5553112.099788,6298490.534825077,ai_sparse_k9,9,0.3444851224349877
cleanStatic,calibration,77,76.9906442,8,13,1924516105,1925016105,5553112.099788,6298490.534825077,pg_scc_k9,9,0.18323468511976404
cleanStatic,calibration,77,76.9906442,8,13,1924516105,1925016105,5553112.099788,6298490.534825077,epl3,3,0.47835598851625943
cleanStatic,calibration,77,76.9906442,8,13,1924516105,1925016105,5553112.099788,6298490.534825077,fixed9,9,0.3729462128889262
cleanStatic,calibration,77,76.9906442,8,13,1924516105,1925016105,5553112.099788,6298490.534825077,random1_k3,3,0.08976397828999781
cleanStatic,calibration,77,76.9906442,8,13,1924516105,1925016105,5553112.099788,6298490.534825077,random2_k3,3,0.037497210788215836
cleanStatic,calibration,77,76.9906442,8,13,1924516105,1925016105,5553112.099788,6298490.534825077,random3_k3,3,0.4172799022421516
cleanStatic,calibration,77,76.9906442,8,13,1924516105,1925016105,5553112.099788,6298490.534825077,random4_k3,3,0.07313033143663912
cleanStatic,calibration,77,76.9906442,8,13,1924516105,1925016105,5553112.099788,6298490.534825077,random5_k3,3,0.11362927572904702
cleanStatic,calibration,77,76.9906442,8,13,1924516105,1925016105,5553112.099788,6298490.534825077,random1_k5,5,0.11454926164761718
cleanStatic,calibration,77,76.9906442,8,13,1924516105,1925016105,5553112.099788,6298490.534825077,random2_k5,5,0.05772130276276114
cleanStatic,calibration,77,76.9906442,8,13,1924516105,1925016105,5553112.099788,6298490.534825077,random3_k5,5,0.09835510447020823
cleanStatic,calibration,77,76.9906442,8,13,1924516105,1925016105,5553112.099788,6298490.534825077,random4_k5,5,0.22723298670737613
cleanStatic,calibration,77,76.9906442,8,13,1924516105,1925016105,5553112.099788,6298490.534825077,random5_k5,5,0.25451405762938817
cleanStatic,calibration,77,76.9906442,8,13,1924516105,1925016105,5553112.099788,6298490.534825077,random1_k9,9,0.09587723957037664
cleanStatic,calibration,77,76.9906442,8,13,1924516105,1925016105,5553112.099788,6298490.534825077,random2_k9,9,0.10797054396106828
cleanStatic,calibration,77,76.9906442,8,13,1924516105,1925016105,5553112.099788,6298490.534825077,random3_k9,9,0.159643562944529
cleanStatic,calibration,77,76.9906442,8,13,1924516105,1925016105,5553112.099788,6298490.534825077,random4_k9,9,0.1136345101637197
cleanStatic,calibration,77,76.9906442,8,13,1924516105,1925016105,5553112.099788,6298490.534825077,random5_k9,9,0.04265079101391548
cleanStatic,calibration,77,76.9904676,9,19,1924511690,1925011690,5554284.87995,4548243.479386738,dense_two_source_glrt,187,0.03259663727022057
cleanStatic,calibration,77,76.9904676,9,19,1924511690,1925011690,5554284.87995,4548243.479386738,dense_one_source_residual,187,0.3737309476085885
cleanStatic,calibration,77,76.9904676,9,19,1924511690,1925011690,5554284.87995,4548243.479386738,raw_power_only,0,5554284.87995
cleanStatic,calibration,77,76.9904676,9,19,1924511690,1925011690,5554284.87995,4548243.479386738,analytic_sparse_k3,3,0.041130396904124754
cleanStatic,calibration,77,76.9904676,9,19,1924511690,1925011690,5554284.87995,4548243.479386738,uniform_k3,3,0.20588240361202126
cleanStatic,calibration,77,76.9904676,9,19,1924511690,1925011690,5554284.87995,4548243.479386738,shuffled_k3,3,0.14363303009230294
cleanStatic,calibration,77,76.9904676,9,19,1924511690,1925011690,5554284.87995,4548243.479386738,analytic_sparse_k5,5,0.18038083138111605
cleanStatic,calibration,77,76.9904676,9,19,1924511690,1925011690,5554284.87995,4548243.479386738,uniform_k5,5,0.07698886150955257
cleanStatic,calibration,77,76.9904676,9,19,1924511690,1925011690,5554284.87995,4548243.479386738,shuffled_k5,5,0.18777890302612893
cleanStatic,calibration,77,76.9904676,9,19,1924511690,1925011690,5554284.87995,4548243.479386738,analytic_sparse_k9,9,0.24506905566298812
cleanStatic,calibration,77,76.9904676,9,19,1924511690,1925011690,5554284.87995,4548243.479386738,uniform_k9,9,0.058496934321477595
cleanStatic,calibration,77,76.9904676,9,19,1924511690,1925011690,5554284.87995,4548243.479386738,shuffled_k9,9,0.22304721202440264
cleanStatic,calibration,77,76.9904676,9,19,1924511690,1925011690,5554284.87995,4548243.479386738,ai_sparse_k3,3,0.6228929068712267
cleanStatic,calibration,77,76.9904676,9,19,1924511690,1925011690,5554284.87995,4548243.479386738,pg_scc_k3,3,0.3621115255552411
cleanStatic,calibration,77,76.9904676,9,19,1924511690,1925011690,5554284.87995,4548243.479386738,ai_sparse_k5,5,0.5877271112014077
cleanStatic,calibration,77,76.9904676,9,19,1924511690,1925011690,5554284.87995,4548243.479386738,pg_scc_k5,5,0.19748462248863455
cleanStatic,calibration,77,76.9904676,9,19,1924511690,1925011690,5554284.87995,4548243.479386738,ai_sparse_k9,9,0.08812165715574061
cleanStatic,calibration,77,76.9904676,9,19,1924511690,1925011690,5554284.87995,4548243.479386738,pg_scc_k9,9,0.2720761377134082
cleanStatic,calibration,77,76.9904676,9,19,1924511690,1925011690,5554284.87995,4548243.479386738,epl3,3,0.2592801654246361
cleanStatic,calibration,77,76.9904676,9,19,1924511690,1925011690,5554284.87995,4548243.479386738,fixed9,9,0.074421360697778
cleanStatic,calibration,77,76.9904676,9,19,1924511690,1925011690,5554284.87995,4548243.479386738,random1_k3,3,0.19122228077794223
cleanStatic,calibration,77,76.9904676,9,19,1924511690,1925011690,5554284.87995,4548243.479386738,random2_k3,3,0.17137432735108737
cleanStatic,calibration,77,76.9904676,9,19,1924511690,1925011690,5554284.87995,4548243.479386738,random3_k3,3,0.17135704802765553
cleanStatic,calibration,77,76.9904676,9,19,1924511690,1925011690,5554284.87995,4548243.479386738,random4_k3,3,0.06960101633996583
cleanStatic,calibration,77,76.9904676,9,19,1924511690,1925011690,5554284.87995,4548243.479386738,random5_k3,3,0.039912775935991386
cleanStatic,calibration,77,76.9904676,9,19,1924511690,1925011690,5554284.87995,4548243.479386738,random1_k5,5,0.10470385719956458
cleanStatic,calibration,77,76.9904676,9,19,1924511690,1925011690,5554284.87995,4548243.479386738,random2_k5,5,0.3070900066956178
cleanStatic,calibration,77,76.9904676,9,19,1924511690,1925011690,5554284.87995,4548243.479386738,random3_k5,5,0.09246934707590984
cleanStatic,calibration,77,76.9904676,9,19,1924511690,1925011690,5554284.87995,4548243.479386738,random4_k5,5,0.17727730547893406
cleanStatic,calibration,77,76.9904676,9,19,1924511690,1925011690,5554284.87995,4548243.479386738,random5_k5,5,0.2465483480788838
cleanStatic,calibration,77,76.9904676,9,19,1924511690,1925011690,5554284.87995,4548243.479386738,random1_k9,9,0.2899407042021769
cleanStatic,calibration,77,76.9904676,9,19,1924511690,1925011690,5554284.87995,4548243.479386738,random2_k9,9,0.031057889890736226
cleanStatic,calibration,77,76.9904676,9,19,1924511690,1925011690,5554284.87995,4548243.479386738,random3_k9,9,0.06543087494256566
cleanStatic,calibration,77,76.9904676,9,19,1924511690,1925011690,5554284.87995,4548243.479386738,random4_k9,9,0.06281485052788478
cleanStatic,calibration,77,76.9904676,9,19,1924511690,1925011690,5554284.87995,4548243.479386738,random5_k9,9,0.21968776773807505
cleanStatic,calibration,77,76.990623,10,23,1924515575,1925015575,5553057.539926,6666509.33479215,dense_two_source_glrt,187,0.04189327264527224
cleanStatic,calibration,77,76.990623,10,23,1924515575,1925015575,5553057.539926,6666509.33479215,dense_one_source_residual,187,0.27820092688474096
cleanStatic,calibration,77,76.990623,10,23,1924515575,1925015575,5553057.539926,6666509.33479215,raw_power_only,0,5553057.539926
cleanStatic,calibration,77,76.990623,10,23,1924515575,1925015575,5553057.539926,6666509.33479215,analytic_sparse_k3,3,0.050700353810554245
cleanStatic,calibration,77,76.990623,10,23,1924515575,1925015575,5553057.539926,6666509.33479215,uniform_k3,3,0.10379527516955096
cleanStatic,calibration,77,76.990623,10,23,1924515575,1925015575,5553057.539926,6666509.33479215,shuffled_k3,3,0.18926810083328394
cleanStatic,calibration,77,76.990623,10,23,1924515575,1925015575,5553057.539926,6666509.33479215,analytic_sparse_k5,5,0.12372635088575239
cleanStatic,calibration,77,76.990623,10,23,1924515575,1925015575,5553057.539926,6666509.33479215,uniform_k5,5,0.02870235828462462
cleanStatic,calibration,77,76.990623,10,23,1924515575,1925015575,5553057.539926,6666509.33479215,shuffled_k5,5,0.21362224115074868
cleanStatic,calibration,77,76.990623,10,23,1924515575,1925015575,5553057.539926,6666509.33479215,analytic_sparse_k9,9,0.07616709869208904
cleanStatic,calibration,77,76.990623,10,23,1924515575,1925015575,5553057.539926,6666509.33479215,uniform_k9,9,0.029114393848580205
cleanStatic,calibration,77,76.990623,10,23,1924515575,1925015575,5553057.539926,6666509.33479215,shuffled_k9,9,0.1946599026475213
cleanStatic,calibration,77,76.990623,10,23,1924515575,1925015575,5553057.539926,6666509.33479215,ai_sparse_k3,3,0.0758944792227449
cleanStatic,calibration,77,76.990623,10,23,1924515575,1925015575,5553057.539926,6666509.33479215,pg_scc_k3,3,0.12725382049336362
cleanStatic,calibration,77,76.990623,10,23,1924515575,1925015575,5553057.539926,6666509.33479215,ai_sparse_k5,5,0.1350198210460331
cleanStatic,calibration,77,76.990623,10,23,1924515575,1925015575,5553057.539926,6666509.33479215,pg_scc_k5,5,0.194613622078902
cleanStatic,calibration,77,76.990623,10,23,1924515575,1925015575,5553057.539926,6666509.33479215,ai_sparse_k9,9,0.1898158545688637
cleanStatic,calibration,77,76.990623,10,23,1924515575,1925015575,5553057.539926,6666509.33479215,pg_scc_k9,9,0.19549169940912417
cleanStatic,calibration,77,76.990623,10,23,1924515575,1925015575,5553057.539926,6666509.33479215,epl3,3,0.1907713923022812
cleanStatic,calibration,77,76.990623,10,23,1924515575,1925015575,5553057.539926,6666509.33479215,fixed9,9,0.11793451506527271
cleanStatic,calibration,77,76.990623,10,23,1924515575,1925015575,5553057.539926,6666509.33479215,random1_k3,3,0.10025211510190318
cleanStatic,calibration,77,76.990623,10,23,1924515575,1925015575,5553057.539926,6666509.33479215,random2_k3,3,0.21860850601676032
cleanStatic,calibration,77,76.990623,10,23,1924515575,1925015575,5553057.539926,6666509.33479215,random3_k3,3,0.04888653397876699
cleanStatic,calibration,77,76.990623,10,23,1924515575,1925015575,5553057.539926,6666509.33479215,random4_k3,3,0.1798570063352236
cleanStatic,calibration,77,76.990623,10,23,1924515575,1925015575,5553057.539926,6666509.33479215,random5_k3,3,0.021217155166010516
cleanStatic,calibration,77,76.990623,10,23,1924515575,1925015575,5553057.539926,6666509.33479215,random1_k5,5,0.06702772944148347
cleanStatic,calibration,77,76.990623,10,23,1924515575,1925015575,5553057.539926,6666509.33479215,random2_k5,5,0.06339093037062242
cleanStatic,calibration,77,76.990623,10,23,1924515575,1925015575,5553057.539926,6666509.33479215,random3_k5,5,0.1703537800033447
cleanStatic,calibration,77,76.990623,10,23,1924515575,1925015575,5553057.539926,6666509.33479215,random4_k5,5,0.040421427365117654
cleanStatic,calibration,77,76.990623,10,23,1924515575,1925015575,5553057.539926,6666509.33479215,random5_k5,5,0.13419092429251273
cleanStatic,calibration,77,76.990623,10,23,1924515575,1925015575,5553057.539926,6666509.33479215,random1_k9,9,0.1236300839212798
cleanStatic,calibration,77,76.990623,10,23,1924515575,1925015575,5553057.539926,6666509.33479215,random2_k9,9,0.03177902805858728
cleanStatic,calibration,77,76.990623,10,23,1924515575,1925015575,5553057.539926,6666509.33479215,random3_k9,9,0.1863713499573131
cleanStatic,calibration,77,76.990623,10,23,1924515575,1925015575,5553057.539926,6666509.33479215,random4_k9,9,0.08423739863537429
cleanStatic,calibration,77,76.990623,10,23,1924515575,1925015575,5553057.539926,6666509.33479215,random5_k9,9,0.05686463060781345
cleanStatic,calibration,78,77.99934208,0,16,1949733552,1950233552,5467206.514758,4983303.482248172,dense_two_source_glrt,187,0.05797497516827482
cleanStatic,calibration,78,77.99934208,0,16,1949733552,1950233552,5467206.514758,4983303.482248172,dense_one_source_residual,187,0.26373228778337504
cleanStatic,calibration,78,77.99934208,0,16,1949733552,1950233552,5467206.514758,4983303.482248172,raw_power_only,0,5467206.514758
cleanStatic,calibration,78,77.99934208,0,16,1949733552,1950233552,5467206.514758,4983303.482248172,analytic_sparse_k3,3,0.044727097450303094
cleanStatic,calibration,78,77.99934208,0,16,1949733552,1950233552,5467206.514758,4983303.482248172,uniform_k3,3,0.17454183977297735
cleanStatic,calibration,78,77.99934208,0,16,1949733552,1950233552,5467206.514758,4983303.482248172,shuffled_k3,3,0.09430703756231947
cleanStatic,calibration,78,77.99934208,0,16,1949733552,1950233552,5467206.514758,4983303.482248172,analytic_sparse_k5,5,0.04669613419673578
cleanStatic,calibration,78,77.99934208,0,16,1949733552,1950233552,5467206.514758,4983303.482248172,uniform_k5,5,0.0827206275230619
cleanStatic,calibration,78,77.99934208,0,16,1949733552,1950233552,5467206.514758,4983303.482248172,shuffled_k5,5,0.05012244850468976
cleanStatic,calibration,78,77.99934208,0,16,1949733552,1950233552,5467206.514758,4983303.482248172,analytic_sparse_k9,9,0.1114617707208348
cleanStatic,calibration,78,77.99934208,0,16,1949733552,1950233552,5467206.514758,4983303.482248172,uniform_k9,9,0.04183082333832222
cleanStatic,calibration,78,77.99934208,0,16,1949733552,1950233552,5467206.514758,4983303.482248172,shuffled_k9,9,0.09588456951366052
cleanStatic,calibration,78,77.99934208,0,16,1949733552,1950233552,5467206.514758,4983303.482248172,ai_sparse_k3,3,0.15103241840595114
cleanStatic,calibration,78,77.99934208,0,16,1949733552,1950233552,5467206.514758,4983303.482248172,pg_scc_k3,3,0.1710527141115887
cleanStatic,calibration,78,77.99934208,0,16,1949733552,1950233552,5467206.514758,4983303.482248172,ai_sparse_k5,5,0.08126159591130308
cleanStatic,calibration,78,77.99934208,0,16,1949733552,1950233552,5467206.514758,4983303.482248172,pg_scc_k5,5,0.11065917559064138
cleanStatic,calibration,78,77.99934208,0,16,1949733552,1950233552,5467206.514758,4983303.482248172,ai_sparse_k9,9,0.08561865080659557
cleanStatic,calibration,78,77.99934208,0,16,1949733552,1950233552,5467206.514758,4983303.482248172,pg_scc_k9,9,0.16652538824581617
cleanStatic,calibration,78,77.99934208,0,16,1949733552,1950233552,5467206.514758,4983303.482248172,epl3,3,0.019962901849490088
cleanStatic,calibration,78,77.99934208,0,16,1949733552,1950233552,5467206.514758,4983303.482248172,fixed9,9,0.025586310460150904
cleanStatic,calibration,78,77.99934208,0,16,1949733552,1950233552,5467206.514758,4983303.482248172,random1_k3,3,0.0939839262326449
cleanStatic,calibration,78,77.99934208,0,16,1949733552,1950233552,5467206.514758,4983303.482248172,random2_k3,3,0.0844095214133664
cleanStatic,calibration,78,77.99934208,0,16,1949733552,1950233552,5467206.514758,4983303.482248172,random3_k3,3,0.21741072799884953
cleanStatic,calibration,78,77.99934208,0,16,1949733552,1950233552,5467206.514758,4983303.482248172,random4_k3,3,0.028717775087831576
cleanStatic,calibration,78,77.99934208,0,16,1949733552,1950233552,5467206.514758,4983303.482248172,random5_k3,3,0.10615804797489187
cleanStatic,calibration,78,77.99934208,0,16,1949733552,1950233552,5467206.514758,4983303.482248172,random1_k5,5,0.09805698251400888
cleanStatic,calibration,78,77.99934208,0,16,1949733552,1950233552,5467206.514758,4983303.482248172,random2_k5,5,0.17801476103953898
cleanStatic,calibration,78,77.99934208,0,16,1949733552,1950233552,5467206.514758,4983303.482248172,random3_k5,5,0.102589476489143
cleanStatic,calibration,78,77.99934208,0,16,1949733552,1950233552,5467206.514758,4983303.482248172,random4_k5,5,0.23859001256155882
cleanStatic,calibration,78,77.99934208,0,16,1949733552,1950233552,5467206.514758,4983303.482248172,random5_k5,5,0.07839171659836222
cleanStatic,calibration,78,77.99934208,0,16,1949733552,1950233552,5467206.514758,4983303.482248172,random1_k9,9,0.1319953619058755
cleanStatic,calibration,78,77.99934208,0,16,1949733552,1950233552,5467206.514758,4983303.482248172,random2_k9,9,0.11104285538785957
cleanStatic,calibration,78,77.99934208,0,16,1949733552,1950233552,5467206.514758,4983303.482248172,random3_k9,9,0.02407225991046554
cleanStatic,calibration,78,77.99934208,0,16,1949733552,1950233552,5467206.514758,4983303.482248172,random4_k9,9,0.11360430306814834
cleanStatic,calibration,78,77.99934208,0,16,1949733552,1950233552,5467206.514758,4983303.482248172,random5_k9,9,0.16489388836885288
cleanStatic,calibration,78,77.99053176,2,3,1949513294,1950013294,5482292.6144240005,5919504.813510107,dense_two_source_glrt,187,0.07385694114055508
cleanStatic,calibration,78,77.99053176,2,3,1949513294,1950013294,5482292.6144240005,5919504.813510107,dense_one_source_residual,187,0.37480882453902514
cleanStatic,calibration,78,77.99053176,2,3,1949513294,1950013294,5482292.6144240005,5919504.813510107,raw_power_only,0,5482292.6144240005
cleanStatic,calibration,78,77.99053176,2,3,1949513294,1950013294,5482292.6144240005,5919504.813510107,analytic_sparse_k3,3,0.08528585699524999
cleanStatic,calibration,78,77.99053176,2,3,1949513294,1950013294,5482292.6144240005,5919504.813510107,uniform_k3,3,0.03670080828996173
cleanStatic,calibration,78,77.99053176,2,3,1949513294,1950013294,5482292.6144240005,5919504.813510107,shuffled_k3,3,0.20237128941726415
cleanStatic,calibration,78,77.99053176,2,3,1949513294,1950013294,5482292.6144240005,5919504.813510107,analytic_sparse_k5,5,0.08734144003448674
cleanStatic,calibration,78,77.99053176,2,3,1949513294,1950013294,5482292.6144240005,5919504.813510107,uniform_k5,5,0.15226139682058432
cleanStatic,calibration,78,77.99053176,2,3,1949513294,1950013294,5482292.6144240005,5919504.813510107,shuffled_k5,5,0.08719192407221109
cleanStatic,calibration,78,77.99053176,2,3,1949513294,1950013294,5482292.6144240005,5919504.813510107,analytic_sparse_k9,9,0.04660209196466883
cleanStatic,calibration,78,77.99053176,2,3,1949513294,1950013294,5482292.6144240005,5919504.813510107,uniform_k9,9,0.09719662892088349
cleanStatic,calibration,78,77.99053176,2,3,1949513294,1950013294,5482292.6144240005,5919504.813510107,shuffled_k9,9,0.1985950154510768
cleanStatic,calibration,78,77.99053176,2,3,1949513294,1950013294,5482292.6144240005,5919504.813510107,ai_sparse_k3,3,0.11503535127515292
cleanStatic,calibration,78,77.99053176,2,3,1949513294,1950013294,5482292.6144240005,5919504.813510107,pg_scc_k3,3,0.06300164178313807
cleanStatic,calibration,78,77.99053176,2,3,1949513294,1950013294,5482292.6144240005,5919504.813510107,ai_sparse_k5,5,0.17571999797011312
cleanStatic,calibration,78,77.99053176,2,3,1949513294,1950013294,5482292.6144240005,5919504.813510107,pg_scc_k5,5,0.06832290582747094
cleanStatic,calibration,78,77.99053176,2,3,1949513294,1950013294,5482292.6144240005,5919504.813510107,ai_sparse_k9,9,0.2681050838212994
cleanStatic,calibration,78,77.99053176,2,3,1949513294,1950013294,5482292.6144240005,5919504.813510107,pg_scc_k9,9,0.04049729637529055
cleanStatic,calibration,78,77.99053176,2,3,1949513294,1950013294,5482292.6144240005,5919504.813510107,epl3,3,0.3838595356470394
cleanStatic,calibration,78,77.99053176,2,3,1949513294,1950013294,5482292.6144240005,5919504.813510107,fixed9,9,0.2686132522643106
cleanStatic,calibration,78,77.99053176,2,3,1949513294,1950013294,5482292.6144240005,5919504.813510107,random1_k3,3,0.4134534598218829
cleanStatic,calibration,78,77.99053176,2,3,1949513294,1950013294,5482292.6144240005,5919504.813510107,random2_k3,3,0.3005086862121193
cleanStatic,calibration,78,77.99053176,2,3,1949513294,1950013294,5482292.6144240005,5919504.813510107,random3_k3,3,0.6990782381154838
cleanStatic,calibration,78,77.99053176,2,3,1949513294,1950013294,5482292.6144240005,5919504.813510107,random4_k3,3,0.1302361066810857
cleanStatic,calibration,78,77.99053176,2,3,1949513294,1950013294,5482292.6144240005,5919504.813510107,random5_k3,3,0.7387342540784222
cleanStatic,calibration,78,77.99053176,2,3,1949513294,1950013294,5482292.6144240005,5919504.813510107,random1_k5,5,0.08468445548099468
cleanStatic,calibration,78,77.99053176,2,3,1949513294,1950013294,5482292.6144240005,5919504.813510107,random2_k5,5,0.11006085020784875
cleanStatic,calibration,78,77.99053176,2,3,1949513294,1950013294,5482292.6144240005,5919504.813510107,random3_k5,5,0.2199010395906706
cleanStatic,calibration,78,77.99053176,2,3,1949513294,1950013294,5482292.6144240005,5919504.813510107,random4_k5,5,0.12686588167243157
cleanStatic,calibration,78,77.99053176,2,3,1949513294,1950013294,5482292.6144240005,5919504.813510107,random5_k5,5,0.19838327712445186
cleanStatic,calibration,78,77.99053176,2,3,1949513294,1950013294,5482292.6144240005,5919504.813510107,random1_k9,9,0.15514758335441528
cleanStatic,calibration,78,77.99053176,2,3,1949513294,1950013294,5482292.6144240005,5919504.813510107,random2_k9,9,0.17521371230913296
cleanStatic,calibration,78,77.99053176,2,3,1949513294,1950013294,5482292.6144240005,5919504.813510107,random3_k9,9,0.15197253741553227
cleanStatic,calibration,78,77.99053176,2,3,1949513294,1950013294,5482292.6144240005,5919504.813510107,random4_k9,9,0.23434543722055126
cleanStatic,calibration,78,77.99053176,2,3,1949513294,1950013294,5482292.6144240005,5919504.813510107,random5_k9,9,0.2266146496223897
cleanStatic,calibration,78,77.9903926,3,20,1949509815,1950009815,5482913.454438,2644401.9943206767,dense_two_source_glrt,187,0.29942318535222723
cleanStatic,calibration,78,77.9903926,3,20,1949509815,1950009815,5482913.454438,2644401.9943206767,dense_one_source_residual,187,1.151601219001927
cleanStatic,calibration,78,77.9903926,3,20,1949509815,1950009815,5482913.454438,2644401.9943206767,raw_power_only,0,5482913.454438
cleanStatic,calibration,78,77.9903926,3,20,1949509815,1950009815,5482913.454438,2644401.9943206767,analytic_sparse_k3,3,0.8248255225732262
cleanStatic,calibration,78,77.9903926,3,20,1949509815,1950009815,5482913.454438,2644401.9943206767,uniform_k3,3,0.9957584965907369
cleanStatic,calibration,78,77.9903926,3,20,1949509815,1950009815,5482913.454438,2644401.9943206767,shuffled_k3,3,0.874940130324909
cleanStatic,calibration,78,77.9903926,3,20,1949509815,1950009815,5482913.454438,2644401.9943206767,analytic_sparse_k5,5,0.6226213077157643
cleanStatic,calibration,78,77.9903926,3,20,1949509815,1950009815,5482913.454438,2644401.9943206767,uniform_k5,5,0.4804627167097276
cleanStatic,calibration,78,77.9903926,3,20,1949509815,1950009815,5482913.454438,2644401.9943206767,shuffled_k5,5,0.2393957909163853
cleanStatic,calibration,78,77.9903926,3,20,1949509815,1950009815,5482913.454438,2644401.9943206767,analytic_sparse_k9,9,0.2798590007309955
cleanStatic,calibration,78,77.9903926,3,20,1949509815,1950009815,5482913.454438,2644401.9943206767,uniform_k9,9,0.344813581664512
cleanStatic,calibration,78,77.9903926,3,20,1949509815,1950009815,5482913.454438,2644401.9943206767,shuffled_k9,9,0.37974942805349027
cleanStatic,calibration,78,77.9903926,3,20,1949509815,1950009815,5482913.454438,2644401.9943206767,ai_sparse_k3,3,0.2698588764489843
cleanStatic,calibration,78,77.9903926,3,20,1949509815,1950009815,5482913.454438,2644401.9943206767,pg_scc_k3,3,0.12838547522859312
cleanStatic,calibration,78,77.9903926,3,20,1949509815,1950009815,5482913.454438,2644401.9943206767,ai_sparse_k5,5,0.1917641220770117
cleanStatic,calibration,78,77.9903926,3,20,1949509815,1950009815,5482913.454438,2644401.9943206767,pg_scc_k5,5,0.12367556211066151
cleanStatic,calibration,78,77.9903926,3,20,1949509815,1950009815,5482913.454438,2644401.9943206767,ai_sparse_k9,9,0.13530400735693637
cleanStatic,calibration,78,77.9903926,3,20,1949509815,1950009815,5482913.454438,2644401.9943206767,pg_scc_k9,9,0.15722263407596662
cleanStatic,calibration,78,77.9903926,3,20,1949509815,1950009815,5482913.454438,2644401.9943206767,epl3,3,1.2674778694051647
cleanStatic,calibration,78,77.9903926,3,20,1949509815,1950009815,5482913.454438,2644401.9943206767,fixed9,9,0.37773474990024836
cleanStatic,calibration,78,77.9903926,3,20,1949509815,1950009815,5482913.454438,2644401.9943206767,random1_k3,3,0.40862141319827566
cleanStatic,calibration,78,77.9903926,3,20,1949509815,1950009815,5482913.454438,2644401.9943206767,random2_k3,3,0.6236147971804212
cleanStatic,calibration,78,77.9903926,3,20,1949509815,1950009815,5482913.454438,2644401.9943206767,random3_k3,3,0.6307111240683546
cleanStatic,calibration,78,77.9903926,3,20,1949509815,1950009815,5482913.454438,2644401.9943206767,random4_k3,3,0.38091781247672607
cleanStatic,calibration,78,77.9903926,3,20,1949509815,1950009815,5482913.454438,2644401.9943206767,random5_k3,3,0.32353757706185277
cleanStatic,calibration,78,77.9903926,3,20,1949509815,1950009815,5482913.454438,2644401.9943206767,random1_k5,5,1.1799760565337085
cleanStatic,calibration,78,77.9903926,3,20,1949509815,1950009815,5482913.454438,2644401.9943206767,random2_k5,5,0.5148811397677159
cleanStatic,calibration,78,77.9903926,3,20,1949509815,1950009815,5482913.454438,2644401.9943206767,random3_k5,5,0.223179736352978
cleanStatic,calibration,78,77.9903926,3,20,1949509815,1950009815,5482913.454438,2644401.9943206767,random4_k5,5,0.40506802338082987
cleanStatic,calibration,78,77.9903926,3,20,1949509815,1950009815,5482913.454438,2644401.9943206767,random5_k5,5,0.38088089296749306
cleanStatic,calibration,78,77.9903926,3,20,1949509815,1950009815,5482913.454438,2644401.9943206767,random1_k9,9,0.4593197248594351
cleanStatic,calibration,78,77.9903926,3,20,1949509815,1950009815,5482913.454438,2644401.9943206767,random2_k9,9,0.2628737870987466
cleanStatic,calibration,78,77.9903926,3,20,1949509815,1950009815,5482913.454438,2644401.9943206767,random3_k9,9,0.4021941841115945
cleanStatic,calibration,78,77.9903926,3,20,1949509815,1950009815,5482913.454438,2644401.9943206767,random4_k9,9,0.2879632895386425
cleanStatic,calibration,78,77.9903926,3,20,1949509815,1950009815,5482913.454438,2644401.9943206767,random5_k9,9,0.3212788286881836
cleanStatic,calibration,78,78.08270784,4,30,1951817696,1952317696,5495139.318696,2233606.6434346065,dense_two_source_glrt,187,0.07259199323585748
cleanStatic,calibration,78,78.08270784,4,30,1951817696,1952317696,5495139.318696,2233606.6434346065,dense_one_source_residual,187,1.2745542934133942
cleanStatic,calibration,78,78.08270784,4,30,1951817696,1952317696,5495139.318696,2233606.6434346065,raw_power_only,0,5495139.318696
cleanStatic,calibration,78,78.08270784,4,30,1951817696,1952317696,5495139.318696,2233606.6434346065,analytic_sparse_k3,3,0.13476897419283365
cleanStatic,calibration,78,78.08270784,4,30,1951817696,1952317696,5495139.318696,2233606.6434346065,uniform_k3,3,0.16585816961137015
cleanStatic,calibration,78,78.08270784,4,30,1951817696,1952317696,5495139.318696,2233606.6434346065,shuffled_k3,3,0.4678250948574622
cleanStatic,calibration,78,78.08270784,4,30,1951817696,1952317696,5495139.318696,2233606.6434346065,analytic_sparse_k5,5,0.07366062558578657
cleanStatic,calibration,78,78.08270784,4,30,1951817696,1952317696,5495139.318696,2233606.6434346065,uniform_k5,5,0.2117029823727165
cleanStatic,calibration,78,78.08270784,4,30,1951817696,1952317696,5495139.318696,2233606.6434346065,shuffled_k5,5,0.7031503341306286
cleanStatic,calibration,78,78.08270784,4,30,1951817696,1952317696,5495139.318696,2233606.6434346065,analytic_sparse_k9,9,0.29561414266917996
cleanStatic,calibration,78,78.08270784,4,30,1951817696,1952317696,5495139.318696,2233606.6434346065,uniform_k9,9,0.06637879843470865
cleanStatic,calibration,78,78.08270784,4,30,1951817696,1952317696,5495139.318696,2233606.6434346065,shuffled_k9,9,0.988512886442508
cleanStatic,calibration,78,78.08270784,4,30,1951817696,1952317696,5495139.318696,2233606.6434346065,ai_sparse_k3,3,0.9781992181943234
cleanStatic,calibration,78,78.08270784,4,30,1951817696,1952317696,5495139.318696,2233606.6434346065,pg_scc_k3,3,0.3392609807732809
cleanStatic,calibration,78,78.08270784,4,30,1951817696,1952317696,5495139.318696,2233606.6434346065,ai_sparse_k5,5,1.4938656693634003
cleanStatic,calibration,78,78.08270784,4,30,1951817696,1952317696,5495139.318696,2233606.6434346065,pg_scc_k5,5,0.19606594382236403
cleanStatic,calibration,78,78.08270784,4,30,1951817696,1952317696,5495139.318696,2233606.6434346065,ai_sparse_k9,9,0.41999076429690496
cleanStatic,calibration,78,78.08270784,4,30,1951817696,1952317696,5495139.318696,2233606.6434346065,pg_scc_k9,9,0.3692222592690925
cleanStatic,calibration,78,78.08270784,4,30,1951817696,1952317696,5495139.318696,2233606.6434346065,epl3,3,1.6321600989962837
cleanStatic,calibration,78,78.08270784,4,30,1951817696,1952317696,5495139.318696,2233606.6434346065,fixed9,9,1.1551005253924984
cleanStatic,calibration,78,78.08270784,4,30,1951817696,1952317696,5495139.318696,2233606.6434346065,random1_k3,3,0.7489955656656972
cleanStatic,calibration,78,78.08270784,4,30,1951817696,1952317696,5495139.318696,2233606.6434346065,random2_k3,3,0.33059513931671874
cleanStatic,calibration,78,78.08270784,4,30,1951817696,1952317696,5495139.318696,2233606.6434346065,random3_k3,3,3.4158988030309185
cleanStatic,calibration,78,78.08270784,4,30,1951817696,1952317696,5495139.318696,2233606.6434346065,random4_k3,3,0.39070645350712535
cleanStatic,calibration,78,78.08270784,4,30,1951817696,1952317696,5495139.318696,2233606.6434346065,random5_k3,3,0.30590618476168946
cleanStatic,calibration,78,78.08270784,4,30,1951817696,1952317696,5495139.318696,2233606.6434346065,random1_k5,5,0.7994902743919029
cleanStatic,calibration,78,78.08270784,4,30,1951817696,1952317696,5495139.318696,2233606.6434346065,random2_k5,5,1.1489245240794177
cleanStatic,calibration,78,78.08270784,4,30,1951817696,1952317696,5495139.318696,2233606.6434346065,random3_k5,5,0.09561810028686438
cleanStatic,calibration,78,78.08270784,4,30,1951817696,1952317696,5495139.318696,2233606.6434346065,random4_k5,5,0.6566016548123713
cleanStatic,calibration,78,78.08270784,4,30,1951817696,1952317696,5495139.318696,2233606.6434346065,random5_k5,5,0.3060690065668606
cleanStatic,calibration,78,78.08270784,4,30,1951817696,1952317696,5495139.318696,2233606.6434346065,random1_k9,9,1.3158061019108878
cleanStatic,calibration,78,78.08270784,4,30,1951817696,1952317696,5495139.318696,2233606.6434346065,random2_k9,9,0.3722904284345303
cleanStatic,calibration,78,78.08270784,4,30,1951817696,1952317696,5495139.318696,2233606.6434346065,random3_k9,9,0.5389338998118807
cleanStatic,calibration,78,78.08270784,4,30,1951817696,1952317696,5495139.318696,2233606.6434346065,random4_k9,9,0.32506556789596786
cleanStatic,calibration,78,78.08270784,4,30,1951817696,1952317696,5495139.318696,2233606.6434346065,random5_k9,9,0.23156743305087543
cleanStatic,calibration,78,77.990668,5,6,1949516700,1950016700,5480582.365863999,4390559.859230975,dense_two_source_glrt,187,0.017310644867125465
cleanStatic,calibration,78,77.990668,5,6,1949516700,1950016700,5480582.365863999,4390559.859230975,dense_one_source_residual,187,0.25889317223967645
cleanStatic,calibration,78,77.990668,5,6,1949516700,1950016700,5480582.365863999,4390559.859230975,raw_power_only,0,5480582.365863999
cleanStatic,calibration,78,77.990668,5,6,1949516700,1950016700,5480582.365863999,4390559.859230975,analytic_sparse_k3,3,0.008154579340857162
cleanStatic,calibration,78,77.990668,5,6,1949516700,1950016700,5480582.365863999,4390559.859230975,uniform_k3,3,0.615290012799859
cleanStatic,calibration,78,77.990668,5,6,1949516700,1950016700,5480582.365863999,4390559.859230975,shuffled_k3,3,0.22640816685480467
cleanStatic,calibration,78,77.990668,5,6,1949516700,1950016700,5480582.365863999,4390559.859230975,analytic_sparse_k5,5,0.04487319752712573
cleanStatic,calibration,78,77.990668,5,6,1949516700,1950016700,5480582.365863999,4390559.859230975,uniform_k5,5,0.3677050795706832
cleanStatic,calibration,78,77.990668,5,6,1949516700,1950016700,5480582.365863999,4390559.859230975,shuffled_k5,5,0.09803429540983341
cleanStatic,calibration,78,77.990668,5,6,1949516700,1950016700,5480582.365863999,4390559.859230975,analytic_sparse_k9,9,0.04629104992471156
cleanStatic,calibration,78,77.990668,5,6,1949516700,1950016700,5480582.365863999,4390559.859230975,uniform_k9,9,0.0308893600676077
cleanStatic,calibration,78,77.990668,5,6,1949516700,1950016700,5480582.365863999,4390559.859230975,shuffled_k9,9,0.06194346900894617
cleanStatic,calibration,78,77.990668,5,6,1949516700,1950016700,5480582.365863999,4390559.859230975,ai_sparse_k3,3,0.17515343429943153
cleanStatic,calibration,78,77.990668,5,6,1949516700,1950016700,5480582.365863999,4390559.859230975,pg_scc_k3,3,0.07755136783914725
cleanStatic,calibration,78,77.990668,5,6,1949516700,1950016700,5480582.365863999,4390559.859230975,ai_sparse_k5,5,0.11292014500569533
cleanStatic,calibration,78,77.990668,5,6,1949516700,1950016700,5480582.365863999,4390559.859230975,pg_scc_k5,5,0.04816657805648914
cleanStatic,calibration,78,77.990668,5,6,1949516700,1950016700,5480582.365863999,4390559.859230975,ai_sparse_k9,9,0.03734874478012958
cleanStatic,calibration,78,77.990668,5,6,1949516700,1950016700,5480582.365863999,4390559.859230975,pg_scc_k9,9,0.023971314582301555
cleanStatic,calibration,78,77.990668,5,6,1949516700,1950016700,5480582.365863999,4390559.859230975,epl3,3,0.07006171876502985
cleanStatic,calibration,78,77.990668,5,6,1949516700,1950016700,5480582.365863999,4390559.859230975,fixed9,9,0.14911085982503738
cleanStatic,calibration,78,77.990668,5,6,1949516700,1950016700,5480582.365863999,4390559.859230975,random1_k3,3,0.219885314070052
cleanStatic,calibration,78,77.990668,5,6,1949516700,1950016700,5480582.365863999,4390559.859230975,random2_k3,3,0.37666103854712213
cleanStatic,calibration,78,77.990668,5,6,1949516700,1950016700,5480582.365863999,4390559.859230975,random3_k3,3,0.24597600402458386
cleanStatic,calibration,78,77.990668,5,6,1949516700,1950016700,5480582.365863999,4390559.859230975,random4_k3,3,0.06861919930594287
cleanStatic,calibration,78,77.990668,5,6,1949516700,1950016700,5480582.365863999,4390559.859230975,random5_k3,3,0.17292839589548234
cleanStatic,calibration,78,77.990668,5,6,1949516700,1950016700,5480582.365863999,4390559.859230975,random1_k5,5,0.11404717185041272
cleanStatic,calibration,78,77.990668,5,6,1949516700,1950016700,5480582.365863999,4390559.859230975,random2_k5,5,0.13520106646459668
cleanStatic,calibration,78,77.990668,5,6,1949516700,1950016700,5480582.365863999,4390559.859230975,random3_k5,5,0.04836948725367955
cleanStatic,calibration,78,77.990668,5,6,1949516700,1950016700,5480582.365863999,4390559.859230975,random4_k5,5,0.062396103368445074
cleanStatic,calibration,78,77.990668,5,6,1949516700,1950016700,5480582.365863999,4390559.859230975,random5_k5,5,0.035471056547405726
cleanStatic,calibration,78,77.990668,5,6,1949516700,1950016700,5480582.365863999,4390559.859230975,random1_k9,9,0.06115053327699633
cleanStatic,calibration,78,77.990668,5,6,1949516700,1950016700,5480582.365863999,4390559.859230975,random2_k9,9,0.06815591750495534
cleanStatic,calibration,78,77.990668,5,6,1949516700,1950016700,5480582.365863999,4390559.859230975,random3_k9,9,0.036494948422606366
cleanStatic,calibration,78,77.990668,5,6,1949516700,1950016700,5480582.365863999,4390559.859230975,random4_k9,9,0.034835182380653765
cleanStatic,calibration,78,77.990668,5,6,1949516700,1950016700,5480582.365863999,4390559.859230975,random5_k9,9,0.04088363485463664
cleanStatic,calibration,78,77.9941658,6,7,1949604145,1950104145,5474446.205011999,4374555.726197729,dense_two_source_glrt,187,0.24257445562332555
cleanStatic,calibration,78,77.9941658,6,7,1949604145,1950104145,5474446.205011999,4374555.726197729,dense_one_source_residual,187,1.208384831508461
cleanStatic,calibration,78,77.9941658,6,7,1949604145,1950104145,5474446.205011999,4374555.726197729,raw_power_only,0,5474446.205011999
cleanStatic,calibration,78,77.9941658,6,7,1949604145,1950104145,5474446.205011999,4374555.726197729,analytic_sparse_k3,3,0.3809947520045136
cleanStatic,calibration,78,77.9941658,6,7,1949604145,1950104145,5474446.205011999,4374555.726197729,uniform_k3,3,2.024094303902955
cleanStatic,calibration,78,77.9941658,6,7,1949604145,1950104145,5474446.205011999,4374555.726197729,shuffled_k3,3,0.08627538020074854
cleanStatic,calibration,78,77.9941658,6,7,1949604145,1950104145,5474446.205011999,4374555.726197729,analytic_sparse_k5,5,0.2508462728128937
cleanStatic,calibration,78,77.9941658,6,7,1949604145,1950104145,5474446.205011999,4374555.726197729,uniform_k5,5,1.4393990602883995
cleanStatic,calibration,78,77.9941658,6,7,1949604145,1950104145,5474446.205011999,4374555.726197729,shuffled_k5,5,0.368780290683397
cleanStatic,calibration,78,77.9941658,6,7,1949604145,1950104145,5474446.205011999,4374555.726197729,analytic_sparse_k9,9,0.39228511374450825
cleanStatic,calibration,78,77.9941658,6,7,1949604145,1950104145,5474446.205011999,4374555.726197729,uniform_k9,9,0.2866175242367479
cleanStatic,calibration,78,77.9941658,6,7,1949604145,1950104145,5474446.205011999,4374555.726197729,shuffled_k9,9,0.24448866682411166
cleanStatic,calibration,78,77.9941658,6,7,1949604145,1950104145,5474446.205011999,4374555.726197729,ai_sparse_k3,3,0.4018227546934403
cleanStatic,calibration,78,77.9941658,6,7,1949604145,1950104145,5474446.205011999,4374555.726197729,pg_scc_k3,3,0.671257820610442
cleanStatic,calibration,78,77.9941658,6,7,1949604145,1950104145,5474446.205011999,4374555.726197729,ai_sparse_k5,5,0.2038067148713484
cleanStatic,calibration,78,77.9941658,6,7,1949604145,1950104145,5474446.205011999,4374555.726197729,pg_scc_k5,5,0.2264932181343266
cleanStatic,calibration,78,77.9941658,6,7,1949604145,1950104145,5474446.205011999,4374555.726197729,ai_sparse_k9,9,0.3241886620493342
cleanStatic,calibration,78,77.9941658,6,7,1949604145,1950104145,5474446.205011999,4374555.726197729,pg_scc_k9,9,0.302549924693637
cleanStatic,calibration,78,77.9941658,6,7,1949604145,1950104145,5474446.205011999,4374555.726197729,epl3,3,0.5095347129975413
cleanStatic,calibration,78,77.9941658,6,7,1949604145,1950104145,5474446.205011999,4374555.726197729,fixed9,9,0.19560205466708055
cleanStatic,calibration,78,77.9941658,6,7,1949604145,1950104145,5474446.205011999,4374555.726197729,random1_k3,3,1.0152928988055443
cleanStatic,calibration,78,77.9941658,6,7,1949604145,1950104145,5474446.205011999,4374555.726197729,random2_k3,3,0.4307816728289305
cleanStatic,calibration,78,77.9941658,6,7,1949604145,1950104145,5474446.205011999,4374555.726197729,random3_k3,3,0.6492562762636315
cleanStatic,calibration,78,77.9941658,6,7,1949604145,1950104145,5474446.205011999,4374555.726197729,random4_k3,3,0.7810733130211641
cleanStatic,calibration,78,77.9941658,6,7,1949604145,1950104145,5474446.205011999,4374555.726197729,random5_k3,3,0.12084085613525299
cleanStatic,calibration,78,77.9941658,6,7,1949604145,1950104145,5474446.205011999,4374555.726197729,random1_k5,5,0.3811010125865484
cleanStatic,calibration,78,77.9941658,6,7,1949604145,1950104145,5474446.205011999,4374555.726197729,random2_k5,5,0.3636248759067994
cleanStatic,calibration,78,77.9941658,6,7,1949604145,1950104145,5474446.205011999,4374555.726197729,random3_k5,5,0.15883027667180621
cleanStatic,calibration,78,77.9941658,6,7,1949604145,1950104145,5474446.205011999,4374555.726197729,random4_k5,5,0.30005668051908574
cleanStatic,calibration,78,77.9941658,6,7,1949604145,1950104145,5474446.205011999,4374555.726197729,random5_k5,5,0.3475730438740582
cleanStatic,calibration,78,77.9941658,6,7,1949604145,1950104145,5474446.205011999,4374555.726197729,random1_k9,9,0.1761714248960074
cleanStatic,calibration,78,77.9941658,6,7,1949604145,1950104145,5474446.205011999,4374555.726197729,random2_k9,9,0.34767797863892763
cleanStatic,calibration,78,77.9941658,6,7,1949604145,1950104145,5474446.205011999,4374555.726197729,random3_k9,9,0.437402265172856
cleanStatic,calibration,78,77.9941658,6,7,1949604145,1950104145,5474446.205011999,4374555.726197729,random4_k9,9,0.7761222497396757
cleanStatic,calibration,78,77.9941658,6,7,1949604145,1950104145,5474446.205011999,4374555.726197729,random5_k9,9,0.7480529136767067
cleanStatic,calibration,78,77.99036472,7,10,1949509118,1950009118,5483058.92659,2377119.7085929336,dense_two_source_glrt,187,0.17762432498095992
cleanStatic,calibration,78,77.99036472,7,10,1949509118,1950009118,5483058.92659,2377119.7085929336,dense_one_source_residual,187,1.2801119168018709
cleanStatic,calibration,78,77.99036472,7,10,1949509118,1950009118,5483058.92659,2377119.7085929336,raw_power_only,0,5483058.92659
cleanStatic,calibration,78,77.99036472,7,10,1949509118,1950009118,5483058.92659,2377119.7085929336,analytic_sparse_k3,3,0.6450176989930316
cleanStatic,calibration,78,77.99036472,7,10,1949509118,1950009118,5483058.92659,2377119.7085929336,uniform_k3,3,0.26070836667938907
cleanStatic,calibration,78,77.99036472,7,10,1949509118,1950009118,5483058.92659,2377119.7085929336,shuffled_k3,3,0.490804983372692
cleanStatic,calibration,78,77.99036472,7,10,1949509118,1950009118,5483058.92659,2377119.7085929336,analytic_sparse_k5,5,0.6398546265083412
cleanStatic,calibration,78,77.99036472,7,10,1949509118,1950009118,5483058.92659,2377119.7085929336,uniform_k5,5,0.08448797592127177
cleanStatic,calibration,78,77.99036472,7,10,1949509118,1950009118,5483058.92659,2377119.7085929336,shuffled_k5,5,0.45147224406623493
cleanStatic,calibration,78,77.99036472,7,10,1949509118,1950009118,5483058.92659,2377119.7085929336,analytic_sparse_k9,9,0.2759714067388122
cleanStatic,calibration,78,77.99036472,7,10,1949509118,1950009118,5483058.92659,2377119.7085929336,uniform_k9,9,0.262171932105654
cleanStatic,calibration,78,77.99036472,7,10,1949509118,1950009118,5483058.92659,2377119.7085929336,shuffled_k9,9,0.3350289973644287
cleanStatic,calibration,78,77.99036472,7,10,1949509118,1950009118,5483058.92659,2377119.7085929336,ai_sparse_k3,3,0.2107292810392106
cleanStatic,calibration,78,77.99036472,7,10,1949509118,1950009118,5483058.92659,2377119.7085929336,pg_scc_k3,3,0.26345301561525436
cleanStatic,calibration,78,77.99036472,7,10,1949509118,1950009118,5483058.92659,2377119.7085929336,ai_sparse_k5,5,0.33860635796392363
cleanStatic,calibration,78,77.99036472,7,10,1949509118,1950009118,5483058.92659,2377119.7085929336,pg_scc_k5,5,0.3986224214890328
cleanStatic,calibration,78,77.99036472,7,10,1949509118,1950009118,5483058.92659,2377119.7085929336,ai_sparse_k9,9,0.15757907781610284
cleanStatic,calibration,78,77.99036472,7,10,1949509118,1950009118,5483058.92659,2377119.7085929336,pg_scc_k9,9,0.3434213288161458
cleanStatic,calibration,78,77.99036472,7,10,1949509118,1950009118,5483058.92659,2377119.7085929336,epl3,3,1.0299097215895434
cleanStatic,calibration,78,77.99036472,7,10,1949509118,1950009118,5483058.92659,2377119.7085929336,fixed9,9,0.5974045922352936
cleanStatic,calibration,78,77.99036472,7,10,1949509118,1950009118,5483058.92659,2377119.7085929336,random1_k3,3,0.8921602944086029
cleanStatic,calibration,78,77.99036472,7,10,1949509118,1950009118,5483058.92659,2377119.7085929336,random2_k3,3,0.11208578727350584
cleanStatic,calibration,78,77.99036472,7,10,1949509118,1950009118,5483058.92659,2377119.7085929336,random3_k3,3,2.0336661212487255
cleanStatic,calibration,78,77.99036472,7,10,1949509118,1950009118,5483058.92659,2377119.7085929336,random4_k3,3,1.7048648092548955
cleanStatic,calibration,78,77.99036472,7,10,1949509118,1950009118,5483058.92659,2377119.7085929336,random5_k3,3,0.5634235366838148
cleanStatic,calibration,78,77.99036472,7,10,1949509118,1950009118,5483058.92659,2377119.7085929336,random1_k5,5,0.44946840412102185
cleanStatic,calibration,78,77.99036472,7,10,1949509118,1950009118,5483058.92659,2377119.7085929336,random2_k5,5,0.303478040552133
cleanStatic,calibration,78,77.99036472,7,10,1949509118,1950009118,5483058.92659,2377119.7085929336,random3_k5,5,0.6632158595996421
cleanStatic,calibration,78,77.99036472,7,10,1949509118,1950009118,5483058.92659,2377119.7085929336,random4_k5,5,0.6646310575792496
cleanStatic,calibration,78,77.99036472,7,10,1949509118,1950009118,5483058.92659,2377119.7085929336,random5_k5,5,0.536791225659932
cleanStatic,calibration,78,77.99036472,7,10,1949509118,1950009118,5483058.92659,2377119.7085929336,random1_k9,9,0.16471430688148972
cleanStatic,calibration,78,77.99036472,7,10,1949509118,1950009118,5483058.92659,2377119.7085929336,random2_k9,9,0.09420277613641787
cleanStatic,calibration,78,77.99036472,7,10,1949509118,1950009118,5483058.92659,2377119.7085929336,random3_k9,9,0.42534678051110464
cleanStatic,calibration,78,77.99036472,7,10,1949509118,1950009118,5483058.92659,2377119.7085929336,random4_k9,9,0.09370897622616144
cleanStatic,calibration,78,77.99036472,7,10,1949509118,1950009118,5483058.92659,2377119.7085929336,random5_k9,9,0.21466145606693537
cleanStatic,calibration,78,77.99364304,8,13,1949591076,1950091076,5475934.404361999,6364644.683293184,dense_two_source_glrt,187,0.018890248927442583
cleanStatic,calibration,78,77.99364304,8,13,1949591076,1950091076,5475934.404361999,6364644.683293184,dense_one_source_residual,187,0.13951210526649196
cleanStatic,calibration,78,77.99364304,8,13,1949591076,1950091076,5475934.404361999,6364644.683293184,raw_power_only,0,5475934.404361999
cleanStatic,calibration,78,77.99364304,8,13,1949591076,1950091076,5475934.404361999,6364644.683293184,analytic_sparse_k3,3,0.04685669667949719
cleanStatic,calibration,78,77.99364304,8,13,1949591076,1950091076,5475934.404361999,6364644.683293184,uniform_k3,3,0.08674516587345686
cleanStatic,calibration,78,77.99364304,8,13,1949591076,1950091076,5475934.404361999,6364644.683293184,shuffled_k3,3,0.013720078804092076
cleanStatic,calibration,78,77.99364304,8,13,1949591076,1950091076,5475934.404361999,6364644.683293184,analytic_sparse_k5,5,0.02527736158760513
cleanStatic,calibration,78,77.99364304,8,13,1949591076,1950091076,5475934.404361999,6364644.683293184,uniform_k5,5,0.04261580588295466
cleanStatic,calibration,78,77.99364304,8,13,1949591076,1950091076,5475934.404361999,6364644.683293184,shuffled_k5,5,0.07405534016088326
cleanStatic,calibration,78,77.99364304,8,13,1949591076,1950091076,5475934.404361999,6364644.683293184,analytic_sparse_k9,9,0.023355366632744165
cleanStatic,calibration,78,77.99364304,8,13,1949591076,1950091076,5475934.404361999,6364644.683293184,uniform_k9,9,0.03737683317274662
cleanStatic,calibration,78,77.99364304,8,13,1949591076,1950091076,5475934.404361999,6364644.683293184,shuffled_k9,9,0.021258545312647457
cleanStatic,calibration,78,77.99364304,8,13,1949591076,1950091076,5475934.404361999,6364644.683293184,ai_sparse_k3,3,0.02948880157871774
cleanStatic,calibration,78,77.99364304,8,13,1949591076,1950091076,5475934.404361999,6364644.683293184,pg_scc_k3,3,0.05676722205248874
cleanStatic,calibration,78,77.99364304,8,13,1949591076,1950091076,5475934.404361999,6364644.683293184,ai_sparse_k5,5,0.03025317350088217
cleanStatic,calibration,78,77.99364304,8,13,1949591076,1950091076,5475934.404361999,6364644.683293184,pg_scc_k5,5,0.015038970318818613
cleanStatic,calibration,78,77.99364304,8,13,1949591076,1950091076,5475934.404361999,6364644.683293184,ai_sparse_k9,9,0.011947014595609047
cleanStatic,calibration,78,77.99364304,8,13,1949591076,1950091076,5475934.404361999,6364644.683293184,pg_scc_k9,9,0.008147888212624984
cleanStatic,calibration,78,77.99364304,8,13,1949591076,1950091076,5475934.404361999,6364644.683293184,epl3,3,0.10211241471027988
cleanStatic,calibration,78,77.99364304,8,13,1949591076,1950091076,5475934.404361999,6364644.683293184,fixed9,9,0.08277097462893729
cleanStatic,calibration,78,77.99364304,8,13,1949591076,1950091076,5475934.404361999,6364644.683293184,random1_k3,3,0.07059661951690037
cleanStatic,calibration,78,77.99364304,8,13,1949591076,1950091076,5475934.404361999,6364644.683293184,random2_k3,3,0.05702178155092493
cleanStatic,calibration,78,77.99364304,8,13,1949591076,1950091076,5475934.404361999,6364644.683293184,random3_k3,3,0.054212494896720975
cleanStatic,calibration,78,77.99364304,8,13,1949591076,1950091076,5475934.404361999,6364644.683293184,random4_k3,3,0.10350770442371428
cleanStatic,calibration,78,77.99364304,8,13,1949591076,1950091076,5475934.404361999,6364644.683293184,random5_k3,3,0.08281897671746828
cleanStatic,calibration,78,77.99364304,8,13,1949591076,1950091076,5475934.404361999,6364644.683293184,random1_k5,5,0.08659062070944808
cleanStatic,calibration,78,77.99364304,8,13,1949591076,1950091076,5475934.404361999,6364644.683293184,random2_k5,5,0.07295343440992533
cleanStatic,calibration,78,77.99364304,8,13,1949591076,1950091076,5475934.404361999,6364644.683293184,random3_k5,5,0.026924150547520988
cleanStatic,calibration,78,77.99364304,8,13,1949591076,1950091076,5475934.404361999,6364644.683293184,random4_k5,5,0.09824814442251202
cleanStatic,calibration,78,77.99364304,8,13,1949591076,1950091076,5475934.404361999,6364644.683293184,random5_k5,5,0.11232251155646042
cleanStatic,calibration,78,77.99364304,8,13,1949591076,1950091076,5475934.404361999,6364644.683293184,random1_k9,9,0.05565833674699713
cleanStatic,calibration,78,77.99364304,8,13,1949591076,1950091076,5475934.404361999,6364644.683293184,random2_k9,9,0.014402067683144571
cleanStatic,calibration,78,77.99364304,8,13,1949591076,1950091076,5475934.404361999,6364644.683293184,random3_k9,9,0.07064082197260793
cleanStatic,calibration,78,77.99364304,8,13,1949591076,1950091076,5475934.404361999,6364644.683293184,random4_k9,9,0.08045517416689736
cleanStatic,calibration,78,77.99364304,8,13,1949591076,1950091076,5475934.404361999,6364644.683293184,random5_k9,9,0.026464363766734927
cleanStatic,calibration,78,77.99046596,9,19,1949511649,1950011649,5483177.351374,4467194.766844693,dense_two_source_glrt,187,0.10574771177653461
cleanStatic,calibration,78,77.99046596,9,19,1949511649,1950011649,5483177.351374,4467194.766844693,dense_one_source_residual,187,0.6354550391474607
cleanStatic,calibration,78,77.99046596,9,19,1949511649,1950011649,5483177.351374,4467194.766844693,raw_power_only,0,5483177.351374
cleanStatic,calibration,78,77.99046596,9,19,1949511649,1950011649,5483177.351374,4467194.766844693,analytic_sparse_k3,3,0.3784853657386377
cleanStatic,calibration,78,77.99046596,9,19,1949511649,1950011649,5483177.351374,4467194.766844693,uniform_k3,3,0.5216627828755195
cleanStatic,calibration,78,77.99046596,9,19,1949511649,1950011649,5483177.351374,4467194.766844693,shuffled_k3,3,0.015909955369986045
cleanStatic,calibration,78,77.99046596,9,19,1949511649,1950011649,5483177.351374,4467194.766844693,analytic_sparse_k5,5,0.21465643392310976
cleanStatic,calibration,78,77.99046596,9,19,1949511649,1950011649,5483177.351374,4467194.766844693,uniform_k5,5,0.21765483132824653
cleanStatic,calibration,78,77.99046596,9,19,1949511649,1950011649,5483177.351374,4467194.766844693,shuffled_k5,5,0.2739621450129138
cleanStatic,calibration,78,77.99046596,9,19,1949511649,1950011649,5483177.351374,4467194.766844693,analytic_sparse_k9,9,0.27013661448097676
cleanStatic,calibration,78,77.99046596,9,19,1949511649,1950011649,5483177.351374,4467194.766844693,uniform_k9,9,0.0328923439705565
cleanStatic,calibration,78,77.99046596,9,19,1949511649,1950011649,5483177.351374,4467194.766844693,shuffled_k9,9,0.2773025454245199
cleanStatic,calibration,78,77.99046596,9,19,1949511649,1950011649,5483177.351374,4467194.766844693,ai_sparse_k3,3,0.5568544154769609
cleanStatic,calibration,78,77.99046596,9,19,1949511649,1950011649,5483177.351374,4467194.766844693,pg_scc_k3,3,0.47264394501647083
cleanStatic,calibration,78,77.99046596,9,19,1949511649,1950011649,5483177.351374,4467194.766844693,ai_sparse_k5,5,0.19968180221458498
cleanStatic,calibration,78,77.99046596,9,19,1949511649,1950011649,5483177.351374,4467194.766844693,pg_scc_k5,5,0.26056670485332384
cleanStatic,calibration,78,77.99046596,9,19,1949511649,1950011649,5483177.351374,4467194.766844693,ai_sparse_k9,9,0.18243648878292215
cleanStatic,calibration,78,77.99046596,9,19,1949511649,1950011649,5483177.351374,4467194.766844693,pg_scc_k9,9,0.3033688604762497
cleanStatic,calibration,78,77.99046596,9,19,1949511649,1950011649,5483177.351374,4467194.766844693,epl3,3,0.48896848218112826
cleanStatic,calibration,78,77.99046596,9,19,1949511649,1950011649,5483177.351374,4467194.766844693,fixed9,9,0.40193761633341807
cleanStatic,calibration,78,77.99046596,9,19,1949511649,1950011649,5483177.351374,4467194.766844693,random1_k3,3,0.2106261402973358
cleanStatic,calibration,78,77.99046596,9,19,1949511649,1950011649,5483177.351374,4467194.766844693,random2_k3,3,0.3540831293481497
cleanStatic,calibration,78,77.99046596,9,19,1949511649,1950011649,5483177.351374,4467194.766844693,random3_k3,3,0.5511241010311598
cleanStatic,calibration,78,77.99046596,9,19,1949511649,1950011649,5483177.351374,4467194.766844693,random4_k3,3,0.21602801782912118
cleanStatic,calibration,78,77.99046596,9,19,1949511649,1950011649,5483177.351374,4467194.766844693,random5_k3,3,0.8763316643694439
cleanStatic,calibration,78,77.99046596,9,19,1949511649,1950011649,5483177.351374,4467194.766844693,random1_k5,5,0.13986010412977098
cleanStatic,calibration,78,77.99046596,9,19,1949511649,1950011649,5483177.351374,4467194.766844693,random2_k5,5,0.2274908011426553
cleanStatic,calibration,78,77.99046596,9,19,1949511649,1950011649,5483177.351374,4467194.766844693,random3_k5,5,0.35796097907368285
cleanStatic,calibration,78,77.99046596,9,19,1949511649,1950011649,5483177.351374,4467194.766844693,random4_k5,5,0.14520766682263192
cleanStatic,calibration,78,77.99046596,9,19,1949511649,1950011649,5483177.351374,4467194.766844693,random5_k5,5,0.5496648584324129
cleanStatic,calibration,78,77.99046596,9,19,1949511649,1950011649,5483177.351374,4467194.766844693,random1_k9,9,0.17624512389592972
cleanStatic,calibration,78,77.99046596,9,19,1949511649,1950011649,5483177.351374,4467194.766844693,random2_k9,9,0.26189079412600563
cleanStatic,calibration,78,77.99046596,9,19,1949511649,1950011649,5483177.351374,4467194.766844693,random3_k9,9,0.18334704251654058
cleanStatic,calibration,78,77.99046596,9,19,1949511649,1950011649,5483177.351374,4467194.766844693,random4_k9,9,0.46325588026789116
cleanStatic,calibration,78,77.99046596,9,19,1949511649,1950011649,5483177.351374,4467194.766844693,random5_k9,9,0.3074746908276652
cleanStatic,calibration,78,77.99062328,10,23,1949515582,1950015582,5481176.776736,6782719.226908704,dense_two_source_glrt,187,0.13908750224426802
cleanStatic,calibration,78,77.99062328,10,23,1949515582,1950015582,5481176.776736,6782719.226908704,dense_one_source_residual,187,0.3548063190535241
cleanStatic,calibration,78,77.99062328,10,23,1949515582,1950015582,5481176.776736,6782719.226908704,raw_power_only,0,5481176.776736
cleanStatic,calibration,78,77.99062328,10,23,1949515582,1950015582,5481176.776736,6782719.226908704,analytic_sparse_k3,3,0.049176391652114404
cleanStatic,calibration,78,77.99062328,10,23,1949515582,1950015582,5481176.776736,6782719.226908704,uniform_k3,3,0.1104740935499327
cleanStatic,calibration,78,77.99062328,10,23,1949515582,1950015582,5481176.776736,6782719.226908704,shuffled_k3,3,0.031153991480835763
cleanStatic,calibration,78,77.99062328,10,23,1949515582,1950015582,5481176.776736,6782719.226908704,analytic_sparse_k5,5,0.06373255393650187
cleanStatic,calibration,78,77.99062328,10,23,1949515582,1950015582,5481176.776736,6782719.226908704,uniform_k5,5,0.08876531746674576
cleanStatic,calibration,78,77.99062328,10,23,1949515582,1950015582,5481176.776736,6782719.226908704,shuffled_k5,5,0.04877177087025113
cleanStatic,calibration,78,77.99062328,10,23,1949515582,1950015582,5481176.776736,6782719.226908704,analytic_sparse_k9,9,0.03579866782452723
cleanStatic,calibration,78,77.99062328,10,23,1949515582,1950015582,5481176.776736,6782719.226908704,uniform_k9,9,0.05742037750527112
cleanStatic,calibration,78,77.99062328,10,23,1949515582,1950015582,5481176.776736,6782719.226908704,shuffled_k9,9,0.26264743803623625
cleanStatic,calibration,78,77.99062328,10,23,1949515582,1950015582,5481176.776736,6782719.226908704,ai_sparse_k3,3,0.07090477802086671
cleanStatic,calibration,78,77.99062328,10,23,1949515582,1950015582,5481176.776736,6782719.226908704,pg_scc_k3,3,0.11872205358409244
cleanStatic,calibration,78,77.99062328,10,23,1949515582,1950015582,5481176.776736,6782719.226908704,ai_sparse_k5,5,0.10936874468596706
cleanStatic,calibration,78,77.99062328,10,23,1949515582,1950015582,5481176.776736,6782719.226908704,pg_scc_k5,5,0.03431120071303466
cleanStatic,calibration,78,77.99062328,10,23,1949515582,1950015582,5481176.776736,6782719.226908704,ai_sparse_k9,9,0.11591389367438192
cleanStatic,calibration,78,77.99062328,10,23,1949515582,1950015582,5481176.776736,6782719.226908704,pg_scc_k9,9,0.04295204097654664
cleanStatic,calibration,78,77.99062328,10,23,1949515582,1950015582,5481176.776736,6782719.226908704,epl3,3,0.4772416430233984
cleanStatic,calibration,78,77.99062328,10,23,1949515582,1950015582,5481176.776736,6782719.226908704,fixed9,9,0.2741196969527149
cleanStatic,calibration,78,77.99062328,10,23,1949515582,1950015582,5481176.776736,6782719.226908704,random1_k3,3,0.5109906030536845
cleanStatic,calibration,78,77.99062328,10,23,1949515582,1950015582,5481176.776736,6782719.226908704,random2_k3,3,0.19286237404071674
cleanStatic,calibration,78,77.99062328,10,23,1949515582,1950015582,5481176.776736,6782719.226908704,random3_k3,3,0.309681111292361
cleanStatic,calibration,78,77.99062328,10,23,1949515582,1950015582,5481176.776736,6782719.226908704,random4_k3,3,0.26806441070292575
cleanStatic,calibration,78,77.99062328,10,23,1949515582,1950015582,5481176.776736,6782719.226908704,random5_k3,3,0.1893111575293247
cleanStatic,calibration,78,77.99062328,10,23,1949515582,1950015582,5481176.776736,6782719.226908704,random1_k5,5,0.24684188899914306
cleanStatic,calibration,78,77.99062328,10,23,1949515582,1950015582,5481176.776736,6782719.226908704,random2_k5,5,0.0951236582375365
cleanStatic,calibration,78,77.99062328,10,23,1949515582,1950015582,5481176.776736,6782719.226908704,random3_k5,5,0.12737604438994038
cleanStatic,calibration,78,77.99062328,10,23,1949515582,1950015582,5481176.776736,6782719.226908704,random4_k5,5,0.19827625612503735
cleanStatic,calibration,78,77.99062328,10,23,1949515582,1950015582,5481176.776736,6782719.226908704,random5_k5,5,0.3825433439622145
cleanStatic,calibration,78,77.99062328,10,23,1949515582,1950015582,5481176.776736,6782719.226908704,random1_k9,9,0.05481505327753636
cleanStatic,calibration,78,77.99062328,10,23,1949515582,1950015582,5481176.776736,6782719.226908704,random2_k9,9,0.16367931620737114
cleanStatic,calibration,78,77.99062328,10,23,1949515582,1950015582,5481176.776736,6782719.226908704,random3_k9,9,0.3222397816864117
cleanStatic,calibration,78,77.99062328,10,23,1949515582,1950015582,5481176.776736,6782719.226908704,random4_k9,9,0.24139644778716152
cleanStatic,calibration,78,77.99062328,10,23,1949515582,1950015582,5481176.776736,6782719.226908704,random5_k9,9,0.2380979506681954
cleanStatic,calibration,79,79.00634388,0,16,1974908597,1975408597,5551627.446386,5194827.49376297,dense_two_source_glrt,187,0.10555983887826985
cleanStatic,calibration,79,79.00634388,0,16,1974908597,1975408597,5551627.446386,5194827.49376297,dense_one_source_residual,187,0.36330440823616794
cleanStatic,calibration,79,79.00634388,0,16,1974908597,1975408597,5551627.446386,5194827.49376297,raw_power_only,0,5551627.446386
cleanStatic,calibration,79,79.00634388,0,16,1974908597,1975408597,5551627.446386,5194827.49376297,analytic_sparse_k3,3,0.0535801962368417
cleanStatic,calibration,79,79.00634388,0,16,1974908597,1975408597,5551627.446386,5194827.49376297,uniform_k3,3,0.37255273368671576
cleanStatic,calibration,79,79.00634388,0,16,1974908597,1975408597,5551627.446386,5194827.49376297,shuffled_k3,3,0.15965727894769907
cleanStatic,calibration,79,79.00634388,0,16,1974908597,1975408597,5551627.446386,5194827.49376297,analytic_sparse_k5,5,0.0814794182270501
cleanStatic,calibration,79,79.00634388,0,16,1974908597,1975408597,5551627.446386,5194827.49376297,uniform_k5,5,0.18888587911403748
cleanStatic,calibration,79,79.00634388,0,16,1974908597,1975408597,5551627.446386,5194827.49376297,shuffled_k5,5,0.08081236580043176
cleanStatic,calibration,79,79.00634388,0,16,1974908597,1975408597,5551627.446386,5194827.49376297,analytic_sparse_k9,9,0.08586207371961772
cleanStatic,calibration,79,79.00634388,0,16,1974908597,1975408597,5551627.446386,5194827.49376297,uniform_k9,9,0.05752336538020867
cleanStatic,calibration,79,79.00634388,0,16,1974908597,1975408597,5551627.446386,5194827.49376297,shuffled_k9,9,0.16179573826345064
cleanStatic,calibration,79,79.00634388,0,16,1974908597,1975408597,5551627.446386,5194827.49376297,ai_sparse_k3,3,0.4578421337794574
cleanStatic,calibration,79,79.00634388,0,16,1974908597,1975408597,5551627.446386,5194827.49376297,pg_scc_k3,3,0.317118644333044
cleanStatic,calibration,79,79.00634388,0,16,1974908597,1975408597,5551627.446386,5194827.49376297,ai_sparse_k5,5,0.36262354965052296
cleanStatic,calibration,79,79.00634388,0,16,1974908597,1975408597,5551627.446386,5194827.49376297,pg_scc_k5,5,0.30885554913384317
cleanStatic,calibration,79,79.00634388,0,16,1974908597,1975408597,5551627.446386,5194827.49376297,ai_sparse_k9,9,0.383274797843292
cleanStatic,calibration,79,79.00634388,0,16,1974908597,1975408597,5551627.446386,5194827.49376297,pg_scc_k9,9,0.29104012062010404
cleanStatic,calibration,79,79.00634388,0,16,1974908597,1975408597,5551627.446386,5194827.49376297,epl3,3,0.18449862213458015
cleanStatic,calibration,79,79.00634388,0,16,1974908597,1975408597,5551627.446386,5194827.49376297,fixed9,9,0.09681406561340074
cleanStatic,calibration,79,79.00634388,0,16,1974908597,1975408597,5551627.446386,5194827.49376297,random1_k3,3,0.33603434533607857
cleanStatic,calibration,79,79.00634388,0,16,1974908597,1975408597,5551627.446386,5194827.49376297,random2_k3,3,0.1236292984753537
cleanStatic,calibration,79,79.00634388,0,16,1974908597,1975408597,5551627.446386,5194827.49376297,random3_k3,3,0.16106385967393907
cleanStatic,calibration,79,79.00634388,0,16,1974908597,1975408597,5551627.446386,5194827.49376297,random4_k3,3,0.09131904357807603
cleanStatic,calibration,79,79.00634388,0,16,1974908597,1975408597,5551627.446386,5194827.49376297,random5_k3,3,0.06428153685512043
cleanStatic,calibration,79,79.00634388,0,16,1974908597,1975408597,5551627.446386,5194827.49376297,random1_k5,5,0.1874989286093342
cleanStatic,calibration,79,79.00634388,0,16,1974908597,1975408597,5551627.446386,5194827.49376297,random2_k5,5,0.1050888404324422
cleanStatic,calibration,79,79.00634388,0,16,1974908597,1975408597,5551627.446386,5194827.49376297,random3_k5,5,0.22631610714858014
cleanStatic,calibration,79,79.00634388,0,16,1974908597,1975408597,5551627.446386,5194827.49376297,random4_k5,5,0.20310139194680893
cleanStatic,calibration,79,79.00634388,0,16,1974908597,1975408597,5551627.446386,5194827.49376297,random5_k5,5,0.10394288840390928
cleanStatic,calibration,79,79.00634388,0,16,1974908597,1975408597,5551627.446386,5194827.49376297,random1_k9,9,0.13102425725926986
cleanStatic,calibration,79,79.00634388,0,16,1974908597,1975408597,5551627.446386,5194827.49376297,random2_k9,9,0.09428736787432374
cleanStatic,calibration,79,79.00634388,0,16,1974908597,1975408597,5551627.446386,5194827.49376297,random3_k9,9,0.07895984534312313
cleanStatic,calibration,79,79.00634388,0,16,1974908597,1975408597,5551627.446386,5194827.49376297,random4_k9,9,0.2666277685087551
cleanStatic,calibration,79,79.00634388,0,16,1974908597,1975408597,5551627.446386,5194827.49376297,random5_k9,9,0.4415022922317379
cleanStatic,calibration,79,78.99053128,2,3,1974513282,1975013282,5538823.915826,6088635.1489247605,dense_two_source_glrt,187,0.03204647390999201
cleanStatic,calibration,79,78.99053128,2,3,1974513282,1975013282,5538823.915826,6088635.1489247605,dense_one_source_residual,187,0.26674200316360486
cleanStatic,calibration,79,78.99053128,2,3,1974513282,1975013282,5538823.915826,6088635.1489247605,raw_power_only,0,5538823.915826
cleanStatic,calibration,79,78.99053128,2,3,1974513282,1975013282,5538823.915826,6088635.1489247605,analytic_sparse_k3,3,0.0683389523819482
cleanStatic,calibration,79,78.99053128,2,3,1974513282,1975013282,5538823.915826,6088635.1489247605,uniform_k3,3,0.19743790786182758
cleanStatic,calibration,79,78.99053128,2,3,1974513282,1975013282,5538823.915826,6088635.1489247605,shuffled_k3,3,0.23541980318516345
cleanStatic,calibration,79,78.99053128,2,3,1974513282,1975013282,5538823.915826,6088635.1489247605,analytic_sparse_k5,5,0.1155366179956537
cleanStatic,calibration,79,78.99053128,2,3,1974513282,1975013282,5538823.915826,6088635.1489247605,uniform_k5,5,0.09302188478720685
cleanStatic,calibration,79,78.99053128,2,3,1974513282,1975013282,5538823.915826,6088635.1489247605,shuffled_k5,5,0.07613787117811757
cleanStatic,calibration,79,78.99053128,2,3,1974513282,1975013282,5538823.915826,6088635.1489247605,analytic_sparse_k9,9,0.053672888361484095
cleanStatic,calibration,79,78.99053128,2,3,1974513282,1975013282,5538823.915826,6088635.1489247605,uniform_k9,9,0.05939751580645569
cleanStatic,calibration,79,78.99053128,2,3,1974513282,1975013282,5538823.915826,6088635.1489247605,shuffled_k9,9,0.08646386333547558
cleanStatic,calibration,79,78.99053128,2,3,1974513282,1975013282,5538823.915826,6088635.1489247605,ai_sparse_k3,3,0.06227262844761633
cleanStatic,calibration,79,78.99053128,2,3,1974513282,1975013282,5538823.915826,6088635.1489247605,pg_scc_k3,3,0.007962917192824501
cleanStatic,calibration,79,78.99053128,2,3,1974513282,1975013282,5538823.915826,6088635.1489247605,ai_sparse_k5,5,0.05224963221336841
cleanStatic,calibration,79,78.99053128,2,3,1974513282,1975013282,5538823.915826,6088635.1489247605,pg_scc_k5,5,0.05026006464381573
cleanStatic,calibration,79,78.99053128,2,3,1974513282,1975013282,5538823.915826,6088635.1489247605,ai_sparse_k9,9,0.02222392026076978
cleanStatic,calibration,79,78.99053128,2,3,1974513282,1975013282,5538823.915826,6088635.1489247605,pg_scc_k9,9,0.012246539591329757
cleanStatic,calibration,79,78.99053128,2,3,1974513282,1975013282,5538823.915826,6088635.1489247605,epl3,3,0.23160452677680896
cleanStatic,calibration,79,78.99053128,2,3,1974513282,1975013282,5538823.915826,6088635.1489247605,fixed9,9,0.0456969817832075
cleanStatic,calibration,79,78.99053128,2,3,1974513282,1975013282,5538823.915826,6088635.1489247605,random1_k3,3,0.1966027707712635
cleanStatic,calibration,79,78.99053128,2,3,1974513282,1975013282,5538823.915826,6088635.1489247605,random2_k3,3,0.19876793492391562
cleanStatic,calibration,79,78.99053128,2,3,1974513282,1975013282,5538823.915826,6088635.1489247605,random3_k3,3,0.1641117205205638
cleanStatic,calibration,79,78.99053128,2,3,1974513282,1975013282,5538823.915826,6088635.1489247605,random4_k3,3,0.16338564244791742
cleanStatic,calibration,79,78.99053128,2,3,1974513282,1975013282,5538823.915826,6088635.1489247605,random5_k3,3,0.10404857131337696
cleanStatic,calibration,79,78.99053128,2,3,1974513282,1975013282,5538823.915826,6088635.1489247605,random1_k5,5,0.1250609332985601
cleanStatic,calibration,79,78.99053128,2,3,1974513282,1975013282,5538823.915826,6088635.1489247605,random2_k5,5,0.1268611659471839
cleanStatic,calibration,79,78.99053128,2,3,1974513282,1975013282,5538823.915826,6088635.1489247605,random3_k5,5,0.21639647170127038
cleanStatic,calibration,79,78.99053128,2,3,1974513282,1975013282,5538823.915826,6088635.1489247605,random4_k5,5,0.05505662523810169
cleanStatic,calibration,79,78.99053128,2,3,1974513282,1975013282,5538823.915826,6088635.1489247605,random5_k5,5,0.10562214887933474
cleanStatic,calibration,79,78.99053128,2,3,1974513282,1975013282,5538823.915826,6088635.1489247605,random1_k9,9,0.061241275684816285
cleanStatic,calibration,79,78.99053128,2,3,1974513282,1975013282,5538823.915826,6088635.1489247605,random2_k9,9,0.06602696785573887
cleanStatic,calibration,79,78.99053128,2,3,1974513282,1975013282,5538823.915826,6088635.1489247605,random3_k9,9,0.05560890703060078
cleanStatic,calibration,79,78.99053128,2,3,1974513282,1975013282,5538823.915826,6088635.1489247605,random4_k9,9,0.045198723853242036
cleanStatic,calibration,79,78.99053128,2,3,1974513282,1975013282,5538823.915826,6088635.1489247605,random5_k9,9,0.07068670050050385
cleanStatic,calibration,79,78.99039448,3,20,1974509862,1975009862,5538888.505612,2658286.222052009,dense_two_source_glrt,187,0.23101534048892597
cleanStatic,calibration,79,78.99039448,3,20,1974509862,1975009862,5538888.505612,2658286.222052009,dense_one_source_residual,187,1.222615533689586
cleanStatic,calibration,79,78.99039448,3,20,1974509862,1975009862,5538888.505612,2658286.222052009,raw_power_only,0,5538888.505612
cleanStatic,calibration,79,78.99039448,3,20,1974509862,1975009862,5538888.505612,2658286.222052009,analytic_sparse_k3,3,0.057280108976929235
cleanStatic,calibration,79,78.99039448,3,20,1974509862,1975009862,5538888.505612,2658286.222052009,uniform_k3,3,1.5961789838585903
cleanStatic,calibration,79,78.99039448,3,20,1974509862,1975009862,5538888.505612,2658286.222052009,shuffled_k3,3,0.7126447565505565
cleanStatic,calibration,79,78.99039448,3,20,1974509862,1975009862,5538888.505612,2658286.222052009,analytic_sparse_k5,5,0.47192593323051446
cleanStatic,calibration,79,78.99039448,3,20,1974509862,1975009862,5538888.505612,2658286.222052009,uniform_k5,5,0.8309519332772354
cleanStatic,calibration,79,78.99039448,3,20,1974509862,1975009862,5538888.505612,2658286.222052009,shuffled_k5,5,0.3075015469017298
cleanStatic,calibration,79,78.99039448,3,20,1974509862,1975009862,5538888.505612,2658286.222052009,analytic_sparse_k9,9,0.1355396605329602
cleanStatic,calibration,79,78.99039448,3,20,1974509862,1975009862,5538888.505612,2658286.222052009,uniform_k9,9,0.18627541539049078
cleanStatic,calibration,79,78.99039448,3,20,1974509862,1975009862,5538888.505612,2658286.222052009,shuffled_k9,9,0.5752332412316578
cleanStatic,calibration,79,78.99039448,3,20,1974509862,1975009862,5538888.505612,2658286.222052009,ai_sparse_k3,3,0.5989960876642461
cleanStatic,calibration,79,78.99039448,3,20,1974509862,1975009862,5538888.505612,2658286.222052009,pg_scc_k3,3,0.587848066281096
cleanStatic,calibration,79,78.99039448,3,20,1974509862,1975009862,5538888.505612,2658286.222052009,ai_sparse_k5,5,0.6239277508216801
cleanStatic,calibration,79,78.99039448,3,20,1974509862,1975009862,5538888.505612,2658286.222052009,pg_scc_k5,5,0.17524063375778445
cleanStatic,calibration,79,78.99039448,3,20,1974509862,1975009862,5538888.505612,2658286.222052009,ai_sparse_k9,9,0.6958646949278511
cleanStatic,calibration,79,78.99039448,3,20,1974509862,1975009862,5538888.505612,2658286.222052009,pg_scc_k9,9,0.2233660173241344
cleanStatic,calibration,79,78.99039448,3,20,1974509862,1975009862,5538888.505612,2658286.222052009,epl3,3,0.7583369011005857
cleanStatic,calibration,79,78.99039448,3,20,1974509862,1975009862,5538888.505612,2658286.222052009,fixed9,9,0.7712638303737231
cleanStatic,calibration,79,78.99039448,3,20,1974509862,1975009862,5538888.505612,2658286.222052009,random1_k3,3,0.6853883500844122
cleanStatic,calibration,79,78.99039448,3,20,1974509862,1975009862,5538888.505612,2658286.222052009,random2_k3,3,1.2256674320635754
cleanStatic,calibration,79,78.99039448,3,20,1974509862,1975009862,5538888.505612,2658286.222052009,random3_k3,3,0.28142119989851533
cleanStatic,calibration,79,78.99039448,3,20,1974509862,1975009862,5538888.505612,2658286.222052009,random4_k3,3,0.6991962205172738
cleanStatic,calibration,79,78.99039448,3,20,1974509862,1975009862,5538888.505612,2658286.222052009,random5_k3,3,0.26343593014356437
cleanStatic,calibration,79,78.99039448,3,20,1974509862,1975009862,5538888.505612,2658286.222052009,random1_k5,5,0.6223571873344097
cleanStatic,calibration,79,78.99039448,3,20,1974509862,1975009862,5538888.505612,2658286.222052009,random2_k5,5,0.6617573294422711
cleanStatic,calibration,79,78.99039448,3,20,1974509862,1975009862,5538888.505612,2658286.222052009,random3_k5,5,0.8558672706517358
cleanStatic,calibration,79,78.99039448,3,20,1974509862,1975009862,5538888.505612,2658286.222052009,random4_k5,5,0.07629316850962983
cleanStatic,calibration,79,78.99039448,3,20,1974509862,1975009862,5538888.505612,2658286.222052009,random5_k5,5,1.017456225115939
cleanStatic,calibration,79,78.99039448,3,20,1974509862,1975009862,5538888.505612,2658286.222052009,random1_k9,9,0.2546261318718741
cleanStatic,calibration,79,78.99039448,3,20,1974509862,1975009862,5538888.505612,2658286.222052009,random2_k9,9,0.11696728637195293
cleanStatic,calibration,79,78.99039448,3,20,1974509862,1975009862,5538888.505612,2658286.222052009,random3_k9,9,0.45366248718858476
cleanStatic,calibration,79,78.99039448,3,20,1974509862,1975009862,5538888.505612,2658286.222052009,random4_k9,9,0.24905844676021627
cleanStatic,calibration,79,78.99039448,3,20,1974509862,1975009862,5538888.505612,2658286.222052009,random5_k9,9,0.27391995406563147
cleanStatic,calibration,79,79.18471016,4,30,1979367754,1979867754,5577677.171753999,2065489.134233445,dense_two_source_glrt,187,0.4816206655739662
cleanStatic,calibration,79,79.18471016,4,30,1979367754,1979867754,5577677.171753999,2065489.134233445,dense_one_source_residual,187,2.7970144215608
cleanStatic,calibration,79,79.18471016,4,30,1979367754,1979867754,5577677.171753999,2065489.134233445,raw_power_only,0,5577677.171753999
cleanStatic,calibration,79,79.18471016,4,30,1979367754,1979867754,5577677.171753999,2065489.134233445,analytic_sparse_k3,3,0.6538063712396488
cleanStatic,calibration,79,79.18471016,4,30,1979367754,1979867754,5577677.171753999,2065489.134233445,uniform_k3,3,1.9495250964834663
cleanStatic,calibration,79,79.18471016,4,30,1979367754,1979867754,5577677.171753999,2065489.134233445,shuffled_k3,3,3.24845613887589
cleanStatic,calibration,79,79.18471016,4,30,1979367754,1979867754,5577677.171753999,2065489.134233445,analytic_sparse_k5,5,1.4343853264446405
cleanStatic,calibration,79,79.18471016,4,30,1979367754,1979867754,5577677.171753999,2065489.134233445,uniform_k5,5,0.5972379677042966
cleanStatic,calibration,79,79.18471016,4,30,1979367754,1979867754,5577677.171753999,2065489.134233445,shuffled_k5,5,2.990274413326139
cleanStatic,calibration,79,79.18471016,4,30,1979367754,1979867754,5577677.171753999,2065489.134233445,analytic_sparse_k9,9,1.4251726304152628
cleanStatic,calibration,79,79.18471016,4,30,1979367754,1979867754,5577677.171753999,2065489.134233445,uniform_k9,9,0.2917391708196939
cleanStatic,calibration,79,79.18471016,4,30,1979367754,1979867754,5577677.171753999,2065489.134233445,shuffled_k9,9,1.7953288844657809
cleanStatic,calibration,79,79.18471016,4,30,1979367754,1979867754,5577677.171753999,2065489.134233445,ai_sparse_k3,3,1.7193354410018415
cleanStatic,calibration,79,79.18471016,4,30,1979367754,1979867754,5577677.171753999,2065489.134233445,pg_scc_k3,3,4.620435687907903
cleanStatic,calibration,79,79.18471016,4,30,1979367754,1979867754,5577677.171753999,2065489.134233445,ai_sparse_k5,5,2.603769869444114
cleanStatic,calibration,79,79.18471016,4,30,1979367754,1979867754,5577677.171753999,2065489.134233445,pg_scc_k5,5,1.3695056368597278
cleanStatic,calibration,79,79.18471016,4,30,1979367754,1979867754,5577677.171753999,2065489.134233445,ai_sparse_k9,9,1.9083260005704896
cleanStatic,calibration,79,79.18471016,4,30,1979367754,1979867754,5577677.171753999,2065489.134233445,pg_scc_k9,9,1.0418716150633012
cleanStatic,calibration,79,79.18471016,4,30,1979367754,1979867754,5577677.171753999,2065489.134233445,epl3,3,2.91702430962416
cleanStatic,calibration,79,79.18471016,4,30,1979367754,1979867754,5577677.171753999,2065489.134233445,fixed9,9,1.6381910293533253
cleanStatic,calibration,79,79.18471016,4,30,1979367754,1979867754,5577677.171753999,2065489.134233445,random1_k3,3,2.8074025185530815
cleanStatic,calibration,79,79.18471016,4,30,1979367754,1979867754,5577677.171753999,2065489.134233445,random2_k3,3,1.2547896065124762
cleanStatic,calibration,79,79.18471016,4,30,1979367754,1979867754,5577677.171753999,2065489.134233445,random3_k3,3,0.7884667739021198
cleanStatic,calibration,79,79.18471016,4,30,1979367754,1979867754,5577677.171753999,2065489.134233445,random4_k3,3,0.5747922904268632
cleanStatic,calibration,79,79.18471016,4,30,1979367754,1979867754,5577677.171753999,2065489.134233445,random5_k3,3,1.07411074312892
cleanStatic,calibration,79,79.18471016,4,30,1979367754,1979867754,5577677.171753999,2065489.134233445,random1_k5,5,0.9335802182659698
cleanStatic,calibration,79,79.18471016,4,30,1979367754,1979867754,5577677.171753999,2065489.134233445,random2_k5,5,1.499627151219825
cleanStatic,calibration,79,79.18471016,4,30,1979367754,1979867754,5577677.171753999,2065489.134233445,random3_k5,5,2.6061774015550485
cleanStatic,calibration,79,79.18471016,4,30,1979367754,1979867754,5577677.171753999,2065489.134233445,random4_k5,5,2.011253095599396
cleanStatic,calibration,79,79.18471016,4,30,1979367754,1979867754,5577677.171753999,2065489.134233445,random5_k5,5,0.6567731503130645
cleanStatic,calibration,79,79.18471016,4,30,1979367754,1979867754,5577677.171753999,2065489.134233445,random1_k9,9,1.1956990017749827
cleanStatic,calibration,79,79.18471016,4,30,1979367754,1979867754,5577677.171753999,2065489.134233445,random2_k9,9,0.5081897580140651
cleanStatic,calibration,79,79.18471016,4,30,1979367754,1979867754,5577677.171753999,2065489.134233445,random3_k9,9,0.7180235121145375
cleanStatic,calibration,79,79.18471016,4,30,1979367754,1979867754,5577677.171753999,2065489.134233445,random4_k9,9,0.7973167772440495
cleanStatic,calibration,79,79.18471016,4,30,1979367754,1979867754,5577677.171753999,2065489.134233445,random5_k9,9,1.0965894674977776
cleanStatic,calibration,79,78.99266836,5,6,1974566709,1975066709,5540950.180122,4359622.787658433,dense_two_source_glrt,187,0.05042773833025907
cleanStatic,calibration,79,78.99266836,5,6,1974566709,1975066709,5540950.180122,4359622.787658433,dense_one_source_residual,187,0.3135138534583818
cleanStatic,calibration,79,78.99266836,5,6,1974566709,1975066709,5540950.180122,4359622.787658433,raw_power_only,0,5540950.180122
cleanStatic,calibration,79,78.99266836,5,6,1974566709,1975066709,5540950.180122,4359622.787658433,analytic_sparse_k3,3,0.12905559154390372
cleanStatic,calibration,79,78.99266836,5,6,1974566709,1975066709,5540950.180122,4359622.787658433,uniform_k3,3,0.232796477882289
cleanStatic,calibration,79,78.99266836,5,6,1974566709,1975066709,5540950.180122,4359622.787658433,shuffled_k3,3,0.16182397551280506
cleanStatic,calibration,79,78.99266836,5,6,1974566709,1975066709,5540950.180122,4359622.787658433,analytic_sparse_k5,5,0.11494182719001893
cleanStatic,calibration,79,78.99266836,5,6,1974566709,1975066709,5540950.180122,4359622.787658433,uniform_k5,5,0.12445976380930861
cleanStatic,calibration,79,78.99266836,5,6,1974566709,1975066709,5540950.180122,4359622.787658433,shuffled_k5,5,0.046392696360906
cleanStatic,calibration,79,78.99266836,5,6,1974566709,1975066709,5540950.180122,4359622.787658433,analytic_sparse_k9,9,0.06788964622256516
cleanStatic,calibration,79,78.99266836,5,6,1974566709,1975066709,5540950.180122,4359622.787658433,uniform_k9,9,0.054943468689279795
cleanStatic,calibration,79,78.99266836,5,6,1974566709,1975066709,5540950.180122,4359622.787658433,shuffled_k9,9,0.12964143053235888
cleanStatic,calibration,79,78.99266836,5,6,1974566709,1975066709,5540950.180122,4359622.787658433,ai_sparse_k3,3,0.2281247492943583
cleanStatic,calibration,79,78.99266836,5,6,1974566709,1975066709,5540950.180122,4359622.787658433,pg_scc_k3,3,0.137047436035263
cleanStatic,calibration,79,78.99266836,5,6,1974566709,1975066709,5540950.180122,4359622.787658433,ai_sparse_k5,5,0.17717449423971923
cleanStatic,calibration,79,78.99266836,5,6,1974566709,1975066709,5540950.180122,4359622.787658433,pg_scc_k5,5,0.027135740409546603
cleanStatic,calibration,79,78.99266836,5,6,1974566709,1975066709,5540950.180122,4359622.787658433,ai_sparse_k9,9,0.10816147202736383
cleanStatic,calibration,79,78.99266836,5,6,1974566709,1975066709,5540950.180122,4359622.787658433,pg_scc_k9,9,0.01776267254934045
cleanStatic,calibration,79,78.99266836,5,6,1974566709,1975066709,5540950.180122,4359622.787658433,epl3,3,0.23593305193211359
cleanStatic,calibration,79,78.99266836,5,6,1974566709,1975066709,5540950.180122,4359622.787658433,fixed9,9,0.3282105281489108
cleanStatic,calibration,79,78.99266836,5,6,1974566709,1975066709,5540950.180122,4359622.787658433,random1_k3,3,0.10349964360792181
cleanStatic,calibration,79,78.99266836,5,6,1974566709,1975066709,5540950.180122,4359622.787658433,random2_k3,3,0.373082085440517
cleanStatic,calibration,79,78.99266836,5,6,1974566709,1975066709,5540950.180122,4359622.787658433,random3_k3,3,0.24891448755376647
cleanStatic,calibration,79,78.99266836,5,6,1974566709,1975066709,5540950.180122,4359622.787658433,random4_k3,3,0.20829337297555797
cleanStatic,calibration,79,78.99266836,5,6,1974566709,1975066709,5540950.180122,4359622.787658433,random5_k3,3,0.41645731616996046
cleanStatic,calibration,79,78.99266836,5,6,1974566709,1975066709,5540950.180122,4359622.787658433,random1_k5,5,0.0961332180733195
cleanStatic,calibration,79,78.99266836,5,6,1974566709,1975066709,5540950.180122,4359622.787658433,random2_k5,5,0.08422870577407375
cleanStatic,calibration,79,78.99266836,5,6,1974566709,1975066709,5540950.180122,4359622.787658433,random3_k5,5,0.07876267484953656
cleanStatic,calibration,79,78.99266836,5,6,1974566709,1975066709,5540950.180122,4359622.787658433,random4_k5,5,0.060943714028180704
cleanStatic,calibration,79,78.99266836,5,6,1974566709,1975066709,5540950.180122,4359622.787658433,random5_k5,5,0.11920635856175724
cleanStatic,calibration,79,78.99266836,5,6,1974566709,1975066709,5540950.180122,4359622.787658433,random1_k9,9,0.11076273259802896
cleanStatic,calibration,79,78.99266836,5,6,1974566709,1975066709,5540950.180122,4359622.787658433,random2_k9,9,0.16181308174524472
cleanStatic,calibration,79,78.99266836,5,6,1974566709,1975066709,5540950.180122,4359622.787658433,random3_k9,9,0.20325077178191397
cleanStatic,calibration,79,78.99266836,5,6,1974566709,1975066709,5540950.180122,4359622.787658433,random4_k9,9,0.04565035773561364
cleanStatic,calibration,79,78.99266836,5,6,1974566709,1975066709,5540950.180122,4359622.787658433,random5_k9,9,0.13453070708798753
cleanStatic,calibration,79,78.99016464,6,7,1974504116,1975004116,5540012.546642,4600775.425570058,dense_two_source_glrt,187,0.1322895149202523
cleanStatic,calibration,79,78.99016464,6,7,1974504116,1975004116,5540012.546642,4600775.425570058,dense_one_source_residual,187,0.611736027870567
cleanStatic,calibration,79,78.99016464,6,7,1974504116,1975004116,5540012.546642,4600775.425570058,raw_power_only,0,5540012.546642
cleanStatic,calibration,79,78.99016464,6,7,1974504116,1975004116,5540012.546642,4600775.425570058,analytic_sparse_k3,3,0.05023720930366709
cleanStatic,calibration,79,78.99016464,6,7,1974504116,1975004116,5540012.546642,4600775.425570058,uniform_k3,3,0.378551714089196
cleanStatic,calibration,79,78.99016464,6,7,1974504116,1975004116,5540012.546642,4600775.425570058,shuffled_k3,3,0.21133741922586777
cleanStatic,calibration,79,78.99016464,6,7,1974504116,1975004116,5540012.546642,4600775.425570058,analytic_sparse_k5,5,0.13575079491318962
cleanStatic,calibration,79,78.99016464,6,7,1974504116,1975004116,5540012.546642,4600775.425570058,uniform_k5,5,0.3429837494407918
cleanStatic,calibration,79,78.99016464,6,7,1974504116,1975004116,5540012.546642,4600775.425570058,shuffled_k5,5,0.37600805269056065
cleanStatic,calibration,79,78.99016464,6,7,1974504116,1975004116,5540012.546642,4600775.425570058,analytic_sparse_k9,9,0.2225892815909473
cleanStatic,calibration,79,78.99016464,6,7,1974504116,1975004116,5540012.546642,4600775.425570058,uniform_k9,9,0.21839194915325313
cleanStatic,calibration,79,78.99016464,6,7,1974504116,1975004116,5540012.546642,4600775.425570058,shuffled_k9,9,0.15400925786478462
cleanStatic,calibration,79,78.99016464,6,7,1974504116,1975004116,5540012.546642,4600775.425570058,ai_sparse_k3,3,0.33738650044667606
cleanStatic,calibration,79,78.99016464,6,7,1974504116,1975004116,5540012.546642,4600775.425570058,pg_scc_k3,3,1.1239978906785462
cleanStatic,calibration,79,78.99016464,6,7,1974504116,1975004116,5540012.546642,4600775.425570058,ai_sparse_k5,5,0.17697228787803357
cleanStatic,calibration,79,78.99016464,6,7,1974504116,1975004116,5540012.546642,4600775.425570058,pg_scc_k5,5,0.7805821653062683
cleanStatic,calibration,79,78.99016464,6,7,1974504116,1975004116,5540012.546642,4600775.425570058,ai_sparse_k9,9,0.3450620933909241
cleanStatic,calibration,79,78.99016464,6,7,1974504116,1975004116,5540012.546642,4600775.425570058,pg_scc_k9,9,0.7866097793476883
cleanStatic,calibration,79,78.99016464,6,7,1974504116,1975004116,5540012.546642,4600775.425570058,epl3,3,0.2479976512158508
cleanStatic,calibration,79,78.99016464,6,7,1974504116,1975004116,5540012.546642,4600775.425570058,fixed9,9,0.11031099177841153
cleanStatic,calibration,79,78.99016464,6,7,1974504116,1975004116,5540012.546642,4600775.425570058,random1_k3,3,0.8990565968368309
cleanStatic,calibration,79,78.99016464,6,7,1974504116,1975004116,5540012.546642,4600775.425570058,random2_k3,3,0.4028802614401366
cleanStatic,calibration,79,78.99016464,6,7,1974504116,1975004116,5540012.546642,4600775.425570058,random3_k3,3,0.34139425955503344
cleanStatic,calibration,79,78.99016464,6,7,1974504116,1975004116,5540012.546642,4600775.425570058,random4_k3,3,0.11212826023954496
cleanStatic,calibration,79,78.99016464,6,7,1974504116,1975004116,5540012.546642,4600775.425570058,random5_k3,3,0.41799607755701756
cleanStatic,calibration,79,78.99016464,6,7,1974504116,1975004116,5540012.546642,4600775.425570058,random1_k5,5,0.2726734206306046
cleanStatic,calibration,79,78.99016464,6,7,1974504116,1975004116,5540012.546642,4600775.425570058,random2_k5,5,0.179953054740542
cleanStatic,calibration,79,78.99016464,6,7,1974504116,1975004116,5540012.546642,4600775.425570058,random3_k5,5,0.46142235755998284
cleanStatic,calibration,79,78.99016464,6,7,1974504116,1975004116,5540012.546642,4600775.425570058,random4_k5,5,0.2578965131370971
cleanStatic,calibration,79,78.99016464,6,7,1974504116,1975004116,5540012.546642,4600775.425570058,random5_k5,5,0.1282079343751668
cleanStatic,calibration,79,78.99016464,6,7,1974504116,1975004116,5540012.546642,4600775.425570058,random1_k9,9,0.1255249306680022
cleanStatic,calibration,79,78.99016464,6,7,1974504116,1975004116,5540012.546642,4600775.425570058,random2_k9,9,0.2750415093766183
cleanStatic,calibration,79,78.99016464,6,7,1974504116,1975004116,5540012.546642,4600775.425570058,random3_k9,9,0.19136759226473632
cleanStatic,calibration,79,78.99016464,6,7,1974504116,1975004116,5540012.546642,4600775.425570058,random4_k9,9,0.6386843221769892
cleanStatic,calibration,79,78.99016464,6,7,1974504116,1975004116,5540012.546642,4600775.425570058,random5_k9,9,0.6538342789297964
cleanStatic,calibration,79,78.99036436,7,10,1974509109,1975009109,5538471.690942,2344577.4395608422,dense_two_source_glrt,187,0.1625393882022719
cleanStatic,calibration,79,78.99036436,7,10,1974509109,1975009109,5538471.690942,2344577.4395608422,dense_one_source_residual,187,1.1440495318609787
cleanStatic,calibration,79,78.99036436,7,10,1974509109,1975009109,5538471.690942,2344577.4395608422,raw_power_only,0,5538471.690942
cleanStatic,calibration,79,78.99036436,7,10,1974509109,1975009109,5538471.690942,2344577.4395608422,analytic_sparse_k3,3,0.2485158896896614
cleanStatic,calibration,79,78.99036436,7,10,1974509109,1975009109,5538471.690942,2344577.4395608422,uniform_k3,3,0.975279564301417
cleanStatic,calibration,79,78.99036436,7,10,1974509109,1975009109,5538471.690942,2344577.4395608422,shuffled_k3,3,0.13827997141007212
cleanStatic,calibration,79,78.99036436,7,10,1974509109,1975009109,5538471.690942,2344577.4395608422,analytic_sparse_k5,5,0.14909165875581437
cleanStatic,calibration,79,78.99036436,7,10,1974509109,1975009109,5538471.690942,2344577.4395608422,uniform_k5,5,0.4480531781748239
cleanStatic,calibration,79,78.99036436,7,10,1974509109,1975009109,5538471.690942,2344577.4395608422,shuffled_k5,5,0.47519278631520817
cleanStatic,calibration,79,78.99036436,7,10,1974509109,1975009109,5538471.690942,2344577.4395608422,analytic_sparse_k9,9,0.5589791340451564
cleanStatic,calibration,79,78.99036436,7,10,1974509109,1975009109,5538471.690942,2344577.4395608422,uniform_k9,9,0.15196405716586803
cleanStatic,calibration,79,78.99036436,7,10,1974509109,1975009109,5538471.690942,2344577.4395608422,shuffled_k9,9,0.5415281604184058
cleanStatic,calibration,79,78.99036436,7,10,1974509109,1975009109,5538471.690942,2344577.4395608422,ai_sparse_k3,3,2.092367450893905
cleanStatic,calibration,79,78.99036436,7,10,1974509109,1975009109,5538471.690942,2344577.4395608422,pg_scc_k3,3,1.5417239921624926
cleanStatic,calibration,79,78.99036436,7,10,1974509109,1975009109,5538471.690942,2344577.4395608422,ai_sparse_k5,5,1.891577517012085
cleanStatic,calibration,79,78.99036436,7,10,1974509109,1975009109,5538471.690942,2344577.4395608422,pg_scc_k5,5,0.7837773592563215
cleanStatic,calibration,79,78.99036436,7,10,1974509109,1975009109,5538471.690942,2344577.4395608422,ai_sparse_k9,9,1.6653381213441503
cleanStatic,calibration,79,78.99036436,7,10,1974509109,1975009109,5538471.690942,2344577.4395608422,pg_scc_k9,9,0.6527107001421578
cleanStatic,calibration,79,78.99036436,7,10,1974509109,1975009109,5538471.690942,2344577.4395608422,epl3,3,1.3228203301815962
cleanStatic,calibration,79,78.99036436,7,10,1974509109,1975009109,5538471.690942,2344577.4395608422,fixed9,9,0.39799430844915484
cleanStatic,calibration,79,78.99036436,7,10,1974509109,1975009109,5538471.690942,2344577.4395608422,random1_k3,3,0.40640979607618904
cleanStatic,calibration,79,78.99036436,7,10,1974509109,1975009109,5538471.690942,2344577.4395608422,random2_k3,3,0.08544157543399204
cleanStatic,calibration,79,78.99036436,7,10,1974509109,1975009109,5538471.690942,2344577.4395608422,random3_k3,3,0.7395434947885015
cleanStatic,calibration,79,78.99036436,7,10,1974509109,1975009109,5538471.690942,2344577.4395608422,random4_k3,3,0.12724858518552076
cleanStatic,calibration,79,78.99036436,7,10,1974509109,1975009109,5538471.690942,2344577.4395608422,random5_k3,3,0.49468727584693006
cleanStatic,calibration,79,78.99036436,7,10,1974509109,1975009109,5538471.690942,2344577.4395608422,random1_k5,5,0.8271916958610757
cleanStatic,calibration,79,78.99036436,7,10,1974509109,1975009109,5538471.690942,2344577.4395608422,random2_k5,5,0.5917863797903319
cleanStatic,calibration,79,78.99036436,7,10,1974509109,1975009109,5538471.690942,2344577.4395608422,random3_k5,5,0.684185392982903
cleanStatic,calibration,79,78.99036436,7,10,1974509109,1975009109,5538471.690942,2344577.4395608422,random4_k5,5,0.9354705557088415
cleanStatic,calibration,79,78.99036436,7,10,1974509109,1975009109,5538471.690942,2344577.4395608422,random5_k5,5,0.3853836029473384
cleanStatic,calibration,79,78.99036436,7,10,1974509109,1975009109,5538471.690942,2344577.4395608422,random1_k9,9,0.6713950572339935
cleanStatic,calibration,79,78.99036436,7,10,1974509109,1975009109,5538471.690942,2344577.4395608422,random2_k9,9,0.35667379859576837
cleanStatic,calibration,79,78.99036436,7,10,1974509109,1975009109,5538471.690942,2344577.4395608422,random3_k9,9,0.20969601227229756
cleanStatic,calibration,79,78.99036436,7,10,1974509109,1975009109,5538471.690942,2344577.4395608422,random4_k9,9,0.21833859244644735
cleanStatic,calibration,79,78.99036436,7,10,1974509109,1975009109,5538471.690942,2344577.4395608422,random5_k9,9,0.2941916962541755
cleanStatic,calibration,79,79.00064188,8,13,1974766047,1975266047,5545446.065824,6574100.748574087,dense_two_source_glrt,187,0.07876032566553279
cleanStatic,calibration,79,79.00064188,8,13,1974766047,1975266047,5545446.065824,6574100.748574087,dense_one_source_residual,187,0.2383483437229543
cleanStatic,calibration,79,79.00064188,8,13,1974766047,1975266047,5545446.065824,6574100.748574087,raw_power_only,0,5545446.065824
cleanStatic,calibration,79,79.00064188,8,13,1974766047,1975266047,5545446.065824,6574100.748574087,analytic_sparse_k3,3,0.03387482355450363
cleanStatic,calibration,79,79.00064188,8,13,1974766047,1975266047,5545446.065824,6574100.748574087,uniform_k3,3,0.16268892578891364
cleanStatic,calibration,79,79.00064188,8,13,1974766047,1975266047,5545446.065824,6574100.748574087,shuffled_k3,3,0.17530677780873105
cleanStatic,calibration,79,79.00064188,8,13,1974766047,1975266047,5545446.065824,6574100.748574087,analytic_sparse_k5,5,0.145823057644228
cleanStatic,calibration,79,79.00064188,8,13,1974766047,1975266047,5545446.065824,6574100.748574087,uniform_k5,5,0.0917603777153209
cleanStatic,calibration,79,79.00064188,8,13,1974766047,1975266047,5545446.065824,6574100.748574087,shuffled_k5,5,0.044669657284179945
cleanStatic,calibration,79,79.00064188,8,13,1974766047,1975266047,5545446.065824,6574100.748574087,analytic_sparse_k9,9,0.08442780288048982
cleanStatic,calibration,79,79.00064188,8,13,1974766047,1975266047,5545446.065824,6574100.748574087,uniform_k9,9,0.0453802613901908
cleanStatic,calibration,79,79.00064188,8,13,1974766047,1975266047,5545446.065824,6574100.748574087,shuffled_k9,9,0.14205410486635578
cleanStatic,calibration,79,79.00064188,8,13,1974766047,1975266047,5545446.065824,6574100.748574087,ai_sparse_k3,3,0.13418024406095228
cleanStatic,calibration,79,79.00064188,8,13,1974766047,1975266047,5545446.065824,6574100.748574087,pg_scc_k3,3,0.0246345595131533
cleanStatic,calibration,79,79.00064188,8,13,1974766047,1975266047,5545446.065824,6574100.748574087,ai_sparse_k5,5,0.2274607727289694
cleanStatic,calibration,79,79.00064188,8,13,1974766047,1975266047,5545446.065824,6574100.748574087,pg_scc_k5,5,0.0808752089748477
cleanStatic,calibration,79,79.00064188,8,13,1974766047,1975266047,5545446.065824,6574100.748574087,ai_sparse_k9,9,0.211442963461143
cleanStatic,calibration,79,79.00064188,8,13,1974766047,1975266047,5545446.065824,6574100.748574087,pg_scc_k9,9,0.12697618564283872
cleanStatic,calibration,79,79.00064188,8,13,1974766047,1975266047,5545446.065824,6574100.748574087,epl3,3,0.1548216559363075
cleanStatic,calibration,79,79.00064188,8,13,1974766047,1975266047,5545446.065824,6574100.748574087,fixed9,9,0.14935112517997162
cleanStatic,calibration,79,79.00064188,8,13,1974766047,1975266047,5545446.065824,6574100.748574087,random1_k3,3,0.03149593703469649
cleanStatic,calibration,79,79.00064188,8,13,1974766047,1975266047,5545446.065824,6574100.748574087,random2_k3,3,0.12964345780211625
cleanStatic,calibration,79,79.00064188,8,13,1974766047,1975266047,5545446.065824,6574100.748574087,random3_k3,3,0.021227895097255634
cleanStatic,calibration,79,79.00064188,8,13,1974766047,1975266047,5545446.065824,6574100.748574087,random4_k3,3,0.14147218868054337
cleanStatic,calibration,79,79.00064188,8,13,1974766047,1975266047,5545446.065824,6574100.748574087,random5_k3,3,0.1265324070140745
cleanStatic,calibration,79,79.00064188,8,13,1974766047,1975266047,5545446.065824,6574100.748574087,random1_k5,5,0.19070458926649575
cleanStatic,calibration,79,79.00064188,8,13,1974766047,1975266047,5545446.065824,6574100.748574087,random2_k5,5,0.037965008359994154
cleanStatic,calibration,79,79.00064188,8,13,1974766047,1975266047,5545446.065824,6574100.748574087,random3_k5,5,0.09070064529561575
cleanStatic,calibration,79,79.00064188,8,13,1974766047,1975266047,5545446.065824,6574100.748574087,random4_k5,5,0.0645435723246274
cleanStatic,calibration,79,79.00064188,8,13,1974766047,1975266047,5545446.065824,6574100.748574087,random5_k5,5,0.08338892297597865
cleanStatic,calibration,79,79.00064188,8,13,1974766047,1975266047,5545446.065824,6574100.748574087,random1_k9,9,0.08590552331952724
cleanStatic,calibration,79,79.00064188,8,13,1974766047,1975266047,5545446.065824,6574100.748574087,random2_k9,9,0.06648914495370913
cleanStatic,calibration,79,79.00064188,8,13,1974766047,1975266047,5545446.065824,6574100.748574087,random3_k9,9,0.10502010149885645
cleanStatic,calibration,79,79.00064188,8,13,1974766047,1975266047,5545446.065824,6574100.748574087,random4_k9,9,0.0569666614949464
cleanStatic,calibration,79,79.00064188,8,13,1974766047,1975266047,5545446.065824,6574100.748574087,random5_k9,9,0.06670077855503208
cleanStatic,calibration,79,79.00846428,9,19,1974961607,1975461607,5556901.49846,4528672.986521451,dense_two_source_glrt,187,0.1818444485571941
cleanStatic,calibration,79,79.00846428,9,19,1974961607,1975461607,5556901.49846,4528672.986521451,dense_one_source_residual,187,0.8793823797367876
cleanStatic,calibration,79,79.00846428,9,19,1974961607,1975461607,5556901.49846,4528672.986521451,raw_power_only,0,5556901.49846
cleanStatic,calibration,79,79.00846428,9,19,1974961607,1975461607,5556901.49846,4528672.986521451,analytic_sparse_k3,3,0.660374790645274
cleanStatic,calibration,79,79.00846428,9,19,1974961607,1975461607,5556901.49846,4528672.986521451,uniform_k3,3,0.303176818870259
cleanStatic,calibration,79,79.00846428,9,19,1974961607,1975461607,5556901.49846,4528672.986521451,shuffled_k3,3,0.49951761287349594
cleanStatic,calibration,79,79.00846428,9,19,1974961607,1975461607,5556901.49846,4528672.986521451,analytic_sparse_k5,5,0.6522627372081317
cleanStatic,calibration,79,79.00846428,9,19,1974961607,1975461607,5556901.49846,4528672.986521451,uniform_k5,5,0.05714011982684464
cleanStatic,calibration,79,79.00846428,9,19,1974961607,1975461607,5556901.49846,4528672.986521451,shuffled_k5,5,0.25547208522899645
cleanStatic,calibration,79,79.00846428,9,19,1974961607,1975461607,5556901.49846,4528672.986521451,analytic_sparse_k9,9,0.47284813707363976
cleanStatic,calibration,79,79.00846428,9,19,1974961607,1975461607,5556901.49846,4528672.986521451,uniform_k9,9,0.0816039377722529
cleanStatic,calibration,79,79.00846428,9,19,1974961607,1975461607,5556901.49846,4528672.986521451,shuffled_k9,9,0.5421461877829704
cleanStatic,calibration,79,79.00846428,9,19,1974961607,1975461607,5556901.49846,4528672.986521451,ai_sparse_k3,3,0.5021188284262934
cleanStatic,calibration,79,79.00846428,9,19,1974961607,1975461607,5556901.49846,4528672.986521451,pg_scc_k3,3,0.7533214418790544
cleanStatic,calibration,79,79.00846428,9,19,1974961607,1975461607,5556901.49846,4528672.986521451,ai_sparse_k5,5,0.36131535194783176
cleanStatic,calibration,79,79.00846428,9,19,1974961607,1975461607,5556901.49846,4528672.986521451,pg_scc_k5,5,0.1866877423545623
cleanStatic,calibration,79,79.00846428,9,19,1974961607,1975461607,5556901.49846,4528672.986521451,ai_sparse_k9,9,0.37135728399508594
cleanStatic,calibration,79,79.00846428,9,19,1974961607,1975461607,5556901.49846,4528672.986521451,pg_scc_k9,9,0.19763421811990348
cleanStatic,calibration,79,79.00846428,9,19,1974961607,1975461607,5556901.49846,4528672.986521451,epl3,3,0.6602666053796318
cleanStatic,calibration,79,79.00846428,9,19,1974961607,1975461607,5556901.49846,4528672.986521451,fixed9,9,0.45482357697198417
cleanStatic,calibration,79,79.00846428,9,19,1974961607,1975461607,5556901.49846,4528672.986521451,random1_k3,3,0.5380456697534847
cleanStatic,calibration,79,79.00846428,9,19,1974961607,1975461607,5556901.49846,4528672.986521451,random2_k3,3,0.6672426667864436
cleanStatic,calibration,79,79.00846428,9,19,1974961607,1975461607,5556901.49846,4528672.986521451,random3_k3,3,0.38626573310283835
cleanStatic,calibration,79,79.00846428,9,19,1974961607,1975461607,5556901.49846,4528672.986521451,random4_k3,3,0.6086732662352371
cleanStatic,calibration,79,79.00846428,9,19,1974961607,1975461607,5556901.49846,4528672.986521451,random5_k3,3,0.5551693435085602
cleanStatic,calibration,79,79.00846428,9,19,1974961607,1975461607,5556901.49846,4528672.986521451,random1_k5,5,0.17402001009635715
cleanStatic,calibration,79,79.00846428,9,19,1974961607,1975461607,5556901.49846,4528672.986521451,random2_k5,5,0.13350006179049653
cleanStatic,calibration,79,79.00846428,9,19,1974961607,1975461607,5556901.49846,4528672.986521451,random3_k5,5,0.27353011875705624
cleanStatic,calibration,79,79.00846428,9,19,1974961607,1975461607,5556901.49846,4528672.986521451,random4_k5,5,0.3069265846634461
cleanStatic,calibration,79,79.00846428,9,19,1974961607,1975461607,5556901.49846,4528672.986521451,random5_k5,5,0.2549990554181278
cleanStatic,calibration,79,79.00846428,9,19,1974961607,1975461607,5556901.49846,4528672.986521451,random1_k9,9,0.17266757920813225
cleanStatic,calibration,79,79.00846428,9,19,1974961607,1975461607,5556901.49846,4528672.986521451,random2_k9,9,0.18369118338186988
cleanStatic,calibration,79,79.00846428,9,19,1974961607,1975461607,5556901.49846,4528672.986521451,random3_k9,9,0.20011000058302722
cleanStatic,calibration,79,79.00846428,9,19,1974961607,1975461607,5556901.49846,4528672.986521451,random4_k9,9,0.2526231610525255
cleanStatic,calibration,79,79.00846428,9,19,1974961607,1975461607,5556901.49846,4528672.986521451,random5_k9,9,0.16147524761410054
cleanStatic,calibration,79,78.9906236,10,23,1974515590,1975015590,5539186.610908,6738241.250513261,dense_two_source_glrt,187,0.12771449223616502
cleanStatic,calibration,79,78.9906236,10,23,1974515590,1975015590,5539186.610908,6738241.250513261,dense_one_source_residual,187,0.34488356296131556
cleanStatic,calibration,79,78.9906236,10,23,1974515590,1975015590,5539186.610908,6738241.250513261,raw_power_only,0,5539186.610908
cleanStatic,calibration,79,78.9906236,10,23,1974515590,1975015590,5539186.610908,6738241.250513261,analytic_sparse_k3,3,0.085394192999298
cleanStatic,calibration,79,78.9906236,10,23,1974515590,1975015590,5539186.610908,6738241.250513261,uniform_k3,3,0.08913698097442253
cleanStatic,calibration,79,78.9906236,10,23,1974515590,1975015590,5539186.610908,6738241.250513261,shuffled_k3,3,0.07547223402902038
cleanStatic,calibration,79,78.9906236,10,23,1974515590,1975015590,5539186.610908,6738241.250513261,analytic_sparse_k5,5,0.06343072411620347
cleanStatic,calibration,79,78.9906236,10,23,1974515590,1975015590,5539186.610908,6738241.250513261,uniform_k5,5,0.06513973522442618
cleanStatic,calibration,79,78.9906236,10,23,1974515590,1975015590,5539186.610908,6738241.250513261,shuffled_k5,5,0.13361488046466966
cleanStatic,calibration,79,78.9906236,10,23,1974515590,1975015590,5539186.610908,6738241.250513261,analytic_sparse_k9,9,0.09838331354709284
cleanStatic,calibration,79,78.9906236,10,23,1974515590,1975015590,5539186.610908,6738241.250513261,uniform_k9,9,0.021417953516075006
cleanStatic,calibration,79,78.9906236,10,23,1974515590,1975015590,5539186.610908,6738241.250513261,shuffled_k9,9,0.2255968608963403
cleanStatic,calibration,79,78.9906236,10,23,1974515590,1975015590,5539186.610908,6738241.250513261,ai_sparse_k3,3,0.21957050463747108
cleanStatic,calibration,79,78.9906236,10,23,1974515590,1975015590,5539186.610908,6738241.250513261,pg_scc_k3,3,0.19112320078417896
cleanStatic,calibration,79,78.9906236,10,23,1974515590,1975015590,5539186.610908,6738241.250513261,ai_sparse_k5,5,0.26754151063699017
cleanStatic,calibration,79,78.9906236,10,23,1974515590,1975015590,5539186.610908,6738241.250513261,pg_scc_k5,5,0.11223438575743198
cleanStatic,calibration,79,78.9906236,10,23,1974515590,1975015590,5539186.610908,6738241.250513261,ai_sparse_k9,9,0.21126588728737927
cleanStatic,calibration,79,78.9906236,10,23,1974515590,1975015590,5539186.610908,6738241.250513261,pg_scc_k9,9,0.16168596749067343
cleanStatic,calibration,79,78.9906236,10,23,1974515590,1975015590,5539186.610908,6738241.250513261,epl3,3,0.16835425051320355
cleanStatic,calibration,79,78.9906236,10,23,1974515590,1975015590,5539186.610908,6738241.250513261,fixed9,9,0.2923390690942187
cleanStatic,calibration,79,78.9906236,10,23,1974515590,1975015590,5539186.610908,6738241.250513261,random1_k3,3,0.1890279674972295
cleanStatic,calibration,79,78.9906236,10,23,1974515590,1975015590,5539186.610908,6738241.250513261,random2_k3,3,0.07816569873673067
cleanStatic,calibration,79,78.9906236,10,23,1974515590,1975015590,5539186.610908,6738241.250513261,random3_k3,3,0.3412899740065976
cleanStatic,calibration,79,78.9906236,10,23,1974515590,1975015590,5539186.610908,6738241.250513261,random4_k3,3,0.2515026678829107
cleanStatic,calibration,79,78.9906236,10,23,1974515590,1975015590,5539186.610908,6738241.250513261,random5_k3,3,0.16686730625780463
cleanStatic,calibration,79,78.9906236,10,23,1974515590,1975015590,5539186.610908,6738241.250513261,random1_k5,5,0.21152659472344562
cleanStatic,calibration,79,78.9906236,10,23,1974515590,1975015590,5539186.610908,6738241.250513261,random2_k5,5,0.09009121662764841
cleanStatic,calibration,79,78.9906236,10,23,1974515590,1975015590,5539186.610908,6738241.250513261,random3_k5,5,0.2008852731134451
cleanStatic,calibration,79,78.9906236,10,23,1974515590,1975015590,5539186.610908,6738241.250513261,random4_k5,5,0.0856106692193828
cleanStatic,calibration,79,78.9906236,10,23,1974515590,1975015590,5539186.610908,6738241.250513261,random5_k5,5,0.23878560918442954
cleanStatic,calibration,79,78.9906236,10,23,1974515590,1975015590,5539186.610908,6738241.250513261,random1_k9,9,0.20499038160455613
cleanStatic,calibration,79,78.9906236,10,23,1974515590,1975015590,5539186.610908,6738241.250513261,random2_k9,9,0.15706230373026525
cleanStatic,calibration,79,78.9906236,10,23,1974515590,1975015590,5539186.610908,6738241.250513261,random3_k9,9,0.21839463608926485
cleanStatic,calibration,79,78.9906236,10,23,1974515590,1975015590,5539186.610908,6738241.250513261,random4_k9,9,0.14170269322524257
cleanStatic,calibration,79,78.9906236,10,23,1974515590,1975015590,5539186.610908,6738241.250513261,random5_k9,9,0.1864174657786476
cleanStatic,calibration,81,80.99834744,0,16,2024708686,2025208686,5503051.990546001,5127043.797399575,dense_two_source_glrt,187,0.042059636723542265
cleanStatic,calibration,81,80.99834744,0,16,2024708686,2025208686,5503051.990546001,5127043.797399575,dense_one_source_residual,187,0.40268932314813627
cleanStatic,calibration,81,80.99834744,0,16,2024708686,2025208686,5503051.990546001,5127043.797399575,raw_power_only,0,5503051.990546001
cleanStatic,calibration,81,80.99834744,0,16,2024708686,2025208686,5503051.990546001,5127043.797399575,analytic_sparse_k3,3,0.018942634781510603
cleanStatic,calibration,81,80.99834744,0,16,2024708686,2025208686,5503051.990546001,5127043.797399575,uniform_k3,3,0.4882885424620386
cleanStatic,calibration,81,80.99834744,0,16,2024708686,2025208686,5503051.990546001,5127043.797399575,shuffled_k3,3,0.1563149844937979
cleanStatic,calibration,81,80.99834744,0,16,2024708686,2025208686,5503051.990546001,5127043.797399575,analytic_sparse_k5,5,0.048619690448978375
cleanStatic,calibration,81,80.99834744,0,16,2024708686,2025208686,5503051.990546001,5127043.797399575,uniform_k5,5,0.34898768476130826
cleanStatic,calibration,81,80.99834744,0,16,2024708686,2025208686,5503051.990546001,5127043.797399575,shuffled_k5,5,0.08931921108432363
cleanStatic,calibration,81,80.99834744,0,16,2024708686,2025208686,5503051.990546001,5127043.797399575,analytic_sparse_k9,9,0.03871748299038136
cleanStatic,calibration,81,80.99834744,0,16,2024708686,2025208686,5503051.990546001,5127043.797399575,uniform_k9,9,0.10420815762449011
cleanStatic,calibration,81,80.99834744,0,16,2024708686,2025208686,5503051.990546001,5127043.797399575,shuffled_k9,9,0.05231422343448576
cleanStatic,calibration,81,80.99834744,0,16,2024708686,2025208686,5503051.990546001,5127043.797399575,ai_sparse_k3,3,0.13066803419272668
cleanStatic,calibration,81,80.99834744,0,16,2024708686,2025208686,5503051.990546001,5127043.797399575,pg_scc_k3,3,0.07572268704188283
cleanStatic,calibration,81,80.99834744,0,16,2024708686,2025208686,5503051.990546001,5127043.797399575,ai_sparse_k5,5,0.12108794159822264
cleanStatic,calibration,81,80.99834744,0,16,2024708686,2025208686,5503051.990546001,5127043.797399575,pg_scc_k5,5,0.020264044655289082
cleanStatic,calibration,81,80.99834744,0,16,2024708686,2025208686,5503051.990546001,5127043.797399575,ai_sparse_k9,9,0.14219930978804607
cleanStatic,calibration,81,80.99834744,0,16,2024708686,2025208686,5503051.990546001,5127043.797399575,pg_scc_k9,9,0.04393156042207466
cleanStatic,calibration,81,80.99834744,0,16,2024708686,2025208686,5503051.990546001,5127043.797399575,epl3,3,0.0514898670897232
cleanStatic,calibration,81,80.99834744,0,16,2024708686,2025208686,5503051.990546001,5127043.797399575,fixed9,9,0.13796619247797834
cleanStatic,calibration,81,80.99834744,0,16,2024708686,2025208686,5503051.990546001,5127043.797399575,random1_k3,3,0.2435597184867373
cleanStatic,calibration,81,80.99834744,0,16,2024708686,2025208686,5503051.990546001,5127043.797399575,random2_k3,3,0.34913701879924836
cleanStatic,calibration,81,80.99834744,0,16,2024708686,2025208686,5503051.990546001,5127043.797399575,random3_k3,3,0.0846601230845249
cleanStatic,calibration,81,80.99834744,0,16,2024708686,2025208686,5503051.990546001,5127043.797399575,random4_k3,3,0.4811576243889802
cleanStatic,calibration,81,80.99834744,0,16,2024708686,2025208686,5503051.990546001,5127043.797399575,random5_k3,3,0.17366261877897862
cleanStatic,calibration,81,80.99834744,0,16,2024708686,2025208686,5503051.990546001,5127043.797399575,random1_k5,5,0.049230727254533035
cleanStatic,calibration,81,80.99834744,0,16,2024708686,2025208686,5503051.990546001,5127043.797399575,random2_k5,5,0.05268642318959369
cleanStatic,calibration,81,80.99834744,0,16,2024708686,2025208686,5503051.990546001,5127043.797399575,random3_k5,5,0.025522319983586183
cleanStatic,calibration,81,80.99834744,0,16,2024708686,2025208686,5503051.990546001,5127043.797399575,random4_k5,5,0.15085132168046597
cleanStatic,calibration,81,80.99834744,0,16,2024708686,2025208686,5503051.990546001,5127043.797399575,random5_k5,5,0.17504045828404796
cleanStatic,calibration,81,80.99834744,0,16,2024708686,2025208686,5503051.990546001,5127043.797399575,random1_k9,9,0.05966673700003512
cleanStatic,calibration,81,80.99834744,0,16,2024708686,2025208686,5503051.990546001,5127043.797399575,random2_k9,9,0.14341221897849538
cleanStatic,calibration,81,80.99834744,0,16,2024708686,2025208686,5503051.990546001,5127043.797399575,random3_k9,9,0.10039246537893314
cleanStatic,calibration,81,80.99834744,0,16,2024708686,2025208686,5503051.990546001,5127043.797399575,random4_k9,9,0.21819187526708245
cleanStatic,calibration,81,80.99834744,0,16,2024708686,2025208686,5503051.990546001,5127043.797399575,random5_k9,9,0.4488595117622438
cleanStatic,calibration,81,80.99053036,2,3,2024513259,2025013259,5497967.423219999,6093705.503366078,dense_two_source_glrt,187,0.04376761662229521
cleanStatic,calibration,81,80.99053036,2,3,2024513259,2025013259,5497967.423219999,6093705.503366078,dense_one_source_residual,187,0.25567673887673353
cleanStatic,calibration,81,80.99053036,2,3,2024513259,2025013259,5497967.423219999,6093705.503366078,raw_power_only,0,5497967.423219999
cleanStatic,calibration,81,80.99053036,2,3,2024513259,2025013259,5497967.423219999,6093705.503366078,analytic_sparse_k3,3,0.005759395603396138
cleanStatic,calibration,81,80.99053036,2,3,2024513259,2025013259,5497967.423219999,6093705.503366078,uniform_k3,3,0.30937521076499247
cleanStatic,calibration,81,80.99053036,2,3,2024513259,2025013259,5497967.423219999,6093705.503366078,shuffled_k3,3,0.10904827084171953
cleanStatic,calibration,81,80.99053036,2,3,2024513259,2025013259,5497967.423219999,6093705.503366078,analytic_sparse_k5,5,0.028992271784791412
cleanStatic,calibration,81,80.99053036,2,3,2024513259,2025013259,5497967.423219999,6093705.503366078,uniform_k5,5,0.21788961684187652
cleanStatic,calibration,81,80.99053036,2,3,2024513259,2025013259,5497967.423219999,6093705.503366078,shuffled_k5,5,0.053126156558754446
cleanStatic,calibration,81,80.99053036,2,3,2024513259,2025013259,5497967.423219999,6093705.503366078,analytic_sparse_k9,9,0.053788202519433455
cleanStatic,calibration,81,80.99053036,2,3,2024513259,2025013259,5497967.423219999,6093705.503366078,uniform_k9,9,0.04460732999199224
cleanStatic,calibration,81,80.99053036,2,3,2024513259,2025013259,5497967.423219999,6093705.503366078,shuffled_k9,9,0.1988755532613773
cleanStatic,calibration,81,80.99053036,2,3,2024513259,2025013259,5497967.423219999,6093705.503366078,ai_sparse_k3,3,0.11921404679141027
cleanStatic,calibration,81,80.99053036,2,3,2024513259,2025013259,5497967.423219999,6093705.503366078,pg_scc_k3,3,0.6552904341055829
cleanStatic,calibration,81,80.99053036,2,3,2024513259,2025013259,5497967.423219999,6093705.503366078,ai_sparse_k5,5,0.2239734250296143
cleanStatic,calibration,81,80.99053036,2,3,2024513259,2025013259,5497967.423219999,6093705.503366078,pg_scc_k5,5,0.1997693531857852
cleanStatic,calibration,81,80.99053036,2,3,2024513259,2025013259,5497967.423219999,6093705.503366078,ai_sparse_k9,9,0.15364750708200392
cleanStatic,calibration,81,80.99053036,2,3,2024513259,2025013259,5497967.423219999,6093705.503366078,pg_scc_k9,9,0.16442029278177314
cleanStatic,calibration,81,80.99053036,2,3,2024513259,2025013259,5497967.423219999,6093705.503366078,epl3,3,0.061155397253824545
cleanStatic,calibration,81,80.99053036,2,3,2024513259,2025013259,5497967.423219999,6093705.503366078,fixed9,9,0.09258461485059333
cleanStatic,calibration,81,80.99053036,2,3,2024513259,2025013259,5497967.423219999,6093705.503366078,random1_k3,3,0.05400648427495125
cleanStatic,calibration,81,80.99053036,2,3,2024513259,2025013259,5497967.423219999,6093705.503366078,random2_k3,3,0.06716102793898053
cleanStatic,calibration,81,80.99053036,2,3,2024513259,2025013259,5497967.423219999,6093705.503366078,random3_k3,3,0.13568390126086097
cleanStatic,calibration,81,80.99053036,2,3,2024513259,2025013259,5497967.423219999,6093705.503366078,random4_k3,3,0.014317762783386962
cleanStatic,calibration,81,80.99053036,2,3,2024513259,2025013259,5497967.423219999,6093705.503366078,random5_k3,3,0.14026957901973564
cleanStatic,calibration,81,80.99053036,2,3,2024513259,2025013259,5497967.423219999,6093705.503366078,random1_k5,5,0.1892283648404801
cleanStatic,calibration,81,80.99053036,2,3,2024513259,2025013259,5497967.423219999,6093705.503366078,random2_k5,5,0.236888619181648
cleanStatic,calibration,81,80.99053036,2,3,2024513259,2025013259,5497967.423219999,6093705.503366078,random3_k5,5,0.1454088209256726
cleanStatic,calibration,81,80.99053036,2,3,2024513259,2025013259,5497967.423219999,6093705.503366078,random4_k5,5,0.25418457291261776
cleanStatic,calibration,81,80.99053036,2,3,2024513259,2025013259,5497967.423219999,6093705.503366078,random5_k5,5,0.08848292371838117
cleanStatic,calibration,81,80.99053036,2,3,2024513259,2025013259,5497967.423219999,6093705.503366078,random1_k9,9,0.22430241915291868
cleanStatic,calibration,81,80.99053036,2,3,2024513259,2025013259,5497967.423219999,6093705.503366078,random2_k9,9,0.03695669201902087
cleanStatic,calibration,81,80.99053036,2,3,2024513259,2025013259,5497967.423219999,6093705.503366078,random3_k9,9,0.03893736480990674
cleanStatic,calibration,81,80.99053036,2,3,2024513259,2025013259,5497967.423219999,6093705.503366078,random4_k9,9,0.07172384173311136
cleanStatic,calibration,81,80.99053036,2,3,2024513259,2025013259,5497967.423219999,6093705.503366078,random5_k9,9,0.08662127782186986
cleanStatic,calibration,81,81.00939828,3,20,2024984957,2025484957,5493183.32972,2519992.973251841,dense_two_source_glrt,187,0.7527574467563438
cleanStatic,calibration,81,81.00939828,3,20,2024984957,2025484957,5493183.32972,2519992.973251841,dense_one_source_residual,187,2.981510518504892
cleanStatic,calibration,81,81.00939828,3,20,2024984957,2025484957,5493183.32972,2519992.973251841,raw_power_only,0,5493183.32972
cleanStatic,calibration,81,81.00939828,3,20,2024984957,2025484957,5493183.32972,2519992.973251841,analytic_sparse_k3,3,0.20095064602389245
cleanStatic,calibration,81,81.00939828,3,20,2024984957,2025484957,5493183.32972,2519992.973251841,uniform_k3,3,2.0316974364996003
cleanStatic,calibration,81,81.00939828,3,20,2024984957,2025484957,5493183.32972,2519992.973251841,shuffled_k3,3,0.6810626227720017
cleanStatic,calibration,81,81.00939828,3,20,2024984957,2025484957,5493183.32972,2519992.973251841,analytic_sparse_k5,5,0.781742625630079
cleanStatic,calibration,81,81.00939828,3,20,2024984957,2025484957,5493183.32972,2519992.973251841,uniform_k5,5,0.8451097662166852
cleanStatic,calibration,81,81.00939828,3,20,2024984957,2025484957,5493183.32972,2519992.973251841,shuffled_k5,5,2.7966034729711815
cleanStatic,calibration,81,81.00939828,3,20,2024984957,2025484957,5493183.32972,2519992.973251841,analytic_sparse_k9,9,0.6664746514159555
cleanStatic,calibration,81,81.00939828,3,20,2024984957,2025484957,5493183.32972,2519992.973251841,uniform_k9,9,0.5731145290914945
cleanStatic,calibration,81,81.00939828,3,20,2024984957,2025484957,5493183.32972,2519992.973251841,shuffled_k9,9,1.1693166406758806
cleanStatic,calibration,81,81.00939828,3,20,2024984957,2025484957,5493183.32972,2519992.973251841,ai_sparse_k3,3,1.6237368707337207
cleanStatic,calibration,81,81.00939828,3,20,2024984957,2025484957,5493183.32972,2519992.973251841,pg_scc_k3,3,1.9422031318590856
cleanStatic,calibration,81,81.00939828,3,20,2024984957,2025484957,5493183.32972,2519992.973251841,ai_sparse_k5,5,2.2906791236497654
cleanStatic,calibration,81,81.00939828,3,20,2024984957,2025484957,5493183.32972,2519992.973251841,pg_scc_k5,5,1.1773592659644447
cleanStatic,calibration,81,81.00939828,3,20,2024984957,2025484957,5493183.32972,2519992.973251841,ai_sparse_k9,9,2.03778866555899
cleanStatic,calibration,81,81.00939828,3,20,2024984957,2025484957,5493183.32972,2519992.973251841,pg_scc_k9,9,0.9836585599371909
cleanStatic,calibration,81,81.00939828,3,20,2024984957,2025484957,5493183.32972,2519992.973251841,epl3,3,1.768155000748057
cleanStatic,calibration,81,81.00939828,3,20,2024984957,2025484957,5493183.32972,2519992.973251841,fixed9,9,1.7427706479555864
cleanStatic,calibration,81,81.00939828,3,20,2024984957,2025484957,5493183.32972,2519992.973251841,random1_k3,3,0.7074781939166696
cleanStatic,calibration,81,81.00939828,3,20,2024984957,2025484957,5493183.32972,2519992.973251841,random2_k3,3,1.4442989907617498
cleanStatic,calibration,81,81.00939828,3,20,2024984957,2025484957,5493183.32972,2519992.973251841,random3_k3,3,1.6519360467586417
cleanStatic,calibration,81,81.00939828,3,20,2024984957,2025484957,5493183.32972,2519992.973251841,random4_k3,3,0.9458599676419915
cleanStatic,calibration,81,81.00939828,3,20,2024984957,2025484957,5493183.32972,2519992.973251841,random5_k3,3,0.9335993506932745
cleanStatic,calibration,81,81.00939828,3,20,2024984957,2025484957,5493183.32972,2519992.973251841,random1_k5,5,1.3031369506386032
cleanStatic,calibration,81,81.00939828,3,20,2024984957,2025484957,5493183.32972,2519992.973251841,random2_k5,5,2.0011623198092163
cleanStatic,calibration,81,81.00939828,3,20,2024984957,2025484957,5493183.32972,2519992.973251841,random3_k5,5,1.4682124177678595
cleanStatic,calibration,81,81.00939828,3,20,2024984957,2025484957,5493183.32972,2519992.973251841,random4_k5,5,1.27861849561952
cleanStatic,calibration,81,81.00939828,3,20,2024984957,2025484957,5493183.32972,2519992.973251841,random5_k5,5,0.8916831269843278
cleanStatic,calibration,81,81.00939828,3,20,2024984957,2025484957,5493183.32972,2519992.973251841,random1_k9,9,2.8342183297266477
cleanStatic,calibration,81,81.00939828,3,20,2024984957,2025484957,5493183.32972,2519992.973251841,random2_k9,9,0.3686823044963131
cleanStatic,calibration,81,81.00939828,3,20,2024984957,2025484957,5493183.32972,2519992.973251841,random3_k9,9,0.8270989001371133
cleanStatic,calibration,81,81.00939828,3,20,2024984957,2025484957,5493183.32972,2519992.973251841,random4_k9,9,0.334650986540528
cleanStatic,calibration,81,81.00939828,3,20,2024984957,2025484957,5493183.32972,2519992.973251841,random5_k9,9,0.4054428898307548
cleanStatic,calibration,81,81.13771428,4,30,2028192857,2028692857,5584106.857996001,2251600.497825647,dense_two_source_glrt,187,0.8730047439349773
cleanStatic,calibration,81,81.13771428,4,30,2028192857,2028692857,5584106.857996001,2251600.497825647,dense_one_source_residual,187,4.302028284429229
cleanStatic,calibration,81,81.13771428,4,30,2028192857,2028692857,5584106.857996001,2251600.497825647,raw_power_only,0,5584106.857996001
cleanStatic,calibration,81,81.13771428,4,30,2028192857,2028692857,5584106.857996001,2251600.497825647,analytic_sparse_k3,3,2.4834475156983107
cleanStatic,calibration,81,81.13771428,4,30,2028192857,2028692857,5584106.857996001,2251600.497825647,uniform_k3,3,1.446082313101171
cleanStatic,calibration,81,81.13771428,4,30,2028192857,2028692857,5584106.857996001,2251600.497825647,shuffled_k3,3,3.5942533099565313
cleanStatic,calibration,81,81.13771428,4,30,2028192857,2028692857,5584106.857996001,2251600.497825647,analytic_sparse_k5,5,2.8997138699243887
cleanStatic,calibration,81,81.13771428,4,30,2028192857,2028692857,5584106.857996001,2251600.497825647,uniform_k5,5,1.4440404981386072
cleanStatic,calibration,81,81.13771428,4,30,2028192857,2028692857,5584106.857996001,2251600.497825647,shuffled_k5,5,1.3111275755141076
cleanStatic,calibration,81,81.13771428,4,30,2028192857,2028692857,5584106.857996001,2251600.497825647,analytic_sparse_k9,9,1.733107185986621
cleanStatic,calibration,81,81.13771428,4,30,2028192857,2028692857,5584106.857996001,2251600.497825647,uniform_k9,9,0.18748907566992695
cleanStatic,calibration,81,81.13771428,4,30,2028192857,2028692857,5584106.857996001,2251600.497825647,shuffled_k9,9,1.6828821751911418
cleanStatic,calibration,81,81.13771428,4,30,2028192857,2028692857,5584106.857996001,2251600.497825647,ai_sparse_k3,3,1.0459423384146225
cleanStatic,calibration,81,81.13771428,4,30,2028192857,2028692857,5584106.857996001,2251600.497825647,pg_scc_k3,3,0.6596519764281206
cleanStatic,calibration,81,81.13771428,4,30,2028192857,2028692857,5584106.857996001,2251600.497825647,ai_sparse_k5,5,1.7001634619605823
cleanStatic,calibration,81,81.13771428,4,30,2028192857,2028692857,5584106.857996001,2251600.497825647,pg_scc_k5,5,1.1383428444174306
cleanStatic,calibration,81,81.13771428,4,30,2028192857,2028692857,5584106.857996001,2251600.497825647,ai_sparse_k9,9,1.572081720984575
cleanStatic,calibration,81,81.13771428,4,30,2028192857,2028692857,5584106.857996001,2251600.497825647,pg_scc_k9,9,1.0422642007425702
cleanStatic,calibration,81,81.13771428,4,30,2028192857,2028692857,5584106.857996001,2251600.497825647,epl3,3,1.8870096000236254
cleanStatic,calibration,81,81.13771428,4,30,2028192857,2028692857,5584106.857996001,2251600.497825647,fixed9,9,2.029190918751691
cleanStatic,calibration,81,81.13771428,4,30,2028192857,2028692857,5584106.857996001,2251600.497825647,random1_k3,3,2.99236366344752
cleanStatic,calibration,81,81.13771428,4,30,2028192857,2028692857,5584106.857996001,2251600.497825647,random2_k3,3,3.4930469690404045
cleanStatic,calibration,81,81.13771428,4,30,2028192857,2028692857,5584106.857996001,2251600.497825647,random3_k3,3,4.399159736443553
cleanStatic,calibration,81,81.13771428,4,30,2028192857,2028692857,5584106.857996001,2251600.497825647,random4_k3,3,3.3933370189384022
cleanStatic,calibration,81,81.13771428,4,30,2028192857,2028692857,5584106.857996001,2251600.497825647,random5_k3,3,1.2984376822747425
cleanStatic,calibration,81,81.13771428,4,30,2028192857,2028692857,5584106.857996001,2251600.497825647,random1_k5,5,1.5532931049055172
cleanStatic,calibration,81,81.13771428,4,30,2028192857,2028692857,5584106.857996001,2251600.497825647,random2_k5,5,1.2842546047870762
cleanStatic,calibration,81,81.13771428,4,30,2028192857,2028692857,5584106.857996001,2251600.497825647,random3_k5,5,0.751932219103099
cleanStatic,calibration,81,81.13771428,4,30,2028192857,2028692857,5584106.857996001,2251600.497825647,random4_k5,5,3.732314660937205
cleanStatic,calibration,81,81.13771428,4,30,2028192857,2028692857,5584106.857996001,2251600.497825647,random5_k5,5,1.2125448475311642
cleanStatic,calibration,81,81.13771428,4,30,2028192857,2028692857,5584106.857996001,2251600.497825647,random1_k9,9,1.8709459352715225
cleanStatic,calibration,81,81.13771428,4,30,2028192857,2028692857,5584106.857996001,2251600.497825647,random2_k9,9,0.8251914707515371
cleanStatic,calibration,81,81.13771428,4,30,2028192857,2028692857,5584106.857996001,2251600.497825647,random3_k9,9,0.8214197981492725
cleanStatic,calibration,81,81.13771428,4,30,2028192857,2028692857,5584106.857996001,2251600.497825647,random4_k9,9,1.216091799457524
cleanStatic,calibration,81,81.13771428,4,30,2028192857,2028692857,5584106.857996001,2251600.497825647,random5_k9,9,0.5899976941963412
cleanStatic,calibration,81,80.99066904,5,6,2024516726,2025016726,5499375.732539998,4413732.942976242,dense_two_source_glrt,187,0.09035966894540562
cleanStatic,calibration,81,80.99066904,5,6,2024516726,2025016726,5499375.732539998,4413732.942976242,dense_one_source_residual,187,0.5296201599910798
cleanStatic,calibration,81,80.99066904,5,6,2024516726,2025016726,5499375.732539998,4413732.942976242,raw_power_only,0,5499375.732539998
cleanStatic,calibration,81,80.99066904,5,6,2024516726,2025016726,5499375.732539998,4413732.942976242,analytic_sparse_k3,3,0.13725649321807756
cleanStatic,calibration,81,80.99066904,5,6,2024516726,2025016726,5499375.732539998,4413732.942976242,uniform_k3,3,0.37317818566019123
cleanStatic,calibration,81,80.99066904,5,6,2024516726,2025016726,5499375.732539998,4413732.942976242,shuffled_k3,3,0.7318462178531439
cleanStatic,calibration,81,80.99066904,5,6,2024516726,2025016726,5499375.732539998,4413732.942976242,analytic_sparse_k5,5,0.20435473498949158
cleanStatic,calibration,81,80.99066904,5,6,2024516726,2025016726,5499375.732539998,4413732.942976242,uniform_k5,5,0.16252590653427249
cleanStatic,calibration,81,80.99066904,5,6,2024516726,2025016726,5499375.732539998,4413732.942976242,shuffled_k5,5,0.21646679850128298
cleanStatic,calibration,81,80.99066904,5,6,2024516726,2025016726,5499375.732539998,4413732.942976242,analytic_sparse_k9,9,0.08449783127316311
cleanStatic,calibration,81,80.99066904,5,6,2024516726,2025016726,5499375.732539998,4413732.942976242,uniform_k9,9,0.1262290995374384
cleanStatic,calibration,81,80.99066904,5,6,2024516726,2025016726,5499375.732539998,4413732.942976242,shuffled_k9,9,0.3361462049411392
cleanStatic,calibration,81,80.99066904,5,6,2024516726,2025016726,5499375.732539998,4413732.942976242,ai_sparse_k3,3,0.17195135639532333
cleanStatic,calibration,81,80.99066904,5,6,2024516726,2025016726,5499375.732539998,4413732.942976242,pg_scc_k3,3,0.09475518599574025
cleanStatic,calibration,81,80.99066904,5,6,2024516726,2025016726,5499375.732539998,4413732.942976242,ai_sparse_k5,5,0.15701695966280052
cleanStatic,calibration,81,80.99066904,5,6,2024516726,2025016726,5499375.732539998,4413732.942976242,pg_scc_k5,5,0.03624029820904151
cleanStatic,calibration,81,80.99066904,5,6,2024516726,2025016726,5499375.732539998,4413732.942976242,ai_sparse_k9,9,0.17158541735205043
cleanStatic,calibration,81,80.99066904,5,6,2024516726,2025016726,5499375.732539998,4413732.942976242,pg_scc_k9,9,0.04504108111801505
cleanStatic,calibration,81,80.99066904,5,6,2024516726,2025016726,5499375.732539998,4413732.942976242,epl3,3,0.527322424335113
cleanStatic,calibration,81,80.99066904,5,6,2024516726,2025016726,5499375.732539998,4413732.942976242,fixed9,9,0.2775636214332292
cleanStatic,calibration,81,80.99066904,5,6,2024516726,2025016726,5499375.732539998,4413732.942976242,random1_k3,3,0.47150713499242763
cleanStatic,calibration,81,80.99066904,5,6,2024516726,2025016726,5499375.732539998,4413732.942976242,random2_k3,3,0.19555724812412004
cleanStatic,calibration,81,80.99066904,5,6,2024516726,2025016726,5499375.732539998,4413732.942976242,random3_k3,3,0.29231735226825556
cleanStatic,calibration,81,80.99066904,5,6,2024516726,2025016726,5499375.732539998,4413732.942976242,random4_k3,3,0.14066570552424504
cleanStatic,calibration,81,80.99066904,5,6,2024516726,2025016726,5499375.732539998,4413732.942976242,random5_k3,3,0.03403520819306428
cleanStatic,calibration,81,80.99066904,5,6,2024516726,2025016726,5499375.732539998,4413732.942976242,random1_k5,5,0.17121698866651336
cleanStatic,calibration,81,80.99066904,5,6,2024516726,2025016726,5499375.732539998,4413732.942976242,random2_k5,5,0.24104064261077135
cleanStatic,calibration,81,80.99066904,5,6,2024516726,2025016726,5499375.732539998,4413732.942976242,random3_k5,5,0.2498578544469568
cleanStatic,calibration,81,80.99066904,5,6,2024516726,2025016726,5499375.732539998,4413732.942976242,random4_k5,5,0.39924576216825824
cleanStatic,calibration,81,80.99066904,5,6,2024516726,2025016726,5499375.732539998,4413732.942976242,random5_k5,5,0.31490747703761574
cleanStatic,calibration,81,80.99066904,5,6,2024516726,2025016726,5499375.732539998,4413732.942976242,random1_k9,9,0.314379305286779
cleanStatic,calibration,81,80.99066904,5,6,2024516726,2025016726,5499375.732539998,4413732.942976242,random2_k9,9,0.10238207037432392
cleanStatic,calibration,81,80.99066904,5,6,2024516726,2025016726,5499375.732539998,4413732.942976242,random3_k9,9,0.2414032015629033
cleanStatic,calibration,81,80.99066904,5,6,2024516726,2025016726,5499375.732539998,4413732.942976242,random4_k9,9,0.19231727252829633
cleanStatic,calibration,81,80.99066904,5,6,2024516726,2025016726,5499375.732539998,4413732.942976242,random5_k9,9,0.13478754503927318
cleanStatic,calibration,81,80.99116228,6,7,2024529057,2025029057,5502423.124442,4285991.039102295,dense_two_source_glrt,187,0.3784862962577094
cleanStatic,calibration,81,80.99116228,6,7,2024529057,2025029057,5502423.124442,4285991.039102295,dense_one_source_residual,187,1.1524041379255627
cleanStatic,calibration,81,80.99116228,6,7,2024529057,2025029057,5502423.124442,4285991.039102295,raw_power_only,0,5502423.124442
cleanStatic,calibration,81,80.99116228,6,7,2024529057,2025029057,5502423.124442,4285991.039102295,analytic_sparse_k3,3,0.8990050894124723
cleanStatic,calibration,81,80.99116228,6,7,2024529057,2025029057,5502423.124442,4285991.039102295,uniform_k3,3,0.5412754624007879
cleanStatic,calibration,81,80.99116228,6,7,2024529057,2025029057,5502423.124442,4285991.039102295,shuffled_k3,3,1.0189081469745795
cleanStatic,calibration,81,80.99116228,6,7,2024529057,2025029057,5502423.124442,4285991.039102295,analytic_sparse_k5,5,0.9434499740313858
cleanStatic,calibration,81,80.99116228,6,7,2024529057,2025029057,5502423.124442,4285991.039102295,uniform_k5,5,0.2606548853017401
cleanStatic,calibration,81,80.99116228,6,7,2024529057,2025029057,5502423.124442,4285991.039102295,shuffled_k5,5,0.9141483920867557
cleanStatic,calibration,81,80.99116228,6,7,2024529057,2025029057,5502423.124442,4285991.039102295,analytic_sparse_k9,9,0.7757455525857827
cleanStatic,calibration,81,80.99116228,6,7,2024529057,2025029057,5502423.124442,4285991.039102295,uniform_k9,9,0.18890888126641256
cleanStatic,calibration,81,80.99116228,6,7,2024529057,2025029057,5502423.124442,4285991.039102295,shuffled_k9,9,0.2578046104901222
cleanStatic,calibration,81,80.99116228,6,7,2024529057,2025029057,5502423.124442,4285991.039102295,ai_sparse_k3,3,0.5068306327283804
cleanStatic,calibration,81,80.99116228,6,7,2024529057,2025029057,5502423.124442,4285991.039102295,pg_scc_k3,3,0.14722602399903187
cleanStatic,calibration,81,80.99116228,6,7,2024529057,2025029057,5502423.124442,4285991.039102295,ai_sparse_k5,5,0.7323653602831123
cleanStatic,calibration,81,80.99116228,6,7,2024529057,2025029057,5502423.124442,4285991.039102295,pg_scc_k5,5,0.3858514930027611
cleanStatic,calibration,81,80.99116228,6,7,2024529057,2025029057,5502423.124442,4285991.039102295,ai_sparse_k9,9,0.6824890498593627
cleanStatic,calibration,81,80.99116228,6,7,2024529057,2025029057,5502423.124442,4285991.039102295,pg_scc_k9,9,0.42551723646410544
cleanStatic,calibration,81,80.99116228,6,7,2024529057,2025029057,5502423.124442,4285991.039102295,epl3,3,1.3068358582437785
cleanStatic,calibration,81,80.99116228,6,7,2024529057,2025029057,5502423.124442,4285991.039102295,fixed9,9,0.7422221872051222
cleanStatic,calibration,81,80.99116228,6,7,2024529057,2025029057,5502423.124442,4285991.039102295,random1_k3,3,0.6764080790525067
cleanStatic,calibration,81,80.99116228,6,7,2024529057,2025029057,5502423.124442,4285991.039102295,random2_k3,3,0.9825885823517932
cleanStatic,calibration,81,80.99116228,6,7,2024529057,2025029057,5502423.124442,4285991.039102295,random3_k3,3,0.36327112166858416
cleanStatic,calibration,81,80.99116228,6,7,2024529057,2025029057,5502423.124442,4285991.039102295,random4_k3,3,0.8562514606496644
cleanStatic,calibration,81,80.99116228,6,7,2024529057,2025029057,5502423.124442,4285991.039102295,random5_k3,3,0.3699371427533695
cleanStatic,calibration,81,80.99116228,6,7,2024529057,2025029057,5502423.124442,4285991.039102295,random1_k5,5,0.7340792237931671
cleanStatic,calibration,81,80.99116228,6,7,2024529057,2025029057,5502423.124442,4285991.039102295,random2_k5,5,0.3961392460850218
cleanStatic,calibration,81,80.99116228,6,7,2024529057,2025029057,5502423.124442,4285991.039102295,random3_k5,5,0.7636645196506413
cleanStatic,calibration,81,80.99116228,6,7,2024529057,2025029057,5502423.124442,4285991.039102295,random4_k5,5,0.8781562565909888
cleanStatic,calibration,81,80.99116228,6,7,2024529057,2025029057,5502423.124442,4285991.039102295,random5_k5,5,0.15002032610445487
cleanStatic,calibration,81,80.99116228,6,7,2024529057,2025029057,5502423.124442,4285991.039102295,random1_k9,9,0.6901729022609576
cleanStatic,calibration,81,80.99116228,6,7,2024529057,2025029057,5502423.124442,4285991.039102295,random2_k9,9,0.42124262371461424
cleanStatic,calibration,81,80.99116228,6,7,2024529057,2025029057,5502423.124442,4285991.039102295,random3_k9,9,0.1624896440892662
cleanStatic,calibration,81,80.99116228,6,7,2024529057,2025029057,5502423.124442,4285991.039102295,random4_k9,9,0.22381017181017976
cleanStatic,calibration,81,80.99116228,6,7,2024529057,2025029057,5502423.124442,4285991.039102295,random5_k9,9,0.38978222830315506
cleanStatic,calibration,81,80.9903636,7,10,2024509090,2025009090,5497748.027756,2469055.397705809,dense_two_source_glrt,187,0.43327257547157527
cleanStatic,calibration,81,80.9903636,7,10,2024509090,2025009090,5497748.027756,2469055.397705809,dense_one_source_residual,187,2.582112148267423
cleanStatic,calibration,81,80.9903636,7,10,2024509090,2025009090,5497748.027756,2469055.397705809,raw_power_only,0,5497748.027756
cleanStatic,calibration,81,80.9903636,7,10,2024509090,2025009090,5497748.027756,2469055.397705809,analytic_sparse_k3,3,0.49521806630945114
cleanStatic,calibration,81,80.9903636,7,10,2024509090,2025009090,5497748.027756,2469055.397705809,uniform_k3,3,0.8327385599821368
cleanStatic,calibration,81,80.9903636,7,10,2024509090,2025009090,5497748.027756,2469055.397705809,shuffled_k3,3,0.7170179933701236
cleanStatic,calibration,81,80.9903636,7,10,2024509090,2025009090,5497748.027756,2469055.397705809,analytic_sparse_k5,5,0.7540132024719692
cleanStatic,calibration,81,80.9903636,7,10,2024509090,2025009090,5497748.027756,2469055.397705809,uniform_k5,5,0.7715131595834702
cleanStatic,calibration,81,80.9903636,7,10,2024509090,2025009090,5497748.027756,2469055.397705809,shuffled_k5,5,1.189040832583108
cleanStatic,calibration,81,80.9903636,7,10,2024509090,2025009090,5497748.027756,2469055.397705809,analytic_sparse_k9,9,0.7263533527564466
cleanStatic,calibration,81,80.9903636,7,10,2024509090,2025009090,5497748.027756,2469055.397705809,uniform_k9,9,0.1932549917050904
cleanStatic,calibration,81,80.9903636,7,10,2024509090,2025009090,5497748.027756,2469055.397705809,shuffled_k9,9,0.8787000419063185
cleanStatic,calibration,81,80.9903636,7,10,2024509090,2025009090,5497748.027756,2469055.397705809,ai_sparse_k3,3,0.9260640513408466
cleanStatic,calibration,81,80.9903636,7,10,2024509090,2025009090,5497748.027756,2469055.397705809,pg_scc_k3,3,3.4236153736055273
cleanStatic,calibration,81,80.9903636,7,10,2024509090,2025009090,5497748.027756,2469055.397705809,ai_sparse_k5,5,0.9901909360456231
cleanStatic,calibration,81,80.9903636,7,10,2024509090,2025009090,5497748.027756,2469055.397705809,pg_scc_k5,5,1.5727071635207337
cleanStatic,calibration,81,80.9903636,7,10,2024509090,2025009090,5497748.027756,2469055.397705809,ai_sparse_k9,9,0.9390855096258571
cleanStatic,calibration,81,80.9903636,7,10,2024509090,2025009090,5497748.027756,2469055.397705809,pg_scc_k9,9,1.402946858444989
cleanStatic,calibration,81,80.9903636,7,10,2024509090,2025009090,5497748.027756,2469055.397705809,epl3,3,1.8428737187185797
cleanStatic,calibration,81,80.9903636,7,10,2024509090,2025009090,5497748.027756,2469055.397705809,fixed9,9,1.2740293232709394
cleanStatic,calibration,81,80.9903636,7,10,2024509090,2025009090,5497748.027756,2469055.397705809,random1_k3,3,1.0014092450144496
cleanStatic,calibration,81,80.9903636,7,10,2024509090,2025009090,5497748.027756,2469055.397705809,random2_k3,3,3.548196752785085
cleanStatic,calibration,81,80.9903636,7,10,2024509090,2025009090,5497748.027756,2469055.397705809,random3_k3,3,2.6505836197146624
cleanStatic,calibration,81,80.9903636,7,10,2024509090,2025009090,5497748.027756,2469055.397705809,random4_k3,3,0.8723133226680182
cleanStatic,calibration,81,80.9903636,7,10,2024509090,2025009090,5497748.027756,2469055.397705809,random5_k3,3,2.714021910338285
cleanStatic,calibration,81,80.9903636,7,10,2024509090,2025009090,5497748.027756,2469055.397705809,random1_k5,5,0.7584495225304234
cleanStatic,calibration,81,80.9903636,7,10,2024509090,2025009090,5497748.027756,2469055.397705809,random2_k5,5,1.326908387249338
cleanStatic,calibration,81,80.9903636,7,10,2024509090,2025009090,5497748.027756,2469055.397705809,random3_k5,5,0.9814981718237714
cleanStatic,calibration,81,80.9903636,7,10,2024509090,2025009090,5497748.027756,2469055.397705809,random4_k5,5,1.8460699170947845
cleanStatic,calibration,81,80.9903636,7,10,2024509090,2025009090,5497748.027756,2469055.397705809,random5_k5,5,1.1462932594565698
cleanStatic,calibration,81,80.9903636,7,10,2024509090,2025009090,5497748.027756,2469055.397705809,random1_k9,9,0.9398834166706208
cleanStatic,calibration,81,80.9903636,7,10,2024509090,2025009090,5497748.027756,2469055.397705809,random2_k9,9,0.9304503886419258
cleanStatic,calibration,81,80.9903636,7,10,2024509090,2025009090,5497748.027756,2469055.397705809,random3_k9,9,0.7439886682402277
cleanStatic,calibration,81,80.9903636,7,10,2024509090,2025009090,5497748.027756,2469055.397705809,random4_k9,9,1.0154396458528738
cleanStatic,calibration,81,80.9903636,7,10,2024509090,2025009090,5497748.027756,2469055.397705809,random5_k9,9,0.844561964580153
cleanStatic,calibration,81,80.9906396,8,13,2024515990,2025015990,5498699.903138001,6191127.271061042,dense_two_source_glrt,187,0.06005033117792841
cleanStatic,calibration,81,80.9906396,8,13,2024515990,2025015990,5498699.903138001,6191127.271061042,dense_one_source_residual,187,0.31009956911484826
cleanStatic,calibration,81,80.9906396,8,13,2024515990,2025015990,5498699.903138001,6191127.271061042,raw_power_only,0,5498699.903138001
cleanStatic,calibration,81,80.9906396,8,13,2024515990,2025015990,5498699.903138001,6191127.271061042,analytic_sparse_k3,3,0.05791010679599829
cleanStatic,calibration,81,80.9906396,8,13,2024515990,2025015990,5498699.903138001,6191127.271061042,uniform_k3,3,0.06253052000916075
cleanStatic,calibration,81,80.9906396,8,13,2024515990,2025015990,5498699.903138001,6191127.271061042,shuffled_k3,3,0.19530772222064
cleanStatic,calibration,81,80.9906396,8,13,2024515990,2025015990,5498699.903138001,6191127.271061042,analytic_sparse_k5,5,0.09229199580462408
cleanStatic,calibration,81,80.9906396,8,13,2024515990,2025015990,5498699.903138001,6191127.271061042,uniform_k5,5,0.024412671147641764
cleanStatic,calibration,81,80.9906396,8,13,2024515990,2025015990,5498699.903138001,6191127.271061042,shuffled_k5,5,0.45499341680337435
cleanStatic,calibration,81,80.9906396,8,13,2024515990,2025015990,5498699.903138001,6191127.271061042,analytic_sparse_k9,9,0.10809423451029931
cleanStatic,calibration,81,80.9906396,8,13,2024515990,2025015990,5498699.903138001,6191127.271061042,uniform_k9,9,0.02701819159694341
cleanStatic,calibration,81,80.9906396,8,13,2024515990,2025015990,5498699.903138001,6191127.271061042,shuffled_k9,9,0.146348179907404
cleanStatic,calibration,81,80.9906396,8,13,2024515990,2025015990,5498699.903138001,6191127.271061042,ai_sparse_k3,3,0.19588352125199815
cleanStatic,calibration,81,80.9906396,8,13,2024515990,2025015990,5498699.903138001,6191127.271061042,pg_scc_k3,3,0.08909879309992903
cleanStatic,calibration,81,80.9906396,8,13,2024515990,2025015990,5498699.903138001,6191127.271061042,ai_sparse_k5,5,0.17611467649763296
cleanStatic,calibration,81,80.9906396,8,13,2024515990,2025015990,5498699.903138001,6191127.271061042,pg_scc_k5,5,0.06344728592475697
cleanStatic,calibration,81,80.9906396,8,13,2024515990,2025015990,5498699.903138001,6191127.271061042,ai_sparse_k9,9,0.08661079743454907
cleanStatic,calibration,81,80.9906396,8,13,2024515990,2025015990,5498699.903138001,6191127.271061042,pg_scc_k9,9,0.04680025393599098
cleanStatic,calibration,81,80.9906396,8,13,2024515990,2025015990,5498699.903138001,6191127.271061042,epl3,3,0.2808624528684838
cleanStatic,calibration,81,80.9906396,8,13,2024515990,2025015990,5498699.903138001,6191127.271061042,fixed9,9,0.34811723771119957
cleanStatic,calibration,81,80.9906396,8,13,2024515990,2025015990,5498699.903138001,6191127.271061042,random1_k3,3,0.1153578740552499
cleanStatic,calibration,81,80.9906396,8,13,2024515990,2025015990,5498699.903138001,6191127.271061042,random2_k3,3,0.07221081192908199
cleanStatic,calibration,81,80.9906396,8,13,2024515990,2025015990,5498699.903138001,6191127.271061042,random3_k3,3,0.16970159689065245
cleanStatic,calibration,81,80.9906396,8,13,2024515990,2025015990,5498699.903138001,6191127.271061042,random4_k3,3,0.06633906189171353
cleanStatic,calibration,81,80.9906396,8,13,2024515990,2025015990,5498699.903138001,6191127.271061042,random5_k3,3,0.0670152030079001
cleanStatic,calibration,81,80.9906396,8,13,2024515990,2025015990,5498699.903138001,6191127.271061042,random1_k5,5,0.14594433573997806
cleanStatic,calibration,81,80.9906396,8,13,2024515990,2025015990,5498699.903138001,6191127.271061042,random2_k5,5,0.2258861597374123
cleanStatic,calibration,81,80.9906396,8,13,2024515990,2025015990,5498699.903138001,6191127.271061042,random3_k5,5,0.22923095900475737
cleanStatic,calibration,81,80.9906396,8,13,2024515990,2025015990,5498699.903138001,6191127.271061042,random4_k5,5,0.33409508909565433
cleanStatic,calibration,81,80.9906396,8,13,2024515990,2025015990,5498699.903138001,6191127.271061042,random5_k5,5,0.11263417418985874
cleanStatic,calibration,81,80.9906396,8,13,2024515990,2025015990,5498699.903138001,6191127.271061042,random1_k9,9,0.24418184250427194
cleanStatic,calibration,81,80.9906396,8,13,2024515990,2025015990,5498699.903138001,6191127.271061042,random2_k9,9,0.0346927983074888
cleanStatic,calibration,81,80.9906396,8,13,2024515990,2025015990,5498699.903138001,6191127.271061042,random3_k9,9,0.1919953763764924
cleanStatic,calibration,81,80.9906396,8,13,2024515990,2025015990,5498699.903138001,6191127.271061042,random4_k9,9,0.04052389462808706
cleanStatic,calibration,81,80.9906396,8,13,2024515990,2025015990,5498699.903138001,6191127.271061042,random5_k9,9,0.06803596125056617
cleanStatic,calibration,81,81.003461,9,19,2024836525,2025336525,5500367.844064,4716307.641615575,dense_two_source_glrt,187,0.5490861220563079
cleanStatic,calibration,81,81.003461,9,19,2024836525,2025336525,5500367.844064,4716307.641615575,dense_one_source_residual,187,2.035595991851258
cleanStatic,calibration,81,81.003461,9,19,2024836525,2025336525,5500367.844064,4716307.641615575,raw_power_only,0,5500367.844064
cleanStatic,calibration,81,81.003461,9,19,2024836525,2025336525,5500367.844064,4716307.641615575,analytic_sparse_k3,3,1.0094559343688971
cleanStatic,calibration,81,81.003461,9,19,2024836525,2025336525,5500367.844064,4716307.641615575,uniform_k3,3,1.0752930340143132
cleanStatic,calibration,81,81.003461,9,19,2024836525,2025336525,5500367.844064,4716307.641615575,shuffled_k3,3,0.6560232673006116
cleanStatic,calibration,81,81.003461,9,19,2024836525,2025336525,5500367.844064,4716307.641615575,analytic_sparse_k5,5,1.3571773087619257
cleanStatic,calibration,81,81.003461,9,19,2024836525,2025336525,5500367.844064,4716307.641615575,uniform_k5,5,0.5489307758874016
cleanStatic,calibration,81,81.003461,9,19,2024836525,2025336525,5500367.844064,4716307.641615575,shuffled_k5,5,1.1967263586595456
cleanStatic,calibration,81,81.003461,9,19,2024836525,2025336525,5500367.844064,4716307.641615575,analytic_sparse_k9,9,1.2727220006528175
cleanStatic,calibration,81,81.003461,9,19,2024836525,2025336525,5500367.844064,4716307.641615575,uniform_k9,9,0.14075378404889013
cleanStatic,calibration,81,81.003461,9,19,2024836525,2025336525,5500367.844064,4716307.641615575,shuffled_k9,9,1.2758761249978103
cleanStatic,calibration,81,81.003461,9,19,2024836525,2025336525,5500367.844064,4716307.641615575,ai_sparse_k3,3,1.0744101331563132
cleanStatic,calibration,81,81.003461,9,19,2024836525,2025336525,5500367.844064,4716307.641615575,pg_scc_k3,3,1.6686578795218459
cleanStatic,calibration,81,81.003461,9,19,2024836525,2025336525,5500367.844064,4716307.641615575,ai_sparse_k5,5,1.4746637598412087
cleanStatic,calibration,81,81.003461,9,19,2024836525,2025336525,5500367.844064,4716307.641615575,pg_scc_k5,5,0.41430768571198867
cleanStatic,calibration,81,81.003461,9,19,2024836525,2025336525,5500367.844064,4716307.641615575,ai_sparse_k9,9,1.605033477616321
cleanStatic,calibration,81,81.003461,9,19,2024836525,2025336525,5500367.844064,4716307.641615575,pg_scc_k9,9,0.394985766258901
cleanStatic,calibration,81,81.003461,9,19,2024836525,2025336525,5500367.844064,4716307.641615575,epl3,3,2.034700066291082
cleanStatic,calibration,81,81.003461,9,19,2024836525,2025336525,5500367.844064,4716307.641615575,fixed9,9,2.2008207486856346
cleanStatic,calibration,81,81.003461,9,19,2024836525,2025336525,5500367.844064,4716307.641615575,random1_k3,3,1.496323267910882
cleanStatic,calibration,81,81.003461,9,19,2024836525,2025336525,5500367.844064,4716307.641615575,random2_k3,3,2.1179237419334793
cleanStatic,calibration,81,81.003461,9,19,2024836525,2025336525,5500367.844064,4716307.641615575,random3_k3,3,1.7036307747090171
cleanStatic,calibration,81,81.003461,9,19,2024836525,2025336525,5500367.844064,4716307.641615575,random4_k3,3,0.9988826824450828
cleanStatic,calibration,81,81.003461,9,19,2024836525,2025336525,5500367.844064,4716307.641615575,random5_k3,3,1.5008685891163436
cleanStatic,calibration,81,81.003461,9,19,2024836525,2025336525,5500367.844064,4716307.641615575,random1_k5,5,0.5304992644298553
cleanStatic,calibration,81,81.003461,9,19,2024836525,2025336525,5500367.844064,4716307.641615575,random2_k5,5,0.6587933574398404
cleanStatic,calibration,81,81.003461,9,19,2024836525,2025336525,5500367.844064,4716307.641615575,random3_k5,5,0.7173029559413975
cleanStatic,calibration,81,81.003461,9,19,2024836525,2025336525,5500367.844064,4716307.641615575,random4_k5,5,1.1797492439948918
cleanStatic,calibration,81,81.003461,9,19,2024836525,2025336525,5500367.844064,4716307.641615575,random5_k5,5,0.9815165000265091
cleanStatic,calibration,81,81.003461,9,19,2024836525,2025336525,5500367.844064,4716307.641615575,random1_k9,9,0.7124365697880912
cleanStatic,calibration,81,81.003461,9,19,2024836525,2025336525,5500367.844064,4716307.641615575,random2_k9,9,0.8575794810292761
cleanStatic,calibration,81,81.003461,9,19,2024836525,2025336525,5500367.844064,4716307.641615575,random3_k9,9,0.9867774836602337
cleanStatic,calibration,81,81.003461,9,19,2024836525,2025336525,5500367.844064,4716307.641615575,random4_k9,9,1.0177233280746079
cleanStatic,calibration,81,81.003461,9,19,2024836525,2025336525,5500367.844064,4716307.641615575,random5_k9,9,0.290066931117515
cleanStatic,calibration,81,80.9926242,10,23,2024565605,2025065605,5504351.805260001,6657946.066678426,dense_two_source_glrt,187,0.08864244699747115
cleanStatic,calibration,81,80.9926242,10,23,2024565605,2025065605,5504351.805260001,6657946.066678426,dense_one_source_residual,187,0.33515493891013404
cleanStatic,calibration,81,80.9926242,10,23,2024565605,2025065605,5504351.805260001,6657946.066678426,raw_power_only,0,5504351.805260001
cleanStatic,calibration,81,80.9926242,10,23,2024565605,2025065605,5504351.805260001,6657946.066678426,analytic_sparse_k3,3,0.05255129943587921
cleanStatic,calibration,81,80.9926242,10,23,2024565605,2025065605,5504351.805260001,6657946.066678426,uniform_k3,3,0.15384536437235755
cleanStatic,calibration,81,80.9926242,10,23,2024565605,2025065605,5504351.805260001,6657946.066678426,shuffled_k3,3,0.01737594937632254
cleanStatic,calibration,81,80.9926242,10,23,2024565605,2025065605,5504351.805260001,6657946.066678426,analytic_sparse_k5,5,0.05754112071928704
cleanStatic,calibration,81,80.9926242,10,23,2024565605,2025065605,5504351.805260001,6657946.066678426,uniform_k5,5,0.09135434252172585
cleanStatic,calibration,81,80.9926242,10,23,2024565605,2025065605,5504351.805260001,6657946.066678426,shuffled_k5,5,0.10034537890187956
cleanStatic,calibration,81,80.9926242,10,23,2024565605,2025065605,5504351.805260001,6657946.066678426,analytic_sparse_k9,9,0.09481590362022667
cleanStatic,calibration,81,80.9926242,10,23,2024565605,2025065605,5504351.805260001,6657946.066678426,uniform_k9,9,0.05201203169544582
cleanStatic,calibration,81,80.9926242,10,23,2024565605,2025065605,5504351.805260001,6657946.066678426,shuffled_k9,9,0.13524774202727366
cleanStatic,calibration,81,80.9926242,10,23,2024565605,2025065605,5504351.805260001,6657946.066678426,ai_sparse_k3,3,0.24207182249521172
cleanStatic,calibration,81,80.9926242,10,23,2024565605,2025065605,5504351.805260001,6657946.066678426,pg_scc_k3,3,0.3519375308151204
cleanStatic,calibration,81,80.9926242,10,23,2024565605,2025065605,5504351.805260001,6657946.066678426,ai_sparse_k5,5,0.19889361645952836
cleanStatic,calibration,81,80.9926242,10,23,2024565605,2025065605,5504351.805260001,6657946.066678426,pg_scc_k5,5,0.12625987099490935
cleanStatic,calibration,81,80.9926242,10,23,2024565605,2025065605,5504351.805260001,6657946.066678426,ai_sparse_k9,9,0.21129778965492127
cleanStatic,calibration,81,80.9926242,10,23,2024565605,2025065605,5504351.805260001,6657946.066678426,pg_scc_k9,9,0.11614069686207602
cleanStatic,calibration,81,80.9926242,10,23,2024565605,2025065605,5504351.805260001,6657946.066678426,epl3,3,0.19783675022648972
cleanStatic,calibration,81,80.9926242,10,23,2024565605,2025065605,5504351.805260001,6657946.066678426,fixed9,9,0.16969328718601925
cleanStatic,calibration,81,80.9926242,10,23,2024565605,2025065605,5504351.805260001,6657946.066678426,random1_k3,3,0.125520506640158
cleanStatic,calibration,81,80.9926242,10,23,2024565605,2025065605,5504351.805260001,6657946.066678426,random2_k3,3,0.17259961096589613
cleanStatic,calibration,81,80.9926242,10,23,2024565605,2025065605,5504351.805260001,6657946.066678426,random3_k3,3,0.5467562327479013
cleanStatic,calibration,81,80.9926242,10,23,2024565605,2025065605,5504351.805260001,6657946.066678426,random4_k3,3,0.23657411666628006
cleanStatic,calibration,81,80.9926242,10,23,2024565605,2025065605,5504351.805260001,6657946.066678426,random5_k3,3,0.19866289774429646
cleanStatic,calibration,81,80.9926242,10,23,2024565605,2025065605,5504351.805260001,6657946.066678426,random1_k5,5,0.056990675901397836
cleanStatic,calibration,81,80.9926242,10,23,2024565605,2025065605,5504351.805260001,6657946.066678426,random2_k5,5,0.2318456302578272
cleanStatic,calibration,81,80.9926242,10,23,2024565605,2025065605,5504351.805260001,6657946.066678426,random3_k5,5,0.17358703660769934
cleanStatic,calibration,81,80.9926242,10,23,2024565605,2025065605,5504351.805260001,6657946.066678426,random4_k5,5,0.2990705630189062
cleanStatic,calibration,81,80.9926242,10,23,2024565605,2025065605,5504351.805260001,6657946.066678426,random5_k5,5,0.08411577191388839
cleanStatic,calibration,81,80.9926242,10,23,2024565605,2025065605,5504351.805260001,6657946.066678426,random1_k9,9,0.16784778560892727
cleanStatic,calibration,81,80.9926242,10,23,2024565605,2025065605,5504351.805260001,6657946.066678426,random2_k9,9,0.06325817417523168
cleanStatic,calibration,81,80.9926242,10,23,2024565605,2025065605,5504351.805260001,6657946.066678426,random3_k9,9,0.06765111103075176
cleanStatic,calibration,81,80.9926242,10,23,2024565605,2025065605,5504351.805260001,6657946.066678426,random4_k9,9,0.141858612889926
cleanStatic,calibration,81,80.9926242,10,23,2024565605,2025065605,5504351.805260001,6657946.066678426,random5_k9,9,0.10110421395342249
cleanStatic,holdout,84,84.02035284,0,16,2100258821,2100758821,5522969.5208560005,5269402.766268583,dense_two_source_glrt,187,0.058792693249817916
cleanStatic,holdout,84,84.02035284,0,16,2100258821,2100758821,5522969.5208560005,5269402.766268583,dense_one_source_residual,187,0.46434794573808386
cleanStatic,holdout,84,84.02035284,0,16,2100258821,2100758821,5522969.5208560005,5269402.766268583,raw_power_only,0,5522969.5208560005
cleanStatic,holdout,84,84.02035284,0,16,2100258821,2100758821,5522969.5208560005,5269402.766268583,analytic_sparse_k3,3,0.2936155830655938
cleanStatic,holdout,84,84.02035284,0,16,2100258821,2100758821,5522969.5208560005,5269402.766268583,uniform_k3,3,0.02448198413016306
cleanStatic,holdout,84,84.02035284,0,16,2100258821,2100758821,5522969.5208560005,5269402.766268583,shuffled_k3,3,0.0373028283259629
cleanStatic,holdout,84,84.02035284,0,16,2100258821,2100758821,5522969.5208560005,5269402.766268583,analytic_sparse_k5,5,0.1529578415165536
cleanStatic,holdout,84,84.02035284,0,16,2100258821,2100758821,5522969.5208560005,5269402.766268583,uniform_k5,5,0.29439264665140685
cleanStatic,holdout,84,84.02035284,0,16,2100258821,2100758821,5522969.5208560005,5269402.766268583,shuffled_k5,5,0.061989036387826255
cleanStatic,holdout,84,84.02035284,0,16,2100258821,2100758821,5522969.5208560005,5269402.766268583,analytic_sparse_k9,9,0.09727676740202523
cleanStatic,holdout,84,84.02035284,0,16,2100258821,2100758821,5522969.5208560005,5269402.766268583,uniform_k9,9,0.17509206644331585
cleanStatic,holdout,84,84.02035284,0,16,2100258821,2100758821,5522969.5208560005,5269402.766268583,shuffled_k9,9,0.172142253067235
cleanStatic,holdout,84,84.02035284,0,16,2100258821,2100758821,5522969.5208560005,5269402.766268583,ai_sparse_k3,3,0.15323742762596257
cleanStatic,holdout,84,84.02035284,0,16,2100258821,2100758821,5522969.5208560005,5269402.766268583,pg_scc_k3,3,0.09805795645022258
cleanStatic,holdout,84,84.02035284,0,16,2100258821,2100758821,5522969.5208560005,5269402.766268583,ai_sparse_k5,5,0.18497165751596162
cleanStatic,holdout,84,84.02035284,0,16,2100258821,2100758821,5522969.5208560005,5269402.766268583,pg_scc_k5,5,0.1288547298232592
cleanStatic,holdout,84,84.02035284,0,16,2100258821,2100758821,5522969.5208560005,5269402.766268583,ai_sparse_k9,9,0.13414669544099275
cleanStatic,holdout,84,84.02035284,0,16,2100258821,2100758821,5522969.5208560005,5269402.766268583,pg_scc_k9,9,0.07799349373306834
cleanStatic,holdout,84,84.02035284,0,16,2100258821,2100758821,5522969.5208560005,5269402.766268583,epl3,3,0.15426521838245194
cleanStatic,holdout,84,84.02035284,0,16,2100258821,2100758821,5522969.5208560005,5269402.766268583,fixed9,9,0.25260246912859535
cleanStatic,holdout,84,84.02035284,0,16,2100258821,2100758821,5522969.5208560005,5269402.766268583,random1_k3,3,0.15086217239361627
cleanStatic,holdout,84,84.02035284,0,16,2100258821,2100758821,5522969.5208560005,5269402.766268583,random2_k3,3,0.2832200029180913
cleanStatic,holdout,84,84.02035284,0,16,2100258821,2100758821,5522969.5208560005,5269402.766268583,random3_k3,3,0.5068838081570534
cleanStatic,holdout,84,84.02035284,0,16,2100258821,2100758821,5522969.5208560005,5269402.766268583,random4_k3,3,0.3144441495004987
cleanStatic,holdout,84,84.02035284,0,16,2100258821,2100758821,5522969.5208560005,5269402.766268583,random5_k3,3,0.6749171452844092
cleanStatic,holdout,84,84.02035284,0,16,2100258821,2100758821,5522969.5208560005,5269402.766268583,random1_k5,5,0.13932116748836187
cleanStatic,holdout,84,84.02035284,0,16,2100258821,2100758821,5522969.5208560005,5269402.766268583,random2_k5,5,0.11721890807782942
cleanStatic,holdout,84,84.02035284,0,16,2100258821,2100758821,5522969.5208560005,5269402.766268583,random3_k5,5,0.14554981233199366
cleanStatic,holdout,84,84.02035284,0,16,2100258821,2100758821,5522969.5208560005,5269402.766268583,random4_k5,5,0.28060723738375304
cleanStatic,holdout,84,84.02035284,0,16,2100258821,2100758821,5522969.5208560005,5269402.766268583,random5_k5,5,0.29085371751548683
cleanStatic,holdout,84,84.02035284,0,16,2100258821,2100758821,5522969.5208560005,5269402.766268583,random1_k9,9,0.17199606347167748
cleanStatic,holdout,84,84.02035284,0,16,2100258821,2100758821,5522969.5208560005,5269402.766268583,random2_k9,9,0.19693631424169222
cleanStatic,holdout,84,84.02035284,0,16,2100258821,2100758821,5522969.5208560005,5269402.766268583,random3_k9,9,0.22279110996890802
cleanStatic,holdout,84,84.02035284,0,16,2100258821,2100758821,5522969.5208560005,5269402.766268583,random4_k9,9,0.2922589462245793
cleanStatic,holdout,84,84.02035284,0,16,2100258821,2100758821,5522969.5208560005,5269402.766268583,random5_k9,9,0.10590383179780642
cleanStatic,holdout,84,84.02217904,1,8,2100304476,2100804476,5539193.84823,1916125.1244479741,dense_two_source_glrt,187,0.8062800673294945
cleanStatic,holdout,84,84.02217904,1,8,2100304476,2100804476,5539193.84823,1916125.1244479741,dense_one_source_residual,187,5.528619473103269
cleanStatic,holdout,84,84.02217904,1,8,2100304476,2100804476,5539193.84823,1916125.1244479741,raw_power_only,0,5539193.84823
cleanStatic,holdout,84,84.02217904,1,8,2100304476,2100804476,5539193.84823,1916125.1244479741,analytic_sparse_k3,3,2.7069555297226255
cleanStatic,holdout,84,84.02217904,1,8,2100304476,2100804476,5539193.84823,1916125.1244479741,uniform_k3,3,2.6499068075962495
cleanStatic,holdout,84,84.02217904,1,8,2100304476,2100804476,5539193.84823,1916125.1244479741,shuffled_k3,3,3.451249141430251
cleanStatic,holdout,84,84.02217904,1,8,2100304476,2100804476,5539193.84823,1916125.1244479741,analytic_sparse_k5,5,2.381155817211032
cleanStatic,holdout,84,84.02217904,1,8,2100304476,2100804476,5539193.84823,1916125.1244479741,uniform_k5,5,0.8860469217375233
cleanStatic,holdout,84,84.02217904,1,8,2100304476,2100804476,5539193.84823,1916125.1244479741,shuffled_k5,5,6.401887672467114
cleanStatic,holdout,84,84.02217904,1,8,2100304476,2100804476,5539193.84823,1916125.1244479741,analytic_sparse_k9,9,2.3092143453442846
cleanStatic,holdout,84,84.02217904,1,8,2100304476,2100804476,5539193.84823,1916125.1244479741,uniform_k9,9,0.4049752481204503
cleanStatic,holdout,84,84.02217904,1,8,2100304476,2100804476,5539193.84823,1916125.1244479741,shuffled_k9,9,2.4307053797200138
cleanStatic,holdout,84,84.02217904,1,8,2100304476,2100804476,5539193.84823,1916125.1244479741,ai_sparse_k3,3,1.1952553156543955
cleanStatic,holdout,84,84.02217904,1,8,2100304476,2100804476,5539193.84823,1916125.1244479741,pg_scc_k3,3,1.3273259992707622
cleanStatic,holdout,84,84.02217904,1,8,2100304476,2100804476,5539193.84823,1916125.1244479741,ai_sparse_k5,5,4.254433650307418
cleanStatic,holdout,84,84.02217904,1,8,2100304476,2100804476,5539193.84823,1916125.1244479741,pg_scc_k5,5,0.6534746727041657
cleanStatic,holdout,84,84.02217904,1,8,2100304476,2100804476,5539193.84823,1916125.1244479741,ai_sparse_k9,9,3.6529187943200743
cleanStatic,holdout,84,84.02217904,1,8,2100304476,2100804476,5539193.84823,1916125.1244479741,pg_scc_k9,9,1.5479222634926206
cleanStatic,holdout,84,84.02217904,1,8,2100304476,2100804476,5539193.84823,1916125.1244479741,epl3,3,5.506868574794158
cleanStatic,holdout,84,84.02217904,1,8,2100304476,2100804476,5539193.84823,1916125.1244479741,fixed9,9,4.283142080957841
cleanStatic,holdout,84,84.02217904,1,8,2100304476,2100804476,5539193.84823,1916125.1244479741,random1_k3,3,3.4580349272411284
cleanStatic,holdout,84,84.02217904,1,8,2100304476,2100804476,5539193.84823,1916125.1244479741,random2_k3,3,4.348979778518989
cleanStatic,holdout,84,84.02217904,1,8,2100304476,2100804476,5539193.84823,1916125.1244479741,random3_k3,3,1.335281178574039
cleanStatic,holdout,84,84.02217904,1,8,2100304476,2100804476,5539193.84823,1916125.1244479741,random4_k3,3,3.8717066605478627
cleanStatic,holdout,84,84.02217904,1,8,2100304476,2100804476,5539193.84823,1916125.1244479741,random5_k3,3,1.2345885330263993
cleanStatic,holdout,84,84.02217904,1,8,2100304476,2100804476,5539193.84823,1916125.1244479741,random1_k5,5,1.1134172523161538
cleanStatic,holdout,84,84.02217904,1,8,2100304476,2100804476,5539193.84823,1916125.1244479741,random2_k5,5,3.325225187104786
cleanStatic,holdout,84,84.02217904,1,8,2100304476,2100804476,5539193.84823,1916125.1244479741,random3_k5,5,3.212866099355243
cleanStatic,holdout,84,84.02217904,1,8,2100304476,2100804476,5539193.84823,1916125.1244479741,random4_k5,5,1.7068134060282318
cleanStatic,holdout,84,84.02217904,1,8,2100304476,2100804476,5539193.84823,1916125.1244479741,random5_k5,5,1.2575252244501425
cleanStatic,holdout,84,84.02217904,1,8,2100304476,2100804476,5539193.84823,1916125.1244479741,random1_k9,9,0.8631195340940133
cleanStatic,holdout,84,84.02217904,1,8,2100304476,2100804476,5539193.84823,1916125.1244479741,random2_k9,9,1.5607799896023837
cleanStatic,holdout,84,84.02217904,1,8,2100304476,2100804476,5539193.84823,1916125.1244479741,random3_k9,9,3.8620671146314955
cleanStatic,holdout,84,84.02217904,1,8,2100304476,2100804476,5539193.84823,1916125.1244479741,random4_k9,9,1.8154279990441289
cleanStatic,holdout,84,84.02217904,1,8,2100304476,2100804476,5539193.84823,1916125.1244479741,random5_k9,9,1.3215949340102915
cleanStatic,holdout,84,84.01052896,2,3,2100013224,2100513224,5506786.657204,5994735.165835621,dense_two_source_glrt,187,0.09488399482383493
cleanStatic,holdout,84,84.01052896,2,3,2100013224,2100513224,5506786.657204,5994735.165835621,dense_one_source_residual,187,0.5331511161935358
cleanStatic,holdout,84,84.01052896,2,3,2100013224,2100513224,5506786.657204,5994735.165835621,raw_power_only,0,5506786.657204
cleanStatic,holdout,84,84.01052896,2,3,2100013224,2100513224,5506786.657204,5994735.165835621,analytic_sparse_k3,3,0.16784219603027092
cleanStatic,holdout,84,84.01052896,2,3,2100013224,2100513224,5506786.657204,5994735.165835621,uniform_k3,3,0.3482957970728733
cleanStatic,holdout,84,84.01052896,2,3,2100013224,2100513224,5506786.657204,5994735.165835621,shuffled_k3,3,0.2077709456855589
cleanStatic,holdout,84,84.01052896,2,3,2100013224,2100513224,5506786.657204,5994735.165835621,analytic_sparse_k5,5,0.1529173594113188
cleanStatic,holdout,84,84.01052896,2,3,2100013224,2100513224,5506786.657204,5994735.165835621,uniform_k5,5,0.33234718451439704
cleanStatic,holdout,84,84.01052896,2,3,2100013224,2100513224,5506786.657204,5994735.165835621,shuffled_k5,5,0.18283168304730402
cleanStatic,holdout,84,84.01052896,2,3,2100013224,2100513224,5506786.657204,5994735.165835621,analytic_sparse_k9,9,0.15735790069472466
cleanStatic,holdout,84,84.01052896,2,3,2100013224,2100513224,5506786.657204,5994735.165835621,uniform_k9,9,0.05191275929263339
cleanStatic,holdout,84,84.01052896,2,3,2100013224,2100513224,5506786.657204,5994735.165835621,shuffled_k9,9,0.33610510221139145
cleanStatic,holdout,84,84.01052896,2,3,2100013224,2100513224,5506786.657204,5994735.165835621,ai_sparse_k3,3,0.41195395948031516
cleanStatic,holdout,84,84.01052896,2,3,2100013224,2100513224,5506786.657204,5994735.165835621,pg_scc_k3,3,0.023234681175825455
cleanStatic,holdout,84,84.01052896,2,3,2100013224,2100513224,5506786.657204,5994735.165835621,ai_sparse_k5,5,0.5544090342380594
cleanStatic,holdout,84,84.01052896,2,3,2100013224,2100513224,5506786.657204,5994735.165835621,pg_scc_k5,5,0.2160879289320093
cleanStatic,holdout,84,84.01052896,2,3,2100013224,2100513224,5506786.657204,5994735.165835621,ai_sparse_k9,9,0.1738753156402074
cleanStatic,holdout,84,84.01052896,2,3,2100013224,2100513224,5506786.657204,5994735.165835621,pg_scc_k9,9,0.1417731266934249
cleanStatic,holdout,84,84.01052896,2,3,2100013224,2100513224,5506786.657204,5994735.165835621,epl3,3,0.3760191316832258
cleanStatic,holdout,84,84.01052896,2,3,2100013224,2100513224,5506786.657204,5994735.165835621,fixed9,9,0.40048701405069353
cleanStatic,holdout,84,84.01052896,2,3,2100013224,2100513224,5506786.657204,5994735.165835621,random1_k3,3,0.2290493498133187
cleanStatic,holdout,84,84.01052896,2,3,2100013224,2100513224,5506786.657204,5994735.165835621,random2_k3,3,0.34733444936841423
cleanStatic,holdout,84,84.01052896,2,3,2100013224,2100513224,5506786.657204,5994735.165835621,random3_k3,3,0.2876814290310304
cleanStatic,holdout,84,84.01052896,2,3,2100013224,2100513224,5506786.657204,5994735.165835621,random4_k3,3,0.32308384130694545
cleanStatic,holdout,84,84.01052896,2,3,2100013224,2100513224,5506786.657204,5994735.165835621,random5_k3,3,0.16032365842369753
cleanStatic,holdout,84,84.01052896,2,3,2100013224,2100513224,5506786.657204,5994735.165835621,random1_k5,5,0.3357016409268007
cleanStatic,holdout,84,84.01052896,2,3,2100013224,2100513224,5506786.657204,5994735.165835621,random2_k5,5,0.10782790694230837
cleanStatic,holdout,84,84.01052896,2,3,2100013224,2100513224,5506786.657204,5994735.165835621,random3_k5,5,0.30971276617133164
cleanStatic,holdout,84,84.01052896,2,3,2100013224,2100513224,5506786.657204,5994735.165835621,random4_k5,5,0.12476753476911502
cleanStatic,holdout,84,84.01052896,2,3,2100013224,2100513224,5506786.657204,5994735.165835621,random5_k5,5,0.26523041177554224
cleanStatic,holdout,84,84.01052896,2,3,2100013224,2100513224,5506786.657204,5994735.165835621,random1_k9,9,0.46044739992634387
cleanStatic,holdout,84,84.01052896,2,3,2100013224,2100513224,5506786.657204,5994735.165835621,random2_k9,9,0.1048633919457466
cleanStatic,holdout,84,84.01052896,2,3,2100013224,2100513224,5506786.657204,5994735.165835621,random3_k9,9,0.15271148896448258
cleanStatic,holdout,84,84.01052896,2,3,2100013224,2100513224,5506786.657204,5994735.165835621,random4_k9,9,0.1333344129964408
cleanStatic,holdout,84,84.01052896,2,3,2100013224,2100513224,5506786.657204,5994735.165835621,random5_k9,9,0.1403689524929417
cleanStatic,holdout,84,84.02840396,3,20,2100460099,2100960099,5539643.588952,2333164.6238112627,dense_two_source_glrt,187,0.44901763879758094
cleanStatic,holdout,84,84.02840396,3,20,2100460099,2100960099,5539643.588952,2333164.6238112627,dense_one_source_residual,187,2.3773045521981078
cleanStatic,holdout,84,84.02840396,3,20,2100460099,2100960099,5539643.588952,2333164.6238112627,raw_power_only,0,5539643.588952
cleanStatic,holdout,84,84.02840396,3,20,2100460099,2100960099,5539643.588952,2333164.6238112627,analytic_sparse_k3,3,0.5205280249249109
cleanStatic,holdout,84,84.02840396,3,20,2100460099,2100960099,5539643.588952,2333164.6238112627,uniform_k3,3,0.552868730637614
cleanStatic,holdout,84,84.02840396,3,20,2100460099,2100960099,5539643.588952,2333164.6238112627,shuffled_k3,3,0.2644472315511168
cleanStatic,holdout,84,84.02840396,3,20,2100460099,2100960099,5539643.588952,2333164.6238112627,analytic_sparse_k5,5,0.63949745063782
cleanStatic,holdout,84,84.02840396,3,20,2100460099,2100960099,5539643.588952,2333164.6238112627,uniform_k5,5,0.1308366279761186
cleanStatic,holdout,84,84.02840396,3,20,2100460099,2100960099,5539643.588952,2333164.6238112627,shuffled_k5,5,0.6973312948594088
cleanStatic,holdout,84,84.02840396,3,20,2100460099,2100960099,5539643.588952,2333164.6238112627,analytic_sparse_k9,9,0.5779473042653761
cleanStatic,holdout,84,84.02840396,3,20,2100460099,2100960099,5539643.588952,2333164.6238112627,uniform_k9,9,0.22393313430896317
cleanStatic,holdout,84,84.02840396,3,20,2100460099,2100960099,5539643.588952,2333164.6238112627,shuffled_k9,9,0.638788322543407
cleanStatic,holdout,84,84.02840396,3,20,2100460099,2100960099,5539643.588952,2333164.6238112627,ai_sparse_k3,3,1.3222732494447618
cleanStatic,holdout,84,84.02840396,3,20,2100460099,2100960099,5539643.588952,2333164.6238112627,pg_scc_k3,3,2.605217828925114
cleanStatic,holdout,84,84.02840396,3,20,2100460099,2100960099,5539643.588952,2333164.6238112627,ai_sparse_k5,5,0.7011631361129023
cleanStatic,holdout,84,84.02840396,3,20,2100460099,2100960099,5539643.588952,2333164.6238112627,pg_scc_k5,5,0.5386411848319174
cleanStatic,holdout,84,84.02840396,3,20,2100460099,2100960099,5539643.588952,2333164.6238112627,ai_sparse_k9,9,1.0110585679654998
cleanStatic,holdout,84,84.02840396,3,20,2100460099,2100960099,5539643.588952,2333164.6238112627,pg_scc_k9,9,0.4494705383441872
cleanStatic,holdout,84,84.02840396,3,20,2100460099,2100960099,5539643.588952,2333164.6238112627,epl3,3,1.7136407721163476
cleanStatic,holdout,84,84.02840396,3,20,2100460099,2100960099,5539643.588952,2333164.6238112627,fixed9,9,1.1189314648066562
cleanStatic,holdout,84,84.02840396,3,20,2100460099,2100960099,5539643.588952,2333164.6238112627,random1_k3,3,1.141603523972994
cleanStatic,holdout,84,84.02840396,3,20,2100460099,2100960099,5539643.588952,2333164.6238112627,random2_k3,3,0.8881182191593101
cleanStatic,holdout,84,84.02840396,3,20,2100460099,2100960099,5539643.588952,2333164.6238112627,random3_k3,3,2.228419888874321
cleanStatic,holdout,84,84.02840396,3,20,2100460099,2100960099,5539643.588952,2333164.6238112627,random4_k3,3,1.7931190634102332
cleanStatic,holdout,84,84.02840396,3,20,2100460099,2100960099,5539643.588952,2333164.6238112627,random5_k3,3,1.0692040129372238
cleanStatic,holdout,84,84.02840396,3,20,2100460099,2100960099,5539643.588952,2333164.6238112627,random1_k5,5,0.9739287818099177
cleanStatic,holdout,84,84.02840396,3,20,2100460099,2100960099,5539643.588952,2333164.6238112627,random2_k5,5,0.6665841895365576
cleanStatic,holdout,84,84.02840396,3,20,2100460099,2100960099,5539643.588952,2333164.6238112627,random3_k5,5,1.5419132286788593
cleanStatic,holdout,84,84.02840396,3,20,2100460099,2100960099,5539643.588952,2333164.6238112627,random4_k5,5,1.6652317578512985
cleanStatic,holdout,84,84.02840396,3,20,2100460099,2100960099,5539643.588952,2333164.6238112627,random5_k5,5,0.7951742197372974
cleanStatic,holdout,84,84.02840396,3,20,2100460099,2100960099,5539643.588952,2333164.6238112627,random1_k9,9,1.1929994567130129
cleanStatic,holdout,84,84.02840396,3,20,2100460099,2100960099,5539643.588952,2333164.6238112627,random2_k9,9,1.0192577854268527
cleanStatic,holdout,84,84.02840396,3,20,2100460099,2100960099,5539643.588952,2333164.6238112627,random3_k9,9,1.3466488731606008
cleanStatic,holdout,84,84.02840396,3,20,2100460099,2100960099,5539643.588952,2333164.6238112627,random4_k9,9,1.574294556756378
cleanStatic,holdout,84,84.02840396,3,20,2100460099,2100960099,5539643.588952,2333164.6238112627,random5_k9,9,1.1245294712948177
cleanStatic,holdout,84,84.19172072,4,30,2104543018,2105043018,5556747.043826001,2105772.695044517,dense_two_source_glrt,187,3.4982668264530283
cleanStatic,holdout,84,84.19172072,4,30,2104543018,2105043018,5556747.043826001,2105772.695044517,dense_one_source_residual,187,6.666814748140129
cleanStatic,holdout,84,84.19172072,4,30,2104543018,2105043018,5556747.043826001,2105772.695044517,raw_power_only,0,5556747.043826001
cleanStatic,holdout,84,84.19172072,4,30,2104543018,2105043018,5556747.043826001,2105772.695044517,analytic_sparse_k3,3,0.2547011696876122
cleanStatic,holdout,84,84.19172072,4,30,2104543018,2105043018,5556747.043826001,2105772.695044517,uniform_k3,3,4.628900435572892
cleanStatic,holdout,84,84.19172072,4,30,2104543018,2105043018,5556747.043826001,2105772.695044517,shuffled_k3,3,1.1521502299303565
cleanStatic,holdout,84,84.19172072,4,30,2104543018,2105043018,5556747.043826001,2105772.695044517,analytic_sparse_k5,5,4.8076471108321925
cleanStatic,holdout,84,84.19172072,4,30,2104543018,2105043018,5556747.043826001,2105772.695044517,uniform_k5,5,1.6227178590155453
cleanStatic,holdout,84,84.19172072,4,30,2104543018,2105043018,5556747.043826001,2105772.695044517,shuffled_k5,5,3.8498567334906797
cleanStatic,holdout,84,84.19172072,4,30,2104543018,2105043018,5556747.043826001,2105772.695044517,analytic_sparse_k9,9,3.9256229858632343
cleanStatic,holdout,84,84.19172072,4,30,2104543018,2105043018,5556747.043826001,2105772.695044517,uniform_k9,9,1.392544758713413
cleanStatic,holdout,84,84.19172072,4,30,2104543018,2105043018,5556747.043826001,2105772.695044517,shuffled_k9,9,8.047236927957506
cleanStatic,holdout,84,84.19172072,4,30,2104543018,2105043018,5556747.043826001,2105772.695044517,ai_sparse_k3,3,2.6141504659986023
cleanStatic,holdout,84,84.19172072,4,30,2104543018,2105043018,5556747.043826001,2105772.695044517,pg_scc_k3,3,3.591008871193638
cleanStatic,holdout,84,84.19172072,4,30,2104543018,2105043018,5556747.043826001,2105772.695044517,ai_sparse_k5,5,5.2395403519659425
cleanStatic,holdout,84,84.19172072,4,30,2104543018,2105043018,5556747.043826001,2105772.695044517,pg_scc_k5,5,2.521816394489128
cleanStatic,holdout,84,84.19172072,4,30,2104543018,2105043018,5556747.043826001,2105772.695044517,ai_sparse_k9,9,4.487596053937814
cleanStatic,holdout,84,84.19172072,4,30,2104543018,2105043018,5556747.043826001,2105772.695044517,pg_scc_k9,9,2.4894072358268806
cleanStatic,holdout,84,84.19172072,4,30,2104543018,2105043018,5556747.043826001,2105772.695044517,epl3,3,7.533386595463489
cleanStatic,holdout,84,84.19172072,4,30,2104543018,2105043018,5556747.043826001,2105772.695044517,fixed9,9,4.980222129136397
cleanStatic,holdout,84,84.19172072,4,30,2104543018,2105043018,5556747.043826001,2105772.695044517,random1_k3,3,2.8125625654456012
cleanStatic,holdout,84,84.19172072,4,30,2104543018,2105043018,5556747.043826001,2105772.695044517,random2_k3,3,5.102443784020642
cleanStatic,holdout,84,84.19172072,4,30,2104543018,2105043018,5556747.043826001,2105772.695044517,random3_k3,3,1.8219152036395165
cleanStatic,holdout,84,84.19172072,4,30,2104543018,2105043018,5556747.043826001,2105772.695044517,random4_k3,3,3.648886352384666
cleanStatic,holdout,84,84.19172072,4,30,2104543018,2105043018,5556747.043826001,2105772.695044517,random5_k3,3,1.4628919327830987
cleanStatic,holdout,84,84.19172072,4,30,2104543018,2105043018,5556747.043826001,2105772.695044517,random1_k5,5,2.8904443999349025
cleanStatic,holdout,84,84.19172072,4,30,2104543018,2105043018,5556747.043826001,2105772.695044517,random2_k5,5,4.456823935246207
cleanStatic,holdout,84,84.19172072,4,30,2104543018,2105043018,5556747.043826001,2105772.695044517,random3_k5,5,5.3914316169920955
cleanStatic,holdout,84,84.19172072,4,30,2104543018,2105043018,5556747.043826001,2105772.695044517,random4_k5,5,2.4901803460345318
cleanStatic,holdout,84,84.19172072,4,30,2104543018,2105043018,5556747.043826001,2105772.695044517,random5_k5,5,8.59993085364789
cleanStatic,holdout,84,84.19172072,4,30,2104543018,2105043018,5556747.043826001,2105772.695044517,random1_k9,9,5.937988408391486
cleanStatic,holdout,84,84.19172072,4,30,2104543018,2105043018,5556747.043826001,2105772.695044517,random2_k9,9,3.4303967617769966
cleanStatic,holdout,84,84.19172072,4,30,2104543018,2105043018,5556747.043826001,2105772.695044517,random3_k9,9,5.005103201635055
cleanStatic,holdout,84,84.19172072,4,30,2104543018,2105043018,5556747.043826001,2105772.695044517,random4_k9,9,4.392969767886313
cleanStatic,holdout,84,84.19172072,4,30,2104543018,2105043018,5556747.043826001,2105772.695044517,random5_k9,9,3.094043037653008
cleanStatic,holdout,84,84.01067012,5,6,2100016753,2100516753,5506276.191282,4304296.694119679,dense_two_source_glrt,187,0.12255448251761633
cleanStatic,holdout,84,84.01067012,5,6,2100016753,2100516753,5506276.191282,4304296.694119679,dense_one_source_residual,187,0.48427168214049643
cleanStatic,holdout,84,84.01067012,5,6,2100016753,2100516753,5506276.191282,4304296.694119679,raw_power_only,0,5506276.191282
cleanStatic,holdout,84,84.01067012,5,6,2100016753,2100516753,5506276.191282,4304296.694119679,analytic_sparse_k3,3,0.12615619342266224
cleanStatic,holdout,84,84.01067012,5,6,2100016753,2100516753,5506276.191282,4304296.694119679,uniform_k3,3,0.6222276242066561
cleanStatic,holdout,84,84.01067012,5,6,2100016753,2100516753,5506276.191282,4304296.694119679,shuffled_k3,3,0.17578891812008715
cleanStatic,holdout,84,84.01067012,5,6,2100016753,2100516753,5506276.191282,4304296.694119679,analytic_sparse_k5,5,0.19174028473089058
cleanStatic,holdout,84,84.01067012,5,6,2100016753,2100516753,5506276.191282,4304296.694119679,uniform_k5,5,0.21206597536598037
cleanStatic,holdout,84,84.01067012,5,6,2100016753,2100516753,5506276.191282,4304296.694119679,shuffled_k5,5,0.25976005592583745
cleanStatic,holdout,84,84.01067012,5,6,2100016753,2100516753,5506276.191282,4304296.694119679,analytic_sparse_k9,9,0.14502142482104427
cleanStatic,holdout,84,84.01067012,5,6,2100016753,2100516753,5506276.191282,4304296.694119679,uniform_k9,9,0.08625396118417337
cleanStatic,holdout,84,84.01067012,5,6,2100016753,2100516753,5506276.191282,4304296.694119679,shuffled_k9,9,0.2387588243710813
cleanStatic,holdout,84,84.01067012,5,6,2100016753,2100516753,5506276.191282,4304296.694119679,ai_sparse_k3,3,0.5382277376554921
cleanStatic,holdout,84,84.01067012,5,6,2100016753,2100516753,5506276.191282,4304296.694119679,pg_scc_k3,3,0.49284604881367394
cleanStatic,holdout,84,84.01067012,5,6,2100016753,2100516753,5506276.191282,4304296.694119679,ai_sparse_k5,5,0.4774861276748107
cleanStatic,holdout,84,84.01067012,5,6,2100016753,2100516753,5506276.191282,4304296.694119679,pg_scc_k5,5,0.12218847661133987
cleanStatic,holdout,84,84.01067012,5,6,2100016753,2100516753,5506276.191282,4304296.694119679,ai_sparse_k9,9,0.39448424758519
cleanStatic,holdout,84,84.01067012,5,6,2100016753,2100516753,5506276.191282,4304296.694119679,pg_scc_k9,9,0.17313002591058954
cleanStatic,holdout,84,84.01067012,5,6,2100016753,2100516753,5506276.191282,4304296.694119679,epl3,3,0.24609750232898167
cleanStatic,holdout,84,84.01067012,5,6,2100016753,2100516753,5506276.191282,4304296.694119679,fixed9,9,0.4947396103431343
cleanStatic,holdout,84,84.01067012,5,6,2100016753,2100516753,5506276.191282,4304296.694119679,random1_k3,3,0.304344058278963
cleanStatic,holdout,84,84.01067012,5,6,2100016753,2100516753,5506276.191282,4304296.694119679,random2_k3,3,0.4634501248876656
cleanStatic,holdout,84,84.01067012,5,6,2100016753,2100516753,5506276.191282,4304296.694119679,random3_k3,3,0.5458524317163093
cleanStatic,holdout,84,84.01067012,5,6,2100016753,2100516753,5506276.191282,4304296.694119679,random4_k3,3,0.05654307199225759
cleanStatic,holdout,84,84.01067012,5,6,2100016753,2100516753,5506276.191282,4304296.694119679,random5_k3,3,0.4192586743525724
cleanStatic,holdout,84,84.01067012,5,6,2100016753,2100516753,5506276.191282,4304296.694119679,random1_k5,5,0.32895912380722087
cleanStatic,holdout,84,84.01067012,5,6,2100016753,2100516753,5506276.191282,4304296.694119679,random2_k5,5,0.35969031960552744
cleanStatic,holdout,84,84.01067012,5,6,2100016753,2100516753,5506276.191282,4304296.694119679,random3_k5,5,0.37763889847211296
cleanStatic,holdout,84,84.01067012,5,6,2100016753,2100516753,5506276.191282,4304296.694119679,random4_k5,5,0.018095050904707012
cleanStatic,holdout,84,84.01067012,5,6,2100016753,2100516753,5506276.191282,4304296.694119679,random5_k5,5,0.2217511617904066
cleanStatic,holdout,84,84.01067012,5,6,2100016753,2100516753,5506276.191282,4304296.694119679,random1_k9,9,0.24471903856979946
cleanStatic,holdout,84,84.01067012,5,6,2100016753,2100516753,5506276.191282,4304296.694119679,random2_k9,9,0.14266040606347874
cleanStatic,holdout,84,84.01067012,5,6,2100016753,2100516753,5506276.191282,4304296.694119679,random3_k9,9,0.10947634260924641
cleanStatic,holdout,84,84.01067012,5,6,2100016753,2100516753,5506276.191282,4304296.694119679,random4_k9,9,0.1278841113519128
cleanStatic,holdout,84,84.01067012,5,6,2100016753,2100516753,5506276.191282,4304296.694119679,random5_k9,9,0.03417186946215736
cleanStatic,holdout,84,84.01715872,6,7,2100178968,2100678968,5511135.913412,4103901.800271295,dense_two_source_glrt,187,0.19649990967699138
cleanStatic,holdout,84,84.01715872,6,7,2100178968,2100678968,5511135.913412,4103901.800271295,dense_one_source_residual,187,1.3613695570853341
cleanStatic,holdout,84,84.01715872,6,7,2100178968,2100678968,5511135.913412,4103901.800271295,raw_power_only,0,5511135.913412
cleanStatic,holdout,84,84.01715872,6,7,2100178968,2100678968,5511135.913412,4103901.800271295,analytic_sparse_k3,3,0.5648447232449778
cleanStatic,holdout,84,84.01715872,6,7,2100178968,2100678968,5511135.913412,4103901.800271295,uniform_k3,3,1.907012813152843
cleanStatic,holdout,84,84.01715872,6,7,2100178968,2100678968,5511135.913412,4103901.800271295,shuffled_k3,3,0.5634652300739953
cleanStatic,holdout,84,84.01715872,6,7,2100178968,2100678968,5511135.913412,4103901.800271295,analytic_sparse_k5,5,0.7068022337193585
cleanStatic,holdout,84,84.01715872,6,7,2100178968,2100678968,5511135.913412,4103901.800271295,uniform_k5,5,1.6146285407459378
cleanStatic,holdout,84,84.01715872,6,7,2100178968,2100678968,5511135.913412,4103901.800271295,shuffled_k5,5,0.9626718605144863
cleanStatic,holdout,84,84.01715872,6,7,2100178968,2100678968,5511135.913412,4103901.800271295,analytic_sparse_k9,9,0.5823727970940706
cleanStatic,holdout,84,84.01715872,6,7,2100178968,2100678968,5511135.913412,4103901.800271295,uniform_k9,9,0.2750494364664113
cleanStatic,holdout,84,84.01715872,6,7,2100178968,2100678968,5511135.913412,4103901.800271295,shuffled_k9,9,0.6284359788505678
cleanStatic,holdout,84,84.01715872,6,7,2100178968,2100678968,5511135.913412,4103901.800271295,ai_sparse_k3,3,0.08188231130922134
cleanStatic,holdout,84,84.01715872,6,7,2100178968,2100678968,5511135.913412,4103901.800271295,pg_scc_k3,3,0.037273848265243575
cleanStatic,holdout,84,84.01715872,6,7,2100178968,2100678968,5511135.913412,4103901.800271295,ai_sparse_k5,5,0.1893180088239323
cleanStatic,holdout,84,84.01715872,6,7,2100178968,2100678968,5511135.913412,4103901.800271295,pg_scc_k5,5,0.025864699789375712
cleanStatic,holdout,84,84.01715872,6,7,2100178968,2100678968,5511135.913412,4103901.800271295,ai_sparse_k9,9,0.27548307297307406
cleanStatic,holdout,84,84.01715872,6,7,2100178968,2100678968,5511135.913412,4103901.800271295,pg_scc_k9,9,0.07235324949907936
cleanStatic,holdout,84,84.01715872,6,7,2100178968,2100678968,5511135.913412,4103901.800271295,epl3,3,0.8246830806665807
cleanStatic,holdout,84,84.01715872,6,7,2100178968,2100678968,5511135.913412,4103901.800271295,fixed9,9,0.35979769553631974
cleanStatic,holdout,84,84.01715872,6,7,2100178968,2100678968,5511135.913412,4103901.800271295,random1_k3,3,0.7737594238094365
cleanStatic,holdout,84,84.01715872,6,7,2100178968,2100678968,5511135.913412,4103901.800271295,random2_k3,3,1.6109749014886703
cleanStatic,holdout,84,84.01715872,6,7,2100178968,2100678968,5511135.913412,4103901.800271295,random3_k3,3,0.4769167133607433
cleanStatic,holdout,84,84.01715872,6,7,2100178968,2100678968,5511135.913412,4103901.800271295,random4_k3,3,0.8390737410947541
cleanStatic,holdout,84,84.01715872,6,7,2100178968,2100678968,5511135.913412,4103901.800271295,random5_k3,3,1.1531089063631257
cleanStatic,holdout,84,84.01715872,6,7,2100178968,2100678968,5511135.913412,4103901.800271295,random1_k5,5,0.31752737795506913
cleanStatic,holdout,84,84.01715872,6,7,2100178968,2100678968,5511135.913412,4103901.800271295,random2_k5,5,0.1901211712369218
cleanStatic,holdout,84,84.01715872,6,7,2100178968,2100678968,5511135.913412,4103901.800271295,random3_k5,5,0.26400543181218045
cleanStatic,holdout,84,84.01715872,6,7,2100178968,2100678968,5511135.913412,4103901.800271295,random4_k5,5,0.8227140039136274
cleanStatic,holdout,84,84.01715872,6,7,2100178968,2100678968,5511135.913412,4103901.800271295,random5_k5,5,0.5824386376775366
cleanStatic,holdout,84,84.01715872,6,7,2100178968,2100678968,5511135.913412,4103901.800271295,random1_k9,9,0.302620798053292
cleanStatic,holdout,84,84.01715872,6,7,2100178968,2100678968,5511135.913412,4103901.800271295,random2_k9,9,0.6561981276189477
cleanStatic,holdout,84,84.01715872,6,7,2100178968,2100678968,5511135.913412,4103901.800271295,random3_k9,9,0.3816504222941613
cleanStatic,holdout,84,84.01715872,6,7,2100178968,2100678968,5511135.913412,4103901.800271295,random4_k9,9,0.7907072209227781
cleanStatic,holdout,84,84.01715872,6,7,2100178968,2100678968,5511135.913412,4103901.800271295,random5_k9,9,0.16137080822924194
cleanStatic,holdout,84,84.01036244,7,10,2100009061,2100509061,5506774.734708,2481826.3815690726,dense_two_source_glrt,187,0.6656061349698245
cleanStatic,holdout,84,84.01036244,7,10,2100009061,2100509061,5506774.734708,2481826.3815690726,dense_one_source_residual,187,1.7809164705116858
cleanStatic,holdout,84,84.01036244,7,10,2100009061,2100509061,5506774.734708,2481826.3815690726,raw_power_only,0,5506774.734708
cleanStatic,holdout,84,84.01036244,7,10,2100009061,2100509061,5506774.734708,2481826.3815690726,analytic_sparse_k3,3,0.48852284355417647
cleanStatic,holdout,84,84.01036244,7,10,2100009061,2100509061,5506774.734708,2481826.3815690726,uniform_k3,3,0.9076984002896852
cleanStatic,holdout,84,84.01036244,7,10,2100009061,2100509061,5506774.734708,2481826.3815690726,shuffled_k3,3,1.5504286398479603
cleanStatic,holdout,84,84.01036244,7,10,2100009061,2100509061,5506774.734708,2481826.3815690726,analytic_sparse_k5,5,0.41654067429327774
cleanStatic,holdout,84,84.01036244,7,10,2100009061,2100509061,5506774.734708,2481826.3815690726,uniform_k5,5,0.8643928738188095
cleanStatic,holdout,84,84.01036244,7,10,2100009061,2100509061,5506774.734708,2481826.3815690726,shuffled_k5,5,0.5793408691059346
cleanStatic,holdout,84,84.01036244,7,10,2100009061,2100509061,5506774.734708,2481826.3815690726,analytic_sparse_k9,9,0.8833594355944636
cleanStatic,holdout,84,84.01036244,7,10,2100009061,2100509061,5506774.734708,2481826.3815690726,uniform_k9,9,0.7442636610717699
cleanStatic,holdout,84,84.01036244,7,10,2100009061,2100509061,5506774.734708,2481826.3815690726,shuffled_k9,9,0.2856780628299215
cleanStatic,holdout,84,84.01036244,7,10,2100009061,2100509061,5506774.734708,2481826.3815690726,ai_sparse_k3,3,0.5609617802477967
cleanStatic,holdout,84,84.01036244,7,10,2100009061,2100509061,5506774.734708,2481826.3815690726,pg_scc_k3,3,1.3353499551435088
cleanStatic,holdout,84,84.01036244,7,10,2100009061,2100509061,5506774.734708,2481826.3815690726,ai_sparse_k5,5,0.5683707301439043
cleanStatic,holdout,84,84.01036244,7,10,2100009061,2100509061,5506774.734708,2481826.3815690726,pg_scc_k5,5,0.8812535709606417
cleanStatic,holdout,84,84.01036244,7,10,2100009061,2100509061,5506774.734708,2481826.3815690726,ai_sparse_k9,9,0.5829466658707534
cleanStatic,holdout,84,84.01036244,7,10,2100009061,2100509061,5506774.734708,2481826.3815690726,pg_scc_k9,9,1.4446352670350704
cleanStatic,holdout,84,84.01036244,7,10,2100009061,2100509061,5506774.734708,2481826.3815690726,epl3,3,0.16042150986276413
cleanStatic,holdout,84,84.01036244,7,10,2100009061,2100509061,5506774.734708,2481826.3815690726,fixed9,9,0.1227688605683111
cleanStatic,holdout,84,84.01036244,7,10,2100009061,2100509061,5506774.734708,2481826.3815690726,random1_k3,3,0.2472435524447764
cleanStatic,holdout,84,84.01036244,7,10,2100009061,2100509061,5506774.734708,2481826.3815690726,random2_k3,3,0.6039585598273464
cleanStatic,holdout,84,84.01036244,7,10,2100009061,2100509061,5506774.734708,2481826.3815690726,random3_k3,3,1.3321221402213739
cleanStatic,holdout,84,84.01036244,7,10,2100009061,2100509061,5506774.734708,2481826.3815690726,random4_k3,3,0.34799024789877975
cleanStatic,holdout,84,84.01036244,7,10,2100009061,2100509061,5506774.734708,2481826.3815690726,random5_k3,3,1.2623872916382384
cleanStatic,holdout,84,84.01036244,7,10,2100009061,2100509061,5506774.734708,2481826.3815690726,random1_k5,5,2.050860120283415
cleanStatic,holdout,84,84.01036244,7,10,2100009061,2100509061,5506774.734708,2481826.3815690726,random2_k5,5,1.0662601421190316
cleanStatic,holdout,84,84.01036244,7,10,2100009061,2100509061,5506774.734708,2481826.3815690726,random3_k5,5,0.24758172211641574
cleanStatic,holdout,84,84.01036244,7,10,2100009061,2100509061,5506774.734708,2481826.3815690726,random4_k5,5,1.5081272314322571
cleanStatic,holdout,84,84.01036244,7,10,2100009061,2100509061,5506774.734708,2481826.3815690726,random5_k5,5,0.5983340803716691
cleanStatic,holdout,84,84.01036244,7,10,2100009061,2100509061,5506774.734708,2481826.3815690726,random1_k9,9,1.3921750299048057
cleanStatic,holdout,84,84.01036244,7,10,2100009061,2100509061,5506774.734708,2481826.3815690726,random2_k9,9,1.2517366663483875
cleanStatic,holdout,84,84.01036244,7,10,2100009061,2100509061,5506774.734708,2481826.3815690726,random3_k9,9,0.6046164842606182
cleanStatic,holdout,84,84.01036244,7,10,2100009061,2100509061,5506774.734708,2481826.3815690726,random4_k9,9,0.8677406638952481
cleanStatic,holdout,84,84.01036244,7,10,2100009061,2100509061,5506774.734708,2481826.3815690726,random5_k9,9,0.3167068999498273
cleanStatic,holdout,84,84.01363612,8,13,2100090903,2100590903,5508373.728437999,6103331.252471356,dense_two_source_glrt,187,0.06600604245516951
cleanStatic,holdout,84,84.01363612,8,13,2100090903,2100590903,5508373.728437999,6103331.252471356,dense_one_source_residual,187,0.3873248811465801
cleanStatic,holdout,84,84.01363612,8,13,2100090903,2100590903,5508373.728437999,6103331.252471356,raw_power_only,0,5508373.728437999
cleanStatic,holdout,84,84.01363612,8,13,2100090903,2100590903,5508373.728437999,6103331.252471356,analytic_sparse_k3,3,0.14128412816541588
cleanStatic,holdout,84,84.01363612,8,13,2100090903,2100590903,5508373.728437999,6103331.252471356,uniform_k3,3,0.19975508438986245
cleanStatic,holdout,84,84.01363612,8,13,2100090903,2100590903,5508373.728437999,6103331.252471356,shuffled_k3,3,0.07741632347744053
cleanStatic,holdout,84,84.01363612,8,13,2100090903,2100590903,5508373.728437999,6103331.252471356,analytic_sparse_k5,5,0.1706701440425292
cleanStatic,holdout,84,84.01363612,8,13,2100090903,2100590903,5508373.728437999,6103331.252471356,uniform_k5,5,0.06681395367199579
cleanStatic,holdout,84,84.01363612,8,13,2100090903,2100590903,5508373.728437999,6103331.252471356,shuffled_k5,5,0.2645179679070809
cleanStatic,holdout,84,84.01363612,8,13,2100090903,2100590903,5508373.728437999,6103331.252471356,analytic_sparse_k9,9,0.16154657865464056
cleanStatic,holdout,84,84.01363612,8,13,2100090903,2100590903,5508373.728437999,6103331.252471356,uniform_k9,9,0.06135340904459577
cleanStatic,holdout,84,84.01363612,8,13,2100090903,2100590903,5508373.728437999,6103331.252471356,shuffled_k9,9,0.15775714688045028
cleanStatic,holdout,84,84.01363612,8,13,2100090903,2100590903,5508373.728437999,6103331.252471356,ai_sparse_k3,3,0.35890807489576515
cleanStatic,holdout,84,84.01363612,8,13,2100090903,2100590903,5508373.728437999,6103331.252471356,pg_scc_k3,3,0.21155496157196207
cleanStatic,holdout,84,84.01363612,8,13,2100090903,2100590903,5508373.728437999,6103331.252471356,ai_sparse_k5,5,0.40292091578671957
cleanStatic,holdout,84,84.01363612,8,13,2100090903,2100590903,5508373.728437999,6103331.252471356,pg_scc_k5,5,0.01774392205339721
cleanStatic,holdout,84,84.01363612,8,13,2100090903,2100590903,5508373.728437999,6103331.252471356,ai_sparse_k9,9,0.19215758053910764
cleanStatic,holdout,84,84.01363612,8,13,2100090903,2100590903,5508373.728437999,6103331.252471356,pg_scc_k9,9,0.012963743262642158
cleanStatic,holdout,84,84.01363612,8,13,2100090903,2100590903,5508373.728437999,6103331.252471356,epl3,3,0.3192170738800673
cleanStatic,holdout,84,84.01363612,8,13,2100090903,2100590903,5508373.728437999,6103331.252471356,fixed9,9,0.25820854645189034
cleanStatic,holdout,84,84.01363612,8,13,2100090903,2100590903,5508373.728437999,6103331.252471356,random1_k3,3,0.3868758140367951
cleanStatic,holdout,84,84.01363612,8,13,2100090903,2100590903,5508373.728437999,6103331.252471356,random2_k3,3,0.2871002494808623
cleanStatic,holdout,84,84.01363612,8,13,2100090903,2100590903,5508373.728437999,6103331.252471356,random3_k3,3,0.4569726497337547
cleanStatic,holdout,84,84.01363612,8,13,2100090903,2100590903,5508373.728437999,6103331.252471356,random4_k3,3,0.26230907981059687
cleanStatic,holdout,84,84.01363612,8,13,2100090903,2100590903,5508373.728437999,6103331.252471356,random5_k3,3,0.1491656579705359
cleanStatic,holdout,84,84.01363612,8,13,2100090903,2100590903,5508373.728437999,6103331.252471356,random1_k5,5,0.13916496501434694
cleanStatic,holdout,84,84.01363612,8,13,2100090903,2100590903,5508373.728437999,6103331.252471356,random2_k5,5,0.10524344365801257
cleanStatic,holdout,84,84.01363612,8,13,2100090903,2100590903,5508373.728437999,6103331.252471356,random3_k5,5,0.17455085058925182
cleanStatic,holdout,84,84.01363612,8,13,2100090903,2100590903,5508373.728437999,6103331.252471356,random4_k5,5,0.1502752722560087
cleanStatic,holdout,84,84.01363612,8,13,2100090903,2100590903,5508373.728437999,6103331.252471356,random5_k5,5,0.11683749369009808
cleanStatic,holdout,84,84.01363612,8,13,2100090903,2100590903,5508373.728437999,6103331.252471356,random1_k9,9,0.16397518701194735
cleanStatic,holdout,84,84.01363612,8,13,2100090903,2100590903,5508373.728437999,6103331.252471356,random2_k9,9,0.07779552762826356
cleanStatic,holdout,84,84.01363612,8,13,2100090903,2100590903,5508373.728437999,6103331.252471356,random3_k9,9,0.18938308568003825
cleanStatic,holdout,84,84.01363612,8,13,2100090903,2100590903,5508373.728437999,6103331.252471356,random4_k9,9,0.06662666707886783
cleanStatic,holdout,84,84.01363612,8,13,2100090903,2100590903,5508373.728437999,6103331.252471356,random5_k9,9,0.10087498436108705
cleanStatic,holdout,84,84.01945604,9,19,2100236401,2100736401,5521842.406334,4792063.422172375,dense_two_source_glrt,187,0.15330071472280216
cleanStatic,holdout,84,84.01945604,9,19,2100236401,2100736401,5521842.406334,4792063.422172375,dense_one_source_residual,187,1.1678644490100754
cleanStatic,holdout,84,84.01945604,9,19,2100236401,2100736401,5521842.406334,4792063.422172375,raw_power_only,0,5521842.406334
cleanStatic,holdout,84,84.01945604,9,19,2100236401,2100736401,5521842.406334,4792063.422172375,analytic_sparse_k3,3,0.26745112790341335
cleanStatic,holdout,84,84.01945604,9,19,2100236401,2100736401,5521842.406334,4792063.422172375,uniform_k3,3,0.7018428486403975
cleanStatic,holdout,84,84.01945604,9,19,2100236401,2100736401,5521842.406334,4792063.422172375,shuffled_k3,3,0.3033788551377561
cleanStatic,holdout,84,84.01945604,9,19,2100236401,2100736401,5521842.406334,4792063.422172375,analytic_sparse_k5,5,0.3793827139012621
cleanStatic,holdout,84,84.01945604,9,19,2100236401,2100736401,5521842.406334,4792063.422172375,uniform_k5,5,0.25137546674261363
cleanStatic,holdout,84,84.01945604,9,19,2100236401,2100736401,5521842.406334,4792063.422172375,shuffled_k5,5,0.3198802380587583
cleanStatic,holdout,84,84.01945604,9,19,2100236401,2100736401,5521842.406334,4792063.422172375,analytic_sparse_k9,9,0.3367018871960774
cleanStatic,holdout,84,84.01945604,9,19,2100236401,2100736401,5521842.406334,4792063.422172375,uniform_k9,9,0.11443143642078872
cleanStatic,holdout,84,84.01945604,9,19,2100236401,2100736401,5521842.406334,4792063.422172375,shuffled_k9,9,0.7542042436559286
cleanStatic,holdout,84,84.01945604,9,19,2100236401,2100736401,5521842.406334,4792063.422172375,ai_sparse_k3,3,0.4733957537610836
cleanStatic,holdout,84,84.01945604,9,19,2100236401,2100736401,5521842.406334,4792063.422172375,pg_scc_k3,3,1.0344329526914906
cleanStatic,holdout,84,84.01945604,9,19,2100236401,2100736401,5521842.406334,4792063.422172375,ai_sparse_k5,5,0.7018933373252952
cleanStatic,holdout,84,84.01945604,9,19,2100236401,2100736401,5521842.406334,4792063.422172375,pg_scc_k5,5,0.37952766018880346
cleanStatic,holdout,84,84.01945604,9,19,2100236401,2100736401,5521842.406334,4792063.422172375,ai_sparse_k9,9,0.5926729781847564
cleanStatic,holdout,84,84.01945604,9,19,2100236401,2100736401,5521842.406334,4792063.422172375,pg_scc_k9,9,0.4442396261678141
cleanStatic,holdout,84,84.01945604,9,19,2100236401,2100736401,5521842.406334,4792063.422172375,epl3,3,1.291434753353033
cleanStatic,holdout,84,84.01945604,9,19,2100236401,2100736401,5521842.406334,4792063.422172375,fixed9,9,1.1368613761860882
cleanStatic,holdout,84,84.01945604,9,19,2100236401,2100736401,5521842.406334,4792063.422172375,random1_k3,3,0.8285672142674775
cleanStatic,holdout,84,84.01945604,9,19,2100236401,2100736401,5521842.406334,4792063.422172375,random2_k3,3,0.8638413865347503
cleanStatic,holdout,84,84.01945604,9,19,2100236401,2100736401,5521842.406334,4792063.422172375,random3_k3,3,0.9438094474427712
cleanStatic,holdout,84,84.01945604,9,19,2100236401,2100736401,5521842.406334,4792063.422172375,random4_k3,3,0.8088616372206686
cleanStatic,holdout,84,84.01945604,9,19,2100236401,2100736401,5521842.406334,4792063.422172375,random5_k3,3,0.24948439907191897
cleanStatic,holdout,84,84.01945604,9,19,2100236401,2100736401,5521842.406334,4792063.422172375,random1_k5,5,0.20966793104733536
cleanStatic,holdout,84,84.01945604,9,19,2100236401,2100736401,5521842.406334,4792063.422172375,random2_k5,5,0.24385854787112296
cleanStatic,holdout,84,84.01945604,9,19,2100236401,2100736401,5521842.406334,4792063.422172375,random3_k5,5,0.48692424373054377
cleanStatic,holdout,84,84.01945604,9,19,2100236401,2100736401,5521842.406334,4792063.422172375,random4_k5,5,0.8429135602664756
cleanStatic,holdout,84,84.01945604,9,19,2100236401,2100736401,5521842.406334,4792063.422172375,random5_k5,5,0.4172936321813638
cleanStatic,holdout,84,84.01945604,9,19,2100236401,2100736401,5521842.406334,4792063.422172375,random1_k9,9,0.2996718043147298
cleanStatic,holdout,84,84.01945604,9,19,2100236401,2100736401,5521842.406334,4792063.422172375,random2_k9,9,0.19074857393765163
cleanStatic,holdout,84,84.01945604,9,19,2100236401,2100736401,5521842.406334,4792063.422172375,random3_k9,9,0.4745347727214294
cleanStatic,holdout,84,84.01945604,9,19,2100236401,2100736401,5521842.406334,4792063.422172375,random4_k9,9,0.3521712641409018
cleanStatic,holdout,84,84.01945604,9,19,2100236401,2100736401,5521842.406334,4792063.422172375,random5_k9,9,0.4364584683643964
cleanStatic,holdout,84,84.01062508,10,23,2100015627,2100515627,5506095.142984001,6456908.9247421315,dense_two_source_glrt,187,0.02015093312601012
cleanStatic,holdout,84,84.01062508,10,23,2100015627,2100515627,5506095.142984001,6456908.9247421315,dense_one_source_residual,187,0.15488086254824857
cleanStatic,holdout,84,84.01062508,10,23,2100015627,2100515627,5506095.142984001,6456908.9247421315,raw_power_only,0,5506095.142984001
cleanStatic,holdout,84,84.01062508,10,23,2100015627,2100515627,5506095.142984001,6456908.9247421315,analytic_sparse_k3,3,0.021889985139822796
cleanStatic,holdout,84,84.01062508,10,23,2100015627,2100515627,5506095.142984001,6456908.9247421315,uniform_k3,3,0.04670494026642899
cleanStatic,holdout,84,84.01062508,10,23,2100015627,2100515627,5506095.142984001,6456908.9247421315,shuffled_k3,3,0.05036587549463381
cleanStatic,holdout,84,84.01062508,10,23,2100015627,2100515627,5506095.142984001,6456908.9247421315,analytic_sparse_k5,5,0.04594699597225206
cleanStatic,holdout,84,84.01062508,10,23,2100015627,2100515627,5506095.142984001,6456908.9247421315,uniform_k5,5,0.02413115475382762
cleanStatic,holdout,84,84.01062508,10,23,2100015627,2100515627,5506095.142984001,6456908.9247421315,shuffled_k5,5,0.04230883576788689
cleanStatic,holdout,84,84.01062508,10,23,2100015627,2100515627,5506095.142984001,6456908.9247421315,analytic_sparse_k9,9,0.014387202713023801
cleanStatic,holdout,84,84.01062508,10,23,2100015627,2100515627,5506095.142984001,6456908.9247421315,uniform_k9,9,0.029921106319156763
cleanStatic,holdout,84,84.01062508,10,23,2100015627,2100515627,5506095.142984001,6456908.9247421315,shuffled_k9,9,0.08170289085248972
cleanStatic,holdout,84,84.01062508,10,23,2100015627,2100515627,5506095.142984001,6456908.9247421315,ai_sparse_k3,3,0.24661751385700717
cleanStatic,holdout,84,84.01062508,10,23,2100015627,2100515627,5506095.142984001,6456908.9247421315,pg_scc_k3,3,0.01619091345880284
cleanStatic,holdout,84,84.01062508,10,23,2100015627,2100515627,5506095.142984001,6456908.9247421315,ai_sparse_k5,5,0.2609419729715135
cleanStatic,holdout,84,84.01062508,10,23,2100015627,2100515627,5506095.142984001,6456908.9247421315,pg_scc_k5,5,0.0803273543756963
cleanStatic,holdout,84,84.01062508,10,23,2100015627,2100515627,5506095.142984001,6456908.9247421315,ai_sparse_k9,9,0.060880447548937906
cleanStatic,holdout,84,84.01062508,10,23,2100015627,2100515627,5506095.142984001,6456908.9247421315,pg_scc_k9,9,0.038316100243425036
cleanStatic,holdout,84,84.01062508,10,23,2100015627,2100515627,5506095.142984001,6456908.9247421315,epl3,3,0.08142845347972792
cleanStatic,holdout,84,84.01062508,10,23,2100015627,2100515627,5506095.142984001,6456908.9247421315,fixed9,9,0.018736763366081915
cleanStatic,holdout,84,84.01062508,10,23,2100015627,2100515627,5506095.142984001,6456908.9247421315,random1_k3,3,0.12213101234382051
cleanStatic,holdout,84,84.01062508,10,23,2100015627,2100515627,5506095.142984001,6456908.9247421315,random2_k3,3,0.021405085194040635
cleanStatic,holdout,84,84.01062508,10,23,2100015627,2100515627,5506095.142984001,6456908.9247421315,random3_k3,3,0.021262660151062537
cleanStatic,holdout,84,84.01062508,10,23,2100015627,2100515627,5506095.142984001,6456908.9247421315,random4_k3,3,0.01769114269500691
cleanStatic,holdout,84,84.01062508,10,23,2100015627,2100515627,5506095.142984001,6456908.9247421315,random5_k3,3,0.027157104687949702
cleanStatic,holdout,84,84.01062508,10,23,2100015627,2100515627,5506095.142984001,6456908.9247421315,random1_k5,5,0.010307211048746334
cleanStatic,holdout,84,84.01062508,10,23,2100015627,2100515627,5506095.142984001,6456908.9247421315,random2_k5,5,0.02780856319627939
cleanStatic,holdout,84,84.01062508,10,23,2100015627,2100515627,5506095.142984001,6456908.9247421315,random3_k5,5,0.08200159653950288
cleanStatic,holdout,84,84.01062508,10,23,2100015627,2100515627,5506095.142984001,6456908.9247421315,random4_k5,5,0.01667714671745585
cleanStatic,holdout,84,84.01062508,10,23,2100015627,2100515627,5506095.142984001,6456908.9247421315,random5_k5,5,0.25594910884810207
cleanStatic,holdout,84,84.01062508,10,23,2100015627,2100515627,5506095.142984001,6456908.9247421315,random1_k9,9,0.2340935362812545
cleanStatic,holdout,84,84.01062508,10,23,2100015627,2100515627,5506095.142984001,6456908.9247421315,random2_k9,9,0.030361797028275597
cleanStatic,holdout,84,84.01062508,10,23,2100015627,2100515627,5506095.142984001,6456908.9247421315,random3_k9,9,0.05724500443474542
cleanStatic,holdout,84,84.01062508,10,23,2100015627,2100515627,5506095.142984001,6456908.9247421315,random4_k9,9,0.01610166172001031
cleanStatic,holdout,84,84.01062508,10,23,2100015627,2100515627,5506095.142984001,6456908.9247421315,random5_k9,9,0.07064333540483214
cleanStatic,holdout,85,85.0063546,0,16,2124908865,2125408865,5553933.990106,5209792.903194746,dense_two_source_glrt,187,0.10596851644309332
cleanStatic,holdout,85,85.0063546,0,16,2124908865,2125408865,5553933.990106,5209792.903194746,dense_one_source_residual,187,0.545975952532289
cleanStatic,holdout,85,85.0063546,0,16,2124908865,2125408865,5553933.990106,5209792.903194746,raw_power_only,0,5553933.990106
cleanStatic,holdout,85,85.0063546,0,16,2124908865,2125408865,5553933.990106,5209792.903194746,analytic_sparse_k3,3,0.1730068342277734
cleanStatic,holdout,85,85.0063546,0,16,2124908865,2125408865,5553933.990106,5209792.903194746,uniform_k3,3,0.08939638300491361
cleanStatic,holdout,85,85.0063546,0,16,2124908865,2125408865,5553933.990106,5209792.903194746,shuffled_k3,3,0.21094466223262487
cleanStatic,holdout,85,85.0063546,0,16,2124908865,2125408865,5553933.990106,5209792.903194746,analytic_sparse_k5,5,0.2542625717711283
cleanStatic,holdout,85,85.0063546,0,16,2124908865,2125408865,5553933.990106,5209792.903194746,uniform_k5,5,0.13187318481774354
cleanStatic,holdout,85,85.0063546,0,16,2124908865,2125408865,5553933.990106,5209792.903194746,shuffled_k5,5,0.2349727749873276
cleanStatic,holdout,85,85.0063546,0,16,2124908865,2125408865,5553933.990106,5209792.903194746,analytic_sparse_k9,9,0.12657367672257147
cleanStatic,holdout,85,85.0063546,0,16,2124908865,2125408865,5553933.990106,5209792.903194746,uniform_k9,9,0.07423331682444287
cleanStatic,holdout,85,85.0063546,0,16,2124908865,2125408865,5553933.990106,5209792.903194746,shuffled_k9,9,0.22210287484218436
cleanStatic,holdout,85,85.0063546,0,16,2124908865,2125408865,5553933.990106,5209792.903194746,ai_sparse_k3,3,0.0597987044993284
cleanStatic,holdout,85,85.0063546,0,16,2124908865,2125408865,5553933.990106,5209792.903194746,pg_scc_k3,3,0.11423786748770365
cleanStatic,holdout,85,85.0063546,0,16,2124908865,2125408865,5553933.990106,5209792.903194746,ai_sparse_k5,5,0.047546631721329495
cleanStatic,holdout,85,85.0063546,0,16,2124908865,2125408865,5553933.990106,5209792.903194746,pg_scc_k5,5,0.12078897097378398
cleanStatic,holdout,85,85.0063546,0,16,2124908865,2125408865,5553933.990106,5209792.903194746,ai_sparse_k9,9,0.11370226350817036
cleanStatic,holdout,85,85.0063546,0,16,2124908865,2125408865,5553933.990106,5209792.903194746,pg_scc_k9,9,0.15201353212315052
cleanStatic,holdout,85,85.0063546,0,16,2124908865,2125408865,5553933.990106,5209792.903194746,epl3,3,0.2347367403780655
cleanStatic,holdout,85,85.0063546,0,16,2124908865,2125408865,5553933.990106,5209792.903194746,fixed9,9,0.0685322782783503
cleanStatic,holdout,85,85.0063546,0,16,2124908865,2125408865,5553933.990106,5209792.903194746,random1_k3,3,0.492264892986013
cleanStatic,holdout,85,85.0063546,0,16,2124908865,2125408865,5553933.990106,5209792.903194746,random2_k3,3,0.2150348410296352
cleanStatic,holdout,85,85.0063546,0,16,2124908865,2125408865,5553933.990106,5209792.903194746,random3_k3,3,0.2564945203514597
cleanStatic,holdout,85,85.0063546,0,16,2124908865,2125408865,5553933.990106,5209792.903194746,random4_k3,3,0.42643489328016804
cleanStatic,holdout,85,85.0063546,0,16,2124908865,2125408865,5553933.990106,5209792.903194746,random5_k3,3,0.3527224355078846
cleanStatic,holdout,85,85.0063546,0,16,2124908865,2125408865,5553933.990106,5209792.903194746,random1_k5,5,0.17120076982479873
cleanStatic,holdout,85,85.0063546,0,16,2124908865,2125408865,5553933.990106,5209792.903194746,random2_k5,5,0.22861200239470772
cleanStatic,holdout,85,85.0063546,0,16,2124908865,2125408865,5553933.990106,5209792.903194746,random3_k5,5,0.13356028909585962
cleanStatic,holdout,85,85.0063546,0,16,2124908865,2125408865,5553933.990106,5209792.903194746,random4_k5,5,0.26013752234882437
cleanStatic,holdout,85,85.0063546,0,16,2124908865,2125408865,5553933.990106,5209792.903194746,random5_k5,5,0.34433438431515695
cleanStatic,holdout,85,85.0063546,0,16,2124908865,2125408865,5553933.990106,5209792.903194746,random1_k9,9,0.1450212809188486
cleanStatic,holdout,85,85.0063546,0,16,2124908865,2125408865,5553933.990106,5209792.903194746,random2_k9,9,0.1866376410009891
cleanStatic,holdout,85,85.0063546,0,16,2124908865,2125408865,5553933.990106,5209792.903194746,random3_k9,9,0.41877301056992705
cleanStatic,holdout,85,85.0063546,0,16,2124908865,2125408865,5553933.990106,5209792.903194746,random4_k9,9,0.31455237068266106
cleanStatic,holdout,85,85.0063546,0,16,2124908865,2125408865,5553933.990106,5209792.903194746,random5_k9,9,0.3031249294928888
cleanStatic,holdout,85,84.99417772,1,8,2124604443,2125104443,5576237.230148,2117717.312765305,dense_two_source_glrt,187,0.30722310585146445
cleanStatic,holdout,85,84.99417772,1,8,2124604443,2125104443,5576237.230148,2117717.312765305,dense_one_source_residual,187,2.638514270033402
cleanStatic,holdout,85,84.99417772,1,8,2124604443,2125104443,5576237.230148,2117717.312765305,raw_power_only,0,5576237.230148
cleanStatic,holdout,85,84.99417772,1,8,2124604443,2125104443,5576237.230148,2117717.312765305,analytic_sparse_k3,3,0.3781468221696449
cleanStatic,holdout,85,84.99417772,1,8,2124604443,2125104443,5576237.230148,2117717.312765305,uniform_k3,3,1.5961943435627381
cleanStatic,holdout,85,84.99417772,1,8,2124604443,2125104443,5576237.230148,2117717.312765305,shuffled_k3,3,1.2627528092993119
cleanStatic,holdout,85,84.99417772,1,8,2124604443,2125104443,5576237.230148,2117717.312765305,analytic_sparse_k5,5,0.3541230102850557
cleanStatic,holdout,85,84.99417772,1,8,2124604443,2125104443,5576237.230148,2117717.312765305,uniform_k5,5,0.9948515455262632
cleanStatic,holdout,85,84.99417772,1,8,2124604443,2125104443,5576237.230148,2117717.312765305,shuffled_k5,5,1.1877910701231955
cleanStatic,holdout,85,84.99417772,1,8,2124604443,2125104443,5576237.230148,2117717.312765305,analytic_sparse_k9,9,0.6156826242222062
cleanStatic,holdout,85,84.99417772,1,8,2124604443,2125104443,5576237.230148,2117717.312765305,uniform_k9,9,0.27196776810203793
cleanStatic,holdout,85,84.99417772,1,8,2124604443,2125104443,5576237.230148,2117717.312765305,shuffled_k9,9,1.8422570224279475
cleanStatic,holdout,85,84.99417772,1,8,2124604443,2125104443,5576237.230148,2117717.312765305,ai_sparse_k3,3,0.8985257393572579
cleanStatic,holdout,85,84.99417772,1,8,2124604443,2125104443,5576237.230148,2117717.312765305,pg_scc_k3,3,1.271997777604846
cleanStatic,holdout,85,84.99417772,1,8,2124604443,2125104443,5576237.230148,2117717.312765305,ai_sparse_k5,5,2.5166565872306528
cleanStatic,holdout,85,84.99417772,1,8,2124604443,2125104443,5576237.230148,2117717.312765305,pg_scc_k5,5,0.5041387840721281
cleanStatic,holdout,85,84.99417772,1,8,2124604443,2125104443,5576237.230148,2117717.312765305,ai_sparse_k9,9,2.8075481442392785
cleanStatic,holdout,85,84.99417772,1,8,2124604443,2125104443,5576237.230148,2117717.312765305,pg_scc_k9,9,0.9016181903024112
cleanStatic,holdout,85,84.99417772,1,8,2124604443,2125104443,5576237.230148,2117717.312765305,epl3,3,1.8027858658578781
cleanStatic,holdout,85,84.99417772,1,8,2124604443,2125104443,5576237.230148,2117717.312765305,fixed9,9,2.758464217123633
cleanStatic,holdout,85,84.99417772,1,8,2124604443,2125104443,5576237.230148,2117717.312765305,random1_k3,3,2.64724783485894
cleanStatic,holdout,85,84.99417772,1,8,2124604443,2125104443,5576237.230148,2117717.312765305,random2_k3,3,1.0725142516147559
cleanStatic,holdout,85,84.99417772,1,8,2124604443,2125104443,5576237.230148,2117717.312765305,random3_k3,3,2.299304898480399
cleanStatic,holdout,85,84.99417772,1,8,2124604443,2125104443,5576237.230148,2117717.312765305,random4_k3,3,0.8440494267785318
cleanStatic,holdout,85,84.99417772,1,8,2124604443,2125104443,5576237.230148,2117717.312765305,random5_k3,3,0.08547183710796491
cleanStatic,holdout,85,84.99417772,1,8,2124604443,2125104443,5576237.230148,2117717.312765305,random1_k5,5,0.2918400470133296
cleanStatic,holdout,85,84.99417772,1,8,2124604443,2125104443,5576237.230148,2117717.312765305,random2_k5,5,1.1991828784591252
cleanStatic,holdout,85,84.99417772,1,8,2124604443,2125104443,5576237.230148,2117717.312765305,random3_k5,5,1.008372663550685
cleanStatic,holdout,85,84.99417772,1,8,2124604443,2125104443,5576237.230148,2117717.312765305,random4_k5,5,0.5839646416052261
cleanStatic,holdout,85,84.99417772,1,8,2124604443,2125104443,5576237.230148,2117717.312765305,random5_k5,5,0.3573694833599458
cleanStatic,holdout,85,84.99417772,1,8,2124604443,2125104443,5576237.230148,2117717.312765305,random1_k9,9,0.4188407083609105
cleanStatic,holdout,85,84.99417772,1,8,2124604443,2125104443,5576237.230148,2117717.312765305,random2_k9,9,0.6488525272023016
cleanStatic,holdout,85,84.99417772,1,8,2124604443,2125104443,5576237.230148,2117717.312765305,random3_k9,9,0.8025226020069027
cleanStatic,holdout,85,84.99417772,1,8,2124604443,2125104443,5576237.230148,2117717.312765305,random4_k9,9,1.1911501761945287
cleanStatic,holdout,85,84.99417772,1,8,2124604443,2125104443,5576237.230148,2117717.312765305,random5_k9,9,1.3290818225870937
cleanStatic,holdout,85,84.99052852,2,3,2124513213,2125013213,5578196.710842,5942246.481258068,dense_two_source_glrt,187,0.062243376128983854
cleanStatic,holdout,85,84.99052852,2,3,2124513213,2125013213,5578196.710842,5942246.481258068,dense_one_source_residual,187,0.25334605102566726
cleanStatic,holdout,85,84.99052852,2,3,2124513213,2125013213,5578196.710842,5942246.481258068,raw_power_only,0,5578196.710842
cleanStatic,holdout,85,84.99052852,2,3,2124513213,2125013213,5578196.710842,5942246.481258068,analytic_sparse_k3,3,0.022924741238596693
cleanStatic,holdout,85,84.99052852,2,3,2124513213,2125013213,5578196.710842,5942246.481258068,uniform_k3,3,0.3793065910763494
cleanStatic,holdout,85,84.99052852,2,3,2124513213,2125013213,5578196.710842,5942246.481258068,shuffled_k3,3,0.08126636974327663
cleanStatic,holdout,85,84.99052852,2,3,2124513213,2125013213,5578196.710842,5942246.481258068,analytic_sparse_k5,5,0.11928425696637852
cleanStatic,holdout,85,84.99052852,2,3,2124513213,2125013213,5578196.710842,5942246.481258068,uniform_k5,5,0.14372308122365288
cleanStatic,holdout,85,84.99052852,2,3,2124513213,2125013213,5578196.710842,5942246.481258068,shuffled_k5,5,0.21132912650536043
cleanStatic,holdout,85,84.99052852,2,3,2124513213,2125013213,5578196.710842,5942246.481258068,analytic_sparse_k9,9,0.11349389500603133
cleanStatic,holdout,85,84.99052852,2,3,2124513213,2125013213,5578196.710842,5942246.481258068,uniform_k9,9,0.03481167150918063
cleanStatic,holdout,85,84.99052852,2,3,2124513213,2125013213,5578196.710842,5942246.481258068,shuffled_k9,9,0.15880376225154713
cleanStatic,holdout,85,84.99052852,2,3,2124513213,2125013213,5578196.710842,5942246.481258068,ai_sparse_k3,3,0.1789884585204181
cleanStatic,holdout,85,84.99052852,2,3,2124513213,2125013213,5578196.710842,5942246.481258068,pg_scc_k3,3,0.10432076488882668
cleanStatic,holdout,85,84.99052852,2,3,2124513213,2125013213,5578196.710842,5942246.481258068,ai_sparse_k5,5,0.234896911866978
cleanStatic,holdout,85,84.99052852,2,3,2124513213,2125013213,5578196.710842,5942246.481258068,pg_scc_k5,5,0.15933554368946515
cleanStatic,holdout,85,84.99052852,2,3,2124513213,2125013213,5578196.710842,5942246.481258068,ai_sparse_k9,9,0.1365385174329189
cleanStatic,holdout,85,84.99052852,2,3,2124513213,2125013213,5578196.710842,5942246.481258068,pg_scc_k9,9,0.15564750612350384
cleanStatic,holdout,85,84.99052852,2,3,2124513213,2125013213,5578196.710842,5942246.481258068,epl3,3,0.13402343599195976
cleanStatic,holdout,85,84.99052852,2,3,2124513213,2125013213,5578196.710842,5942246.481258068,fixed9,9,0.13596905076403953
cleanStatic,holdout,85,84.99052852,2,3,2124513213,2125013213,5578196.710842,5942246.481258068,random1_k3,3,0.06418461718613917
cleanStatic,holdout,85,84.99052852,2,3,2124513213,2125013213,5578196.710842,5942246.481258068,random2_k3,3,0.05649001143059448
cleanStatic,holdout,85,84.99052852,2,3,2124513213,2125013213,5578196.710842,5942246.481258068,random3_k3,3,0.114912283568601
cleanStatic,holdout,85,84.99052852,2,3,2124513213,2125013213,5578196.710842,5942246.481258068,random4_k3,3,0.06122450565664289
cleanStatic,holdout,85,84.99052852,2,3,2124513213,2125013213,5578196.710842,5942246.481258068,random5_k3,3,0.07119484789846436
cleanStatic,holdout,85,84.99052852,2,3,2124513213,2125013213,5578196.710842,5942246.481258068,random1_k5,5,0.04811099748397687
cleanStatic,holdout,85,84.99052852,2,3,2124513213,2125013213,5578196.710842,5942246.481258068,random2_k5,5,0.22151799155180957
cleanStatic,holdout,85,84.99052852,2,3,2124513213,2125013213,5578196.710842,5942246.481258068,random3_k5,5,0.10142092073412004
cleanStatic,holdout,85,84.99052852,2,3,2124513213,2125013213,5578196.710842,5942246.481258068,random4_k5,5,0.009519545842383815
cleanStatic,holdout,85,84.99052852,2,3,2124513213,2125013213,5578196.710842,5942246.481258068,random5_k5,5,0.20595328904667717
cleanStatic,holdout,85,84.99052852,2,3,2124513213,2125013213,5578196.710842,5942246.481258068,random1_k9,9,0.17030728914465465
cleanStatic,holdout,85,84.99052852,2,3,2124513213,2125013213,5578196.710842,5942246.481258068,random2_k9,9,0.05656107779197277
cleanStatic,holdout,85,84.99052852,2,3,2124513213,2125013213,5578196.710842,5942246.481258068,random3_k9,9,0.1235165760348731
cleanStatic,holdout,85,84.99052852,2,3,2124513213,2125013213,5578196.710842,5942246.481258068,random4_k9,9,0.08173176910537824
cleanStatic,holdout,85,84.99052852,2,3,2124513213,2125013213,5578196.710842,5942246.481258068,random5_k9,9,0.15657018829641922
cleanStatic,holdout,85,85.0034058,3,20,2124835145,2125335145,5555159.138997999,2269276.4037377,dense_two_source_glrt,187,0.11030030538637417
cleanStatic,holdout,85,85.0034058,3,20,2124835145,2125335145,5555159.138997999,2269276.4037377,dense_one_source_residual,187,1.2321220415896108
cleanStatic,holdout,85,85.0034058,3,20,2124835145,2125335145,5555159.138997999,2269276.4037377,raw_power_only,0,5555159.138997999
cleanStatic,holdout,85,85.0034058,3,20,2124835145,2125335145,5555159.138997999,2269276.4037377,analytic_sparse_k3,3,0.608745727898933
cleanStatic,holdout,85,85.0034058,3,20,2124835145,2125335145,5555159.138997999,2269276.4037377,uniform_k3,3,0.5921133851422723
cleanStatic,holdout,85,85.0034058,3,20,2124835145,2125335145,5555159.138997999,2269276.4037377,shuffled_k3,3,0.4772693573629079
cleanStatic,holdout,85,85.0034058,3,20,2124835145,2125335145,5555159.138997999,2269276.4037377,analytic_sparse_k5,5,0.5261076879328215
cleanStatic,holdout,85,85.0034058,3,20,2124835145,2125335145,5555159.138997999,2269276.4037377,uniform_k5,5,0.07343224443951132
cleanStatic,holdout,85,85.0034058,3,20,2124835145,2125335145,5555159.138997999,2269276.4037377,shuffled_k5,5,0.18711597993445234
cleanStatic,holdout,85,85.0034058,3,20,2124835145,2125335145,5555159.138997999,2269276.4037377,analytic_sparse_k9,9,0.613305046436386
cleanStatic,holdout,85,85.0034058,3,20,2124835145,2125335145,5555159.138997999,2269276.4037377,uniform_k9,9,0.15734697626473132
cleanStatic,holdout,85,85.0034058,3,20,2124835145,2125335145,5555159.138997999,2269276.4037377,shuffled_k9,9,0.2715675168970572
cleanStatic,holdout,85,85.0034058,3,20,2124835145,2125335145,5555159.138997999,2269276.4037377,ai_sparse_k3,3,0.6452150478301181
cleanStatic,holdout,85,85.0034058,3,20,2124835145,2125335145,5555159.138997999,2269276.4037377,pg_scc_k3,3,0.2913585923739049
cleanStatic,holdout,85,85.0034058,3,20,2124835145,2125335145,5555159.138997999,2269276.4037377,ai_sparse_k5,5,1.126019153763655
cleanStatic,holdout,85,85.0034058,3,20,2124835145,2125335145,5555159.138997999,2269276.4037377,pg_scc_k5,5,0.3742295757210754
cleanStatic,holdout,85,85.0034058,3,20,2124835145,2125335145,5555159.138997999,2269276.4037377,ai_sparse_k9,9,0.23981059264989224
cleanStatic,holdout,85,85.0034058,3,20,2124835145,2125335145,5555159.138997999,2269276.4037377,pg_scc_k9,9,0.2471814877296704
cleanStatic,holdout,85,85.0034058,3,20,2124835145,2125335145,5555159.138997999,2269276.4037377,epl3,3,0.6477097424822946
cleanStatic,holdout,85,85.0034058,3,20,2124835145,2125335145,5555159.138997999,2269276.4037377,fixed9,9,0.47698256427152064
cleanStatic,holdout,85,85.0034058,3,20,2124835145,2125335145,5555159.138997999,2269276.4037377,random1_k3,3,0.6247525892356381
cleanStatic,holdout,85,85.0034058,3,20,2124835145,2125335145,5555159.138997999,2269276.4037377,random2_k3,3,1.5959040567936198
cleanStatic,holdout,85,85.0034058,3,20,2124835145,2125335145,5555159.138997999,2269276.4037377,random3_k3,3,0.7690005225507007
cleanStatic,holdout,85,85.0034058,3,20,2124835145,2125335145,5555159.138997999,2269276.4037377,random4_k3,3,0.8103748133290586
cleanStatic,holdout,85,85.0034058,3,20,2124835145,2125335145,5555159.138997999,2269276.4037377,random5_k3,3,0.7128540789160717
cleanStatic,holdout,85,85.0034058,3,20,2124835145,2125335145,5555159.138997999,2269276.4037377,random1_k5,5,0.512274965397738
cleanStatic,holdout,85,85.0034058,3,20,2124835145,2125335145,5555159.138997999,2269276.4037377,random2_k5,5,0.673206576499125
cleanStatic,holdout,85,85.0034058,3,20,2124835145,2125335145,5555159.138997999,2269276.4037377,random3_k5,5,0.21768729376311904
cleanStatic,holdout,85,85.0034058,3,20,2124835145,2125335145,5555159.138997999,2269276.4037377,random4_k5,5,0.23743364417116108
cleanStatic,holdout,85,85.0034058,3,20,2124835145,2125335145,5555159.138997999,2269276.4037377,random5_k5,5,0.8825211029389681
cleanStatic,holdout,85,85.0034058,3,20,2124835145,2125335145,5555159.138997999,2269276.4037377,random1_k9,9,0.526917731441467
cleanStatic,holdout,85,85.0034058,3,20,2124835145,2125335145,5555159.138997999,2269276.4037377,random2_k9,9,0.7350884416184988
cleanStatic,holdout,85,85.0034058,3,20,2124835145,2125335145,5555159.138997999,2269276.4037377,random3_k9,9,0.6045235033651659
cleanStatic,holdout,85,85.0034058,3,20,2124835145,2125335145,5555159.138997999,2269276.4037377,random4_k9,9,0.3999812781627646
cleanStatic,holdout,85,85.0034058,3,20,2124835145,2125335145,5555159.138997999,2269276.4037377,random5_k9,9,0.773455073707365
cleanStatic,holdout,85,85.13672272,4,30,2128168068,2128668068,5496255.32647,2200457.442195312,dense_two_source_glrt,187,0.39757674696887874
cleanStatic,holdout,85,85.13672272,4,30,2128168068,2128668068,5496255.32647,2200457.442195312,dense_one_source_residual,187,3.011929256079926
cleanStatic,holdout,85,85.13672272,4,30,2128168068,2128668068,5496255.32647,2200457.442195312,raw_power_only,0,5496255.32647
cleanStatic,holdout,85,85.13672272,4,30,2128168068,2128668068,5496255.32647,2200457.442195312,analytic_sparse_k3,3,0.5428002844985421
cleanStatic,holdout,85,85.13672272,4,30,2128168068,2128668068,5496255.32647,2200457.442195312,uniform_k3,3,1.7655246747127
cleanStatic,holdout,85,85.13672272,4,30,2128168068,2128668068,5496255.32647,2200457.442195312,shuffled_k3,3,0.7521966188143069
cleanStatic,holdout,85,85.13672272,4,30,2128168068,2128668068,5496255.32647,2200457.442195312,analytic_sparse_k5,5,0.972968949388718
cleanStatic,holdout,85,85.13672272,4,30,2128168068,2128668068,5496255.32647,2200457.442195312,uniform_k5,5,1.99437293636662
cleanStatic,holdout,85,85.13672272,4,30,2128168068,2128668068,5496255.32647,2200457.442195312,shuffled_k5,5,1.4292156034671328
cleanStatic,holdout,85,85.13672272,4,30,2128168068,2128668068,5496255.32647,2200457.442195312,analytic_sparse_k9,9,0.834442106637654
cleanStatic,holdout,85,85.13672272,4,30,2128168068,2128668068,5496255.32647,2200457.442195312,uniform_k9,9,0.12005729311202312
cleanStatic,holdout,85,85.13672272,4,30,2128168068,2128668068,5496255.32647,2200457.442195312,shuffled_k9,9,1.6570291085328424
cleanStatic,holdout,85,85.13672272,4,30,2128168068,2128668068,5496255.32647,2200457.442195312,ai_sparse_k3,3,2.5491659446744923
cleanStatic,holdout,85,85.13672272,4,30,2128168068,2128668068,5496255.32647,2200457.442195312,pg_scc_k3,3,1.5114098885365577
cleanStatic,holdout,85,85.13672272,4,30,2128168068,2128668068,5496255.32647,2200457.442195312,ai_sparse_k5,5,2.6881414413397815
cleanStatic,holdout,85,85.13672272,4,30,2128168068,2128668068,5496255.32647,2200457.442195312,pg_scc_k5,5,1.2564209793094419
cleanStatic,holdout,85,85.13672272,4,30,2128168068,2128668068,5496255.32647,2200457.442195312,ai_sparse_k9,9,1.7430670881868593
cleanStatic,holdout,85,85.13672272,4,30,2128168068,2128668068,5496255.32647,2200457.442195312,pg_scc_k9,9,1.1207633727948536
cleanStatic,holdout,85,85.13672272,4,30,2128168068,2128668068,5496255.32647,2200457.442195312,epl3,3,3.7215295605691185
cleanStatic,holdout,85,85.13672272,4,30,2128168068,2128668068,5496255.32647,2200457.442195312,fixed9,9,2.4984408491862595
cleanStatic,holdout,85,85.13672272,4,30,2128168068,2128668068,5496255.32647,2200457.442195312,random1_k3,3,3.050075409510008
cleanStatic,holdout,85,85.13672272,4,30,2128168068,2128668068,5496255.32647,2200457.442195312,random2_k3,3,0.5133234295581184
cleanStatic,holdout,85,85.13672272,4,30,2128168068,2128668068,5496255.32647,2200457.442195312,random3_k3,3,3.7790232833303747
cleanStatic,holdout,85,85.13672272,4,30,2128168068,2128668068,5496255.32647,2200457.442195312,random4_k3,3,0.6859751516207311
cleanStatic,holdout,85,85.13672272,4,30,2128168068,2128668068,5496255.32647,2200457.442195312,random5_k3,3,0.4761761005027145
cleanStatic,holdout,85,85.13672272,4,30,2128168068,2128668068,5496255.32647,2200457.442195312,random1_k5,5,0.8036996341050828
cleanStatic,holdout,85,85.13672272,4,30,2128168068,2128668068,5496255.32647,2200457.442195312,random2_k5,5,1.1431878223902436
cleanStatic,holdout,85,85.13672272,4,30,2128168068,2128668068,5496255.32647,2200457.442195312,random3_k5,5,1.2079938706284796
cleanStatic,holdout,85,85.13672272,4,30,2128168068,2128668068,5496255.32647,2200457.442195312,random4_k5,5,1.6010850143869924
cleanStatic,holdout,85,85.13672272,4,30,2128168068,2128668068,5496255.32647,2200457.442195312,random5_k5,5,0.9532832776499657
cleanStatic,holdout,85,85.13672272,4,30,2128168068,2128668068,5496255.32647,2200457.442195312,random1_k9,9,1.380752144345174
cleanStatic,holdout,85,85.13672272,4,30,2128168068,2128668068,5496255.32647,2200457.442195312,random2_k9,9,0.8463829958435541
cleanStatic,holdout,85,85.13672272,4,30,2128168068,2128668068,5496255.32647,2200457.442195312,random3_k9,9,0.9201403248866795
cleanStatic,holdout,85,85.13672272,4,30,2128168068,2128668068,5496255.32647,2200457.442195312,random4_k9,9,1.399077573737447
cleanStatic,holdout,85,85.13672272,4,30,2128168068,2128668068,5496255.32647,2200457.442195312,random5_k9,9,2.0716013272153937
cleanStatic,holdout,85,84.99067048,5,6,2124516762,2125016762,5578201.448638,4414992.801519896,dense_two_source_glrt,187,0.013226553571828852
cleanStatic,holdout,85,84.99067048,5,6,2124516762,2125016762,5578201.448638,4414992.801519896,dense_one_source_residual,187,0.255907011729976
cleanStatic,holdout,85,84.99067048,5,6,2124516762,2125016762,5578201.448638,4414992.801519896,raw_power_only,0,5578201.448638
cleanStatic,holdout,85,84.99067048,5,6,2124516762,2125016762,5578201.448638,4414992.801519896,analytic_sparse_k3,3,0.0378670527977485
cleanStatic,holdout,85,84.99067048,5,6,2124516762,2125016762,5578201.448638,4414992.801519896,uniform_k3,3,0.14553783276371918
cleanStatic,holdout,85,84.99067048,5,6,2124516762,2125016762,5578201.448638,4414992.801519896,shuffled_k3,3,0.09837283342736795
cleanStatic,holdout,85,84.99067048,5,6,2124516762,2125016762,5578201.448638,4414992.801519896,analytic_sparse_k5,5,0.11597747990431714
cleanStatic,holdout,85,84.99067048,5,6,2124516762,2125016762,5578201.448638,4414992.801519896,uniform_k5,5,0.12661783155711434
cleanStatic,holdout,85,84.99067048,5,6,2124516762,2125016762,5578201.448638,4414992.801519896,shuffled_k5,5,0.13368042434963037
cleanStatic,holdout,85,84.99067048,5,6,2124516762,2125016762,5578201.448638,4414992.801519896,analytic_sparse_k9,9,0.028776543648737125
cleanStatic,holdout,85,84.99067048,5,6,2124516762,2125016762,5578201.448638,4414992.801519896,uniform_k9,9,0.008903836520416276
cleanStatic,holdout,85,84.99067048,5,6,2124516762,2125016762,5578201.448638,4414992.801519896,shuffled_k9,9,0.03587076880686377
cleanStatic,holdout,85,84.99067048,5,6,2124516762,2125016762,5578201.448638,4414992.801519896,ai_sparse_k3,3,0.16469190009579449
cleanStatic,holdout,85,84.99067048,5,6,2124516762,2125016762,5578201.448638,4414992.801519896,pg_scc_k3,3,0.13723179089344845
cleanStatic,holdout,85,84.99067048,5,6,2124516762,2125016762,5578201.448638,4414992.801519896,ai_sparse_k5,5,0.19023306116610067
cleanStatic,holdout,85,84.99067048,5,6,2124516762,2125016762,5578201.448638,4414992.801519896,pg_scc_k5,5,0.11642573340206783
cleanStatic,holdout,85,84.99067048,5,6,2124516762,2125016762,5578201.448638,4414992.801519896,ai_sparse_k9,9,0.0073418502805235875
cleanStatic,holdout,85,84.99067048,5,6,2124516762,2125016762,5578201.448638,4414992.801519896,pg_scc_k9,9,0.09305556805584796
cleanStatic,holdout,85,84.99067048,5,6,2124516762,2125016762,5578201.448638,4414992.801519896,epl3,3,0.04021999327950438
cleanStatic,holdout,85,84.99067048,5,6,2124516762,2125016762,5578201.448638,4414992.801519896,fixed9,9,0.09943983557874707
cleanStatic,holdout,85,84.99067048,5,6,2124516762,2125016762,5578201.448638,4414992.801519896,random1_k3,3,0.190015344161645
cleanStatic,holdout,85,84.99067048,5,6,2124516762,2125016762,5578201.448638,4414992.801519896,random2_k3,3,0.05464919592089958
cleanStatic,holdout,85,84.99067048,5,6,2124516762,2125016762,5578201.448638,4414992.801519896,random3_k3,3,0.11992006941628697
cleanStatic,holdout,85,84.99067048,5,6,2124516762,2125016762,5578201.448638,4414992.801519896,random4_k3,3,0.25487030072987604
cleanStatic,holdout,85,84.99067048,5,6,2124516762,2125016762,5578201.448638,4414992.801519896,random5_k3,3,0.03915323577373858
cleanStatic,holdout,85,84.99067048,5,6,2124516762,2125016762,5578201.448638,4414992.801519896,random1_k5,5,0.0676187636158787
cleanStatic,holdout,85,84.99067048,5,6,2124516762,2125016762,5578201.448638,4414992.801519896,random2_k5,5,0.07269334070390301
cleanStatic,holdout,85,84.99067048,5,6,2124516762,2125016762,5578201.448638,4414992.801519896,random3_k5,5,0.09167805121199249
cleanStatic,holdout,85,84.99067048,5,6,2124516762,2125016762,5578201.448638,4414992.801519896,random4_k5,5,0.1928037262756387
cleanStatic,holdout,85,84.99067048,5,6,2124516762,2125016762,5578201.448638,4414992.801519896,random5_k5,5,0.047330770673623054
cleanStatic,holdout,85,84.99067048,5,6,2124516762,2125016762,5578201.448638,4414992.801519896,random1_k9,9,0.09802404996123469
cleanStatic,holdout,85,84.99067048,5,6,2124516762,2125016762,5578201.448638,4414992.801519896,random2_k9,9,0.018027360291380228
cleanStatic,holdout,85,84.99067048,5,6,2124516762,2125016762,5578201.448638,4414992.801519896,random3_k9,9,0.05558210883263451
cleanStatic,holdout,85,84.99067048,5,6,2124516762,2125016762,5578201.448638,4414992.801519896,random4_k9,9,0.16453341692628726
cleanStatic,holdout,85,84.99067048,5,6,2124516762,2125016762,5578201.448638,4414992.801519896,random5_k9,9,0.15772876025431767
cleanStatic,holdout,85,85.00015756,6,7,2124753939,2125253939,5563975.73318,4131390.1136020473,dense_two_source_glrt,187,0.15839807326286934
cleanStatic,holdout,85,85.00015756,6,7,2124753939,2125253939,5563975.73318,4131390.1136020473,dense_one_source_residual,187,1.225563422502327
cleanStatic,holdout,85,85.00015756,6,7,2124753939,2125253939,5563975.73318,4131390.1136020473,raw_power_only,0,5563975.73318
cleanStatic,holdout,85,85.00015756,6,7,2124753939,2125253939,5563975.73318,4131390.1136020473,analytic_sparse_k3,3,0.42060664446304946
cleanStatic,holdout,85,85.00015756,6,7,2124753939,2125253939,5563975.73318,4131390.1136020473,uniform_k3,3,0.5976749811487775
cleanStatic,holdout,85,85.00015756,6,7,2124753939,2125253939,5563975.73318,4131390.1136020473,shuffled_k3,3,0.5504846516702498
cleanStatic,holdout,85,85.00015756,6,7,2124753939,2125253939,5563975.73318,4131390.1136020473,analytic_sparse_k5,5,0.6843240492359737
cleanStatic,holdout,85,85.00015756,6,7,2124753939,2125253939,5563975.73318,4131390.1136020473,uniform_k5,5,0.3513304660169124
cleanStatic,holdout,85,85.00015756,6,7,2124753939,2125253939,5563975.73318,4131390.1136020473,shuffled_k5,5,0.7961317002845716
cleanStatic,holdout,85,85.00015756,6,7,2124753939,2125253939,5563975.73318,4131390.1136020473,analytic_sparse_k9,9,0.5151834812574658
cleanStatic,holdout,85,85.00015756,6,7,2124753939,2125253939,5563975.73318,4131390.1136020473,uniform_k9,9,0.04065941463975382
cleanStatic,holdout,85,85.00015756,6,7,2124753939,2125253939,5563975.73318,4131390.1136020473,shuffled_k9,9,0.6654816643815411
cleanStatic,holdout,85,85.00015756,6,7,2124753939,2125253939,5563975.73318,4131390.1136020473,ai_sparse_k3,3,0.22168089275070554
cleanStatic,holdout,85,85.00015756,6,7,2124753939,2125253939,5563975.73318,4131390.1136020473,pg_scc_k3,3,1.1419069422784205
cleanStatic,holdout,85,85.00015756,6,7,2124753939,2125253939,5563975.73318,4131390.1136020473,ai_sparse_k5,5,0.730761902551429
cleanStatic,holdout,85,85.00015756,6,7,2124753939,2125253939,5563975.73318,4131390.1136020473,pg_scc_k5,5,0.20488402375709072
cleanStatic,holdout,85,85.00015756,6,7,2124753939,2125253939,5563975.73318,4131390.1136020473,ai_sparse_k9,9,0.48312825517332403
cleanStatic,holdout,85,85.00015756,6,7,2124753939,2125253939,5563975.73318,4131390.1136020473,pg_scc_k9,9,0.15549515727656368
cleanStatic,holdout,85,85.00015756,6,7,2124753939,2125253939,5563975.73318,4131390.1136020473,epl3,3,1.9839248326249281
cleanStatic,holdout,85,85.00015756,6,7,2124753939,2125253939,5563975.73318,4131390.1136020473,fixed9,9,1.2862406998392544
cleanStatic,holdout,85,85.00015756,6,7,2124753939,2125253939,5563975.73318,4131390.1136020473,random1_k3,3,1.0014628770295215
cleanStatic,holdout,85,85.00015756,6,7,2124753939,2125253939,5563975.73318,4131390.1136020473,random2_k3,3,1.016439159162364
cleanStatic,holdout,85,85.00015756,6,7,2124753939,2125253939,5563975.73318,4131390.1136020473,random3_k3,3,1.3310877179122238
cleanStatic,holdout,85,85.00015756,6,7,2124753939,2125253939,5563975.73318,4131390.1136020473,random4_k3,3,0.48066909566021493
cleanStatic,holdout,85,85.00015756,6,7,2124753939,2125253939,5563975.73318,4131390.1136020473,random5_k3,3,0.18394515575152393
cleanStatic,holdout,85,85.00015756,6,7,2124753939,2125253939,5563975.73318,4131390.1136020473,random1_k5,5,0.5216879924115458
cleanStatic,holdout,85,85.00015756,6,7,2124753939,2125253939,5563975.73318,4131390.1136020473,random2_k5,5,0.5106785117873995
cleanStatic,holdout,85,85.00015756,6,7,2124753939,2125253939,5563975.73318,4131390.1136020473,random3_k5,5,0.7754097421083328
cleanStatic,holdout,85,85.00015756,6,7,2124753939,2125253939,5563975.73318,4131390.1136020473,random4_k5,5,0.862367217438359
cleanStatic,holdout,85,85.00015756,6,7,2124753939,2125253939,5563975.73318,4131390.1136020473,random5_k5,5,0.2604595635214403
cleanStatic,holdout,85,85.00015756,6,7,2124753939,2125253939,5563975.73318,4131390.1136020473,random1_k9,9,0.5906807811737935
cleanStatic,holdout,85,85.00015756,6,7,2124753939,2125253939,5563975.73318,4131390.1136020473,random2_k9,9,0.13172041378105823
cleanStatic,holdout,85,85.00015756,6,7,2124753939,2125253939,5563975.73318,4131390.1136020473,random3_k9,9,0.24045775894753063
cleanStatic,holdout,85,85.00015756,6,7,2124753939,2125253939,5563975.73318,4131390.1136020473,random4_k9,9,0.223344107388787
cleanStatic,holdout,85,85.00015756,6,7,2124753939,2125253939,5563975.73318,4131390.1136020473,random5_k9,9,0.16667508760364896
cleanStatic,holdout,85,84.99036208,7,10,2124509052,2125009052,5577073.439421999,2436854.55941557,dense_two_source_glrt,187,0.04463598814762088
cleanStatic,holdout,85,84.99036208,7,10,2124509052,2125009052,5577073.439421999,2436854.55941557,dense_one_source_residual,187,0.9994712956292664
cleanStatic,holdout,85,84.99036208,7,10,2124509052,2125009052,5577073.439421999,2436854.55941557,raw_power_only,0,5577073.439421999
cleanStatic,holdout,85,84.99036208,7,10,2124509052,2125009052,5577073.439421999,2436854.55941557,analytic_sparse_k3,3,0.10321947374268159
cleanStatic,holdout,85,84.99036208,7,10,2124509052,2125009052,5577073.439421999,2436854.55941557,uniform_k3,3,0.44024186206032306
cleanStatic,holdout,85,84.99036208,7,10,2124509052,2125009052,5577073.439421999,2436854.55941557,shuffled_k3,3,0.04194325679796323
cleanStatic,holdout,85,84.99036208,7,10,2124509052,2125009052,5577073.439421999,2436854.55941557,analytic_sparse_k5,5,0.07416051770130683
cleanStatic,holdout,85,84.99036208,7,10,2124509052,2125009052,5577073.439421999,2436854.55941557,uniform_k5,5,0.2402549388632175
cleanStatic,holdout,85,84.99036208,7,10,2124509052,2125009052,5577073.439421999,2436854.55941557,shuffled_k5,5,0.9554195643521487
cleanStatic,holdout,85,84.99036208,7,10,2124509052,2125009052,5577073.439421999,2436854.55941557,analytic_sparse_k9,9,0.14022373145174832
cleanStatic,holdout,85,84.99036208,7,10,2124509052,2125009052,5577073.439421999,2436854.55941557,uniform_k9,9,0.30436747715641466
cleanStatic,holdout,85,84.99036208,7,10,2124509052,2125009052,5577073.439421999,2436854.55941557,shuffled_k9,9,0.24467955590762053
cleanStatic,holdout,85,84.99036208,7,10,2124509052,2125009052,5577073.439421999,2436854.55941557,ai_sparse_k3,3,0.4780239592818472
cleanStatic,holdout,85,84.99036208,7,10,2124509052,2125009052,5577073.439421999,2436854.55941557,pg_scc_k3,3,0.06112398472775127
cleanStatic,holdout,85,84.99036208,7,10,2124509052,2125009052,5577073.439421999,2436854.55941557,ai_sparse_k5,5,0.3083217036321002
cleanStatic,holdout,85,84.99036208,7,10,2124509052,2125009052,5577073.439421999,2436854.55941557,pg_scc_k5,5,0.1490291018282805
cleanStatic,holdout,85,84.99036208,7,10,2124509052,2125009052,5577073.439421999,2436854.55941557,ai_sparse_k9,9,0.403760922656317
cleanStatic,holdout,85,84.99036208,7,10,2124509052,2125009052,5577073.439421999,2436854.55941557,pg_scc_k9,9,0.08247297509715547
cleanStatic,holdout,85,84.99036208,7,10,2124509052,2125009052,5577073.439421999,2436854.55941557,epl3,3,1.2157060881652146
cleanStatic,holdout,85,84.99036208,7,10,2124509052,2125009052,5577073.439421999,2436854.55941557,fixed9,9,0.2688896198691623
cleanStatic,holdout,85,84.99036208,7,10,2124509052,2125009052,5577073.439421999,2436854.55941557,random1_k3,3,0.2673690841131426
cleanStatic,holdout,85,84.99036208,7,10,2124509052,2125009052,5577073.439421999,2436854.55941557,random2_k3,3,0.43319667747347973
cleanStatic,holdout,85,84.99036208,7,10,2124509052,2125009052,5577073.439421999,2436854.55941557,random3_k3,3,0.31416186903626625
cleanStatic,holdout,85,84.99036208,7,10,2124509052,2125009052,5577073.439421999,2436854.55941557,random4_k3,3,0.04052899982009392
cleanStatic,holdout,85,84.99036208,7,10,2124509052,2125009052,5577073.439421999,2436854.55941557,random5_k3,3,0.34395966151104934
cleanStatic,holdout,85,84.99036208,7,10,2124509052,2125009052,5577073.439421999,2436854.55941557,random1_k5,5,0.30269461085401306
cleanStatic,holdout,85,84.99036208,7,10,2124509052,2125009052,5577073.439421999,2436854.55941557,random2_k5,5,1.089364537361177
cleanStatic,holdout,85,84.99036208,7,10,2124509052,2125009052,5577073.439421999,2436854.55941557,random3_k5,5,0.8069797843201971
cleanStatic,holdout,85,84.99036208,7,10,2124509052,2125009052,5577073.439421999,2436854.55941557,random4_k5,5,0.24526785572400173
cleanStatic,holdout,85,84.99036208,7,10,2124509052,2125009052,5577073.439421999,2436854.55941557,random5_k5,5,0.6956123278362523
cleanStatic,holdout,85,84.99036208,7,10,2124509052,2125009052,5577073.439421999,2436854.55941557,random1_k9,9,0.2860262832847655
cleanStatic,holdout,85,84.99036208,7,10,2124509052,2125009052,5577073.439421999,2436854.55941557,random2_k9,9,0.17723168037137713
cleanStatic,holdout,85,84.99036208,7,10,2124509052,2125009052,5577073.439421999,2436854.55941557,random3_k9,9,0.23281251617525456
cleanStatic,holdout,85,84.99036208,7,10,2124509052,2125009052,5577073.439421999,2436854.55941557,random4_k9,9,0.3809261671534092
cleanStatic,holdout,85,84.99036208,7,10,2124509052,2125009052,5577073.439421999,2436854.55941557,random5_k9,9,0.5658457829485906
cleanStatic,holdout,85,84.990635,8,13,2124515875,2125015875,5578097.631416001,6286388.32995625,dense_two_source_glrt,187,0.01573673443365775
cleanStatic,holdout,85,84.990635,8,13,2124515875,2125015875,5578097.631416001,6286388.32995625,dense_one_source_residual,187,0.16841911396500034
cleanStatic,holdout,85,84.990635,8,13,2124515875,2125015875,5578097.631416001,6286388.32995625,raw_power_only,0,5578097.631416001
cleanStatic,holdout,85,84.990635,8,13,2124515875,2125015875,5578097.631416001,6286388.32995625,analytic_sparse_k3,3,0.01906346481487247
cleanStatic,holdout,85,84.990635,8,13,2124515875,2125015875,5578097.631416001,6286388.32995625,uniform_k3,3,0.06060390263449778
cleanStatic,holdout,85,84.990635,8,13,2124515875,2125015875,5578097.631416001,6286388.32995625,shuffled_k3,3,0.03923869337826083
cleanStatic,holdout,85,84.990635,8,13,2124515875,2125015875,5578097.631416001,6286388.32995625,analytic_sparse_k5,5,0.00998143872912804
cleanStatic,holdout,85,84.990635,8,13,2124515875,2125015875,5578097.631416001,6286388.32995625,uniform_k5,5,0.027062633389822732
cleanStatic,holdout,85,84.990635,8,13,2124515875,2125015875,5578097.631416001,6286388.32995625,shuffled_k5,5,0.07172804206773642
cleanStatic,holdout,85,84.990635,8,13,2124515875,2125015875,5578097.631416001,6286388.32995625,analytic_sparse_k9,9,0.031870193979133515
cleanStatic,holdout,85,84.990635,8,13,2124515875,2125015875,5578097.631416001,6286388.32995625,uniform_k9,9,0.030075864395720582
cleanStatic,holdout,85,84.990635,8,13,2124515875,2125015875,5578097.631416001,6286388.32995625,shuffled_k9,9,0.043749428958875805
cleanStatic,holdout,85,84.990635,8,13,2124515875,2125015875,5578097.631416001,6286388.32995625,ai_sparse_k3,3,0.13049314750165272
cleanStatic,holdout,85,84.990635,8,13,2124515875,2125015875,5578097.631416001,6286388.32995625,pg_scc_k3,3,0.12118654000635105
cleanStatic,holdout,85,84.990635,8,13,2124515875,2125015875,5578097.631416001,6286388.32995625,ai_sparse_k5,5,0.1558896743622848
cleanStatic,holdout,85,84.990635,8,13,2124515875,2125015875,5578097.631416001,6286388.32995625,pg_scc_k5,5,0.0656944479325289
cleanStatic,holdout,85,84.990635,8,13,2124515875,2125015875,5578097.631416001,6286388.32995625,ai_sparse_k9,9,0.07438106710768753
cleanStatic,holdout,85,84.990635,8,13,2124515875,2125015875,5578097.631416001,6286388.32995625,pg_scc_k9,9,0.039774655689764064
cleanStatic,holdout,85,84.990635,8,13,2124515875,2125015875,5578097.631416001,6286388.32995625,epl3,3,0.04387365823159232
cleanStatic,holdout,85,84.990635,8,13,2124515875,2125015875,5578097.631416001,6286388.32995625,fixed9,9,0.027500758538429513
cleanStatic,holdout,85,84.990635,8,13,2124515875,2125015875,5578097.631416001,6286388.32995625,random1_k3,3,0.12318010077496605
cleanStatic,holdout,85,84.990635,8,13,2124515875,2125015875,5578097.631416001,6286388.32995625,random2_k3,3,0.09526471518955627
cleanStatic,holdout,85,84.990635,8,13,2124515875,2125015875,5578097.631416001,6286388.32995625,random3_k3,3,0.14010654725044788
cleanStatic,holdout,85,84.990635,8,13,2124515875,2125015875,5578097.631416001,6286388.32995625,random4_k3,3,0.05607045433296506
cleanStatic,holdout,85,84.990635,8,13,2124515875,2125015875,5578097.631416001,6286388.32995625,random5_k3,3,0.02620957573141595
cleanStatic,holdout,85,84.990635,8,13,2124515875,2125015875,5578097.631416001,6286388.32995625,random1_k5,5,0.07047948284131314
cleanStatic,holdout,85,84.990635,8,13,2124515875,2125015875,5578097.631416001,6286388.32995625,random2_k5,5,0.08475499609986728
cleanStatic,holdout,85,84.990635,8,13,2124515875,2125015875,5578097.631416001,6286388.32995625,random3_k5,5,0.09526805930309011
cleanStatic,holdout,85,84.990635,8,13,2124515875,2125015875,5578097.631416001,6286388.32995625,random4_k5,5,0.049635388324211036
cleanStatic,holdout,85,84.990635,8,13,2124515875,2125015875,5578097.631416001,6286388.32995625,random5_k5,5,0.02821852060517982
cleanStatic,holdout,85,84.990635,8,13,2124515875,2125015875,5578097.631416001,6286388.32995625,random1_k9,9,0.12748806288026523
cleanStatic,holdout,85,84.990635,8,13,2124515875,2125015875,5578097.631416001,6286388.32995625,random2_k9,9,0.024256681144850665
cleanStatic,holdout,85,84.990635,8,13,2124515875,2125015875,5578097.631416001,6286388.32995625,random3_k9,9,0.02391213112855002
cleanStatic,holdout,85,84.990635,8,13,2124515875,2125015875,5578097.631416001,6286388.32995625,random4_k9,9,0.03708622306233706
cleanStatic,holdout,85,84.990635,8,13,2124515875,2125015875,5578097.631416001,6286388.32995625,random5_k9,9,0.09878809748907282
cleanStatic,holdout,85,84.99045444,9,19,2124511361,2125011361,5577544.214292,4684140.358118815,dense_two_source_glrt,187,0.20218026326263905
cleanStatic,holdout,85,84.99045444,9,19,2124511361,2125011361,5577544.214292,4684140.358118815,dense_one_source_residual,187,0.5650766145950153
cleanStatic,holdout,85,84.99045444,9,19,2124511361,2125011361,5577544.214292,4684140.358118815,raw_power_only,0,5577544.214292
cleanStatic,holdout,85,84.99045444,9,19,2124511361,2125011361,5577544.214292,4684140.358118815,analytic_sparse_k3,3,0.08794330944715456
cleanStatic,holdout,85,84.99045444,9,19,2124511361,2125011361,5577544.214292,4684140.358118815,uniform_k3,3,0.24369627687672116
cleanStatic,holdout,85,84.99045444,9,19,2124511361,2125011361,5577544.214292,4684140.358118815,shuffled_k3,3,0.10714937989289158
cleanStatic,holdout,85,84.99045444,9,19,2124511361,2125011361,5577544.214292,4684140.358118815,analytic_sparse_k5,5,0.1716336891499035
cleanStatic,holdout,85,84.99045444,9,19,2124511361,2125011361,5577544.214292,4684140.358118815,uniform_k5,5,0.12822911599545192
cleanStatic,holdout,85,84.99045444,9,19,2124511361,2125011361,5577544.214292,4684140.358118815,shuffled_k5,5,0.15566437944589487
cleanStatic,holdout,85,84.99045444,9,19,2124511361,2125011361,5577544.214292,4684140.358118815,analytic_sparse_k9,9,0.1732946207505432
cleanStatic,holdout,85,84.99045444,9,19,2124511361,2125011361,5577544.214292,4684140.358118815,uniform_k9,9,0.1233528125379944
cleanStatic,holdout,85,84.99045444,9,19,2124511361,2125011361,5577544.214292,4684140.358118815,shuffled_k9,9,0.4644025155762408
cleanStatic,holdout,85,84.99045444,9,19,2124511361,2125011361,5577544.214292,4684140.358118815,ai_sparse_k3,3,0.5632780320565579
cleanStatic,holdout,85,84.99045444,9,19,2124511361,2125011361,5577544.214292,4684140.358118815,pg_scc_k3,3,0.3444607547973309
cleanStatic,holdout,85,84.99045444,9,19,2124511361,2125011361,5577544.214292,4684140.358118815,ai_sparse_k5,5,0.15352716011462775
cleanStatic,holdout,85,84.99045444,9,19,2124511361,2125011361,5577544.214292,4684140.358118815,pg_scc_k5,5,0.07686382878566791
cleanStatic,holdout,85,84.99045444,9,19,2124511361,2125011361,5577544.214292,4684140.358118815,ai_sparse_k9,9,0.07159731472420308
cleanStatic,holdout,85,84.99045444,9,19,2124511361,2125011361,5577544.214292,4684140.358118815,pg_scc_k9,9,0.11798629626565063
cleanStatic,holdout,85,84.99045444,9,19,2124511361,2125011361,5577544.214292,4684140.358118815,epl3,3,0.6486304235148638
cleanStatic,holdout,85,84.99045444,9,19,2124511361,2125011361,5577544.214292,4684140.358118815,fixed9,9,0.3925093398860187
cleanStatic,holdout,85,84.99045444,9,19,2124511361,2125011361,5577544.214292,4684140.358118815,random1_k3,3,0.4674923942637422
cleanStatic,holdout,85,84.99045444,9,19,2124511361,2125011361,5577544.214292,4684140.358118815,random2_k3,3,0.46784184151536734
cleanStatic,holdout,85,84.99045444,9,19,2124511361,2125011361,5577544.214292,4684140.358118815,random3_k3,3,0.4228561651079004
cleanStatic,holdout,85,84.99045444,9,19,2124511361,2125011361,5577544.214292,4684140.358118815,random4_k3,3,0.3203692954678581
cleanStatic,holdout,85,84.99045444,9,19,2124511361,2125011361,5577544.214292,4684140.358118815,random5_k3,3,0.20024913131833513
cleanStatic,holdout,85,84.99045444,9,19,2124511361,2125011361,5577544.214292,4684140.358118815,random1_k5,5,0.3903887409847996
cleanStatic,holdout,85,84.99045444,9,19,2124511361,2125011361,5577544.214292,4684140.358118815,random2_k5,5,0.33461690311823544
cleanStatic,holdout,85,84.99045444,9,19,2124511361,2125011361,5577544.214292,4684140.358118815,random3_k5,5,0.41054334136800963
cleanStatic,holdout,85,84.99045444,9,19,2124511361,2125011361,5577544.214292,4684140.358118815,random4_k5,5,0.36361312589245365
cleanStatic,holdout,85,84.99045444,9,19,2124511361,2125011361,5577544.214292,4684140.358118815,random5_k5,5,0.5086832534994419
cleanStatic,holdout,85,84.99045444,9,19,2124511361,2125011361,5577544.214292,4684140.358118815,random1_k9,9,0.2627896418806572
cleanStatic,holdout,85,84.99045444,9,19,2124511361,2125011361,5577544.214292,4684140.358118815,random2_k9,9,0.16376014169128458
cleanStatic,holdout,85,84.99045444,9,19,2124511361,2125011361,5577544.214292,4684140.358118815,random3_k9,9,0.3393054001278558
cleanStatic,holdout,85,84.99045444,9,19,2124511361,2125011361,5577544.214292,4684140.358118815,random4_k9,9,0.367526986727474
cleanStatic,holdout,85,84.99045444,9,19,2124511361,2125011361,5577544.214292,4684140.358118815,random5_k9,9,0.24830187307427837
cleanStatic,holdout,85,84.99062536,10,23,2124515634,2125015634,5577885.236742,6430102.850825749,dense_two_source_glrt,187,0.03617239854305071
cleanStatic,holdout,85,84.99062536,10,23,2124515634,2125015634,5577885.236742,6430102.850825749,dense_one_source_residual,187,0.2958420951044751
cleanStatic,holdout,85,84.99062536,10,23,2124515634,2125015634,5577885.236742,6430102.850825749,raw_power_only,0,5577885.236742
cleanStatic,holdout,85,84.99062536,10,23,2124515634,2125015634,5577885.236742,6430102.850825749,analytic_sparse_k3,3,0.020797405758003384
cleanStatic,holdout,85,84.99062536,10,23,2124515634,2125015634,5577885.236742,6430102.850825749,uniform_k3,3,0.15710065445686053
cleanStatic,holdout,85,84.99062536,10,23,2124515634,2125015634,5577885.236742,6430102.850825749,shuffled_k3,3,0.047911757303289344
cleanStatic,holdout,85,84.99062536,10,23,2124515634,2125015634,5577885.236742,6430102.850825749,analytic_sparse_k5,5,0.02430836599254569
cleanStatic,holdout,85,84.99062536,10,23,2124515634,2125015634,5577885.236742,6430102.850825749,uniform_k5,5,0.10860430420214943
cleanStatic,holdout,85,84.99062536,10,23,2124515634,2125015634,5577885.236742,6430102.850825749,shuffled_k5,5,0.03791437523325506
cleanStatic,holdout,85,84.99062536,10,23,2124515634,2125015634,5577885.236742,6430102.850825749,analytic_sparse_k9,9,0.04643567770063961
cleanStatic,holdout,85,84.99062536,10,23,2124515634,2125015634,5577885.236742,6430102.850825749,uniform_k9,9,0.042949590954462456
cleanStatic,holdout,85,84.99062536,10,23,2124515634,2125015634,5577885.236742,6430102.850825749,shuffled_k9,9,0.1607185021630346
cleanStatic,holdout,85,84.99062536,10,23,2124515634,2125015634,5577885.236742,6430102.850825749,ai_sparse_k3,3,0.4980577112136318
cleanStatic,holdout,85,84.99062536,10,23,2124515634,2125015634,5577885.236742,6430102.850825749,pg_scc_k3,3,0.349558295520578
cleanStatic,holdout,85,84.99062536,10,23,2124515634,2125015634,5577885.236742,6430102.850825749,ai_sparse_k5,5,0.36916897842984986
cleanStatic,holdout,85,84.99062536,10,23,2124515634,2125015634,5577885.236742,6430102.850825749,pg_scc_k5,5,0.1863692669555316
cleanStatic,holdout,85,84.99062536,10,23,2124515634,2125015634,5577885.236742,6430102.850825749,ai_sparse_k9,9,0.236823455662978
cleanStatic,holdout,85,84.99062536,10,23,2124515634,2125015634,5577885.236742,6430102.850825749,pg_scc_k9,9,0.10501724335179169
cleanStatic,holdout,85,84.99062536,10,23,2124515634,2125015634,5577885.236742,6430102.850825749,epl3,3,0.27624800507580705
cleanStatic,holdout,85,84.99062536,10,23,2124515634,2125015634,5577885.236742,6430102.850825749,fixed9,9,0.3381514736358373
cleanStatic,holdout,85,84.99062536,10,23,2124515634,2125015634,5577885.236742,6430102.850825749,random1_k3,3,0.28927715273782867
cleanStatic,holdout,85,84.99062536,10,23,2124515634,2125015634,5577885.236742,6430102.850825749,random2_k3,3,0.02774568802149417
cleanStatic,holdout,85,84.99062536,10,23,2124515634,2125015634,5577885.236742,6430102.850825749,random3_k3,3,0.25718341107477616
cleanStatic,holdout,85,84.99062536,10,23,2124515634,2125015634,5577885.236742,6430102.850825749,random4_k3,3,0.1074605464062879
cleanStatic,holdout,85,84.99062536,10,23,2124515634,2125015634,5577885.236742,6430102.850825749,random5_k3,3,0.17235717330186964
cleanStatic,holdout,85,84.99062536,10,23,2124515634,2125015634,5577885.236742,6430102.850825749,random1_k5,5,0.14084414512303675
cleanStatic,holdout,85,84.99062536,10,23,2124515634,2125015634,5577885.236742,6430102.850825749,random2_k5,5,0.08075974806266063
cleanStatic,holdout,85,84.99062536,10,23,2124515634,2125015634,5577885.236742,6430102.850825749,random3_k5,5,0.13534739756033098
cleanStatic,holdout,85,84.99062536,10,23,2124515634,2125015634,5577885.236742,6430102.850825749,random4_k5,5,0.041689121641635636
cleanStatic,holdout,85,84.99062536,10,23,2124515634,2125015634,5577885.236742,6430102.850825749,random5_k5,5,0.20386698718412247
cleanStatic,holdout,85,84.99062536,10,23,2124515634,2125015634,5577885.236742,6430102.850825749,random1_k9,9,0.12097347683390547
cleanStatic,holdout,85,84.99062536,10,23,2124515634,2125015634,5577885.236742,6430102.850825749,random2_k9,9,0.0693620072224334
cleanStatic,holdout,85,84.99062536,10,23,2124515634,2125015634,5577885.236742,6430102.850825749,random3_k9,9,0.13536479200576176
cleanStatic,holdout,85,84.99062536,10,23,2124515634,2125015634,5577885.236742,6430102.850825749,random4_k9,9,0.13683963906056892
cleanStatic,holdout,85,84.99062536,10,23,2124515634,2125015634,5577885.236742,6430102.850825749,random5_k9,9,0.19560467971902457
cleanStatic,holdout,86,85.99035636,0,16,2149508909,2150008909,5474976.414068,5034837.407911369,dense_two_source_glrt,187,0.01704328692452625
cleanStatic,holdout,86,85.99035636,0,16,2149508909,2150008909,5474976.414068,5034837.407911369,dense_one_source_residual,187,0.2537453079780828
cleanStatic,holdout,86,85.99035636,0,16,2149508909,2150008909,5474976.414068,5034837.407911369,raw_power_only,0,5474976.414068
cleanStatic,holdout,86,85.99035636,0,16,2149508909,2150008909,5474976.414068,5034837.407911369,analytic_sparse_k3,3,0.02697681273738965
cleanStatic,holdout,86,85.99035636,0,16,2149508909,2150008909,5474976.414068,5034837.407911369,uniform_k3,3,0.1782120382192701
cleanStatic,holdout,86,85.99035636,0,16,2149508909,2150008909,5474976.414068,5034837.407911369,shuffled_k3,3,0.13346239520191291
cleanStatic,holdout,86,85.99035636,0,16,2149508909,2150008909,5474976.414068,5034837.407911369,analytic_sparse_k5,5,0.019565364382362744
cleanStatic,holdout,86,85.99035636,0,16,2149508909,2150008909,5474976.414068,5034837.407911369,uniform_k5,5,0.17384366598412265
cleanStatic,holdout,86,85.99035636,0,16,2149508909,2150008909,5474976.414068,5034837.407911369,shuffled_k5,5,0.05910828101144531
cleanStatic,holdout,86,85.99035636,0,16,2149508909,2150008909,5474976.414068,5034837.407911369,analytic_sparse_k9,9,0.06868530976766458
cleanStatic,holdout,86,85.99035636,0,16,2149508909,2150008909,5474976.414068,5034837.407911369,uniform_k9,9,0.10401500766830145
cleanStatic,holdout,86,85.99035636,0,16,2149508909,2150008909,5474976.414068,5034837.407911369,shuffled_k9,9,0.06080251865786214
cleanStatic,holdout,86,85.99035636,0,16,2149508909,2150008909,5474976.414068,5034837.407911369,ai_sparse_k3,3,0.14713022241674126
cleanStatic,holdout,86,85.99035636,0,16,2149508909,2150008909,5474976.414068,5034837.407911369,pg_scc_k3,3,0.16924322996826416
cleanStatic,holdout,86,85.99035636,0,16,2149508909,2150008909,5474976.414068,5034837.407911369,ai_sparse_k5,5,0.06136528415416329
cleanStatic,holdout,86,85.99035636,0,16,2149508909,2150008909,5474976.414068,5034837.407911369,pg_scc_k5,5,0.05918864316282846
cleanStatic,holdout,86,85.99035636,0,16,2149508909,2150008909,5474976.414068,5034837.407911369,ai_sparse_k9,9,0.03221592487375697
cleanStatic,holdout,86,85.99035636,0,16,2149508909,2150008909,5474976.414068,5034837.407911369,pg_scc_k9,9,0.0536661483845593
cleanStatic,holdout,86,85.99035636,0,16,2149508909,2150008909,5474976.414068,5034837.407911369,epl3,3,0.11575866701630216
cleanStatic,holdout,86,85.99035636,0,16,2149508909,2150008909,5474976.414068,5034837.407911369,fixed9,9,0.035729036008653195
cleanStatic,holdout,86,85.99035636,0,16,2149508909,2150008909,5474976.414068,5034837.407911369,random1_k3,3,0.02004281418347569
cleanStatic,holdout,86,85.99035636,0,16,2149508909,2150008909,5474976.414068,5034837.407911369,random2_k3,3,0.23005881092152392
cleanStatic,holdout,86,85.99035636,0,16,2149508909,2150008909,5474976.414068,5034837.407911369,random3_k3,3,0.0487312803450485
cleanStatic,holdout,86,85.99035636,0,16,2149508909,2150008909,5474976.414068,5034837.407911369,random4_k3,3,0.11811268189902367
cleanStatic,holdout,86,85.99035636,0,16,2149508909,2150008909,5474976.414068,5034837.407911369,random5_k3,3,0.3263997983453722
cleanStatic,holdout,86,85.99035636,0,16,2149508909,2150008909,5474976.414068,5034837.407911369,random1_k5,5,0.12069866380612768
cleanStatic,holdout,86,85.99035636,0,16,2149508909,2150008909,5474976.414068,5034837.407911369,random2_k5,5,0.04894114667872647
cleanStatic,holdout,86,85.99035636,0,16,2149508909,2150008909,5474976.414068,5034837.407911369,random3_k5,5,0.11011479578252881
cleanStatic,holdout,86,85.99035636,0,16,2149508909,2150008909,5474976.414068,5034837.407911369,random4_k5,5,0.11298275955506176
cleanStatic,holdout,86,85.99035636,0,16,2149508909,2150008909,5474976.414068,5034837.407911369,random5_k5,5,0.3446236841115247
cleanStatic,holdout,86,85.99035636,0,16,2149508909,2150008909,5474976.414068,5034837.407911369,random1_k9,9,0.053466750400389666
cleanStatic,holdout,86,85.99035636,0,16,2149508909,2150008909,5474976.414068,5034837.407911369,random2_k9,9,0.12739862067121266
cleanStatic,holdout,86,85.99035636,0,16,2149508909,2150008909,5474976.414068,5034837.407911369,random3_k9,9,0.027041429668809513
cleanStatic,holdout,86,85.99035636,0,16,2149508909,2150008909,5474976.414068,5034837.407911369,random4_k9,9,0.3777814725353998
cleanStatic,holdout,86,85.99035636,0,16,2149508909,2150008909,5474976.414068,5034837.407911369,random5_k9,9,0.11186649440499859
cleanStatic,holdout,86,85.99017636,1,8,2149504409,2150004409,5474898.016802,1738265.1974745635,dense_two_source_glrt,187,0.6806741939100336
cleanStatic,holdout,86,85.99017636,1,8,2149504409,2150004409,5474898.016802,1738265.1974745635,dense_one_source_residual,187,5.99407249419382
cleanStatic,holdout,86,85.99017636,1,8,2149504409,2150004409,5474898.016802,1738265.1974745635,raw_power_only,0,5474898.016802
cleanStatic,holdout,86,85.99017636,1,8,2149504409,2150004409,5474898.016802,1738265.1974745635,analytic_sparse_k3,3,2.418302338840405
cleanStatic,holdout,86,85.99017636,1,8,2149504409,2150004409,5474898.016802,1738265.1974745635,uniform_k3,3,7.146795940419344
cleanStatic,holdout,86,85.99017636,1,8,2149504409,2150004409,5474898.016802,1738265.1974745635,shuffled_k3,3,2.9231181212248427
cleanStatic,holdout,86,85.99017636,1,8,2149504409,2150004409,5474898.016802,1738265.1974745635,analytic_sparse_k5,5,1.7818194283183864
cleanStatic,holdout,86,85.99017636,1,8,2149504409,2150004409,5474898.016802,1738265.1974745635,uniform_k5,5,2.0115943154968976
cleanStatic,holdout,86,85.99017636,1,8,2149504409,2150004409,5474898.016802,1738265.1974745635,shuffled_k5,5,4.02234692885924
cleanStatic,holdout,86,85.99017636,1,8,2149504409,2150004409,5474898.016802,1738265.1974745635,analytic_sparse_k9,9,0.5445455208082488
cleanStatic,holdout,86,85.99017636,1,8,2149504409,2150004409,5474898.016802,1738265.1974745635,uniform_k9,9,0.8195975926183903
cleanStatic,holdout,86,85.99017636,1,8,2149504409,2150004409,5474898.016802,1738265.1974745635,shuffled_k9,9,0.37535523092918843
cleanStatic,holdout,86,85.99017636,1,8,2149504409,2150004409,5474898.016802,1738265.1974745635,ai_sparse_k3,3,2.824573921652051
cleanStatic,holdout,86,85.99017636,1,8,2149504409,2150004409,5474898.016802,1738265.1974745635,pg_scc_k3,3,0.355266893773529
cleanStatic,holdout,86,85.99017636,1,8,2149504409,2150004409,5474898.016802,1738265.1974745635,ai_sparse_k5,5,1.7350432498837862
cleanStatic,holdout,86,85.99017636,1,8,2149504409,2150004409,5474898.016802,1738265.1974745635,pg_scc_k5,5,0.7267340524989401
cleanStatic,holdout,86,85.99017636,1,8,2149504409,2150004409,5474898.016802,1738265.1974745635,ai_sparse_k9,9,1.7757770346725452
cleanStatic,holdout,86,85.99017636,1,8,2149504409,2150004409,5474898.016802,1738265.1974745635,pg_scc_k9,9,0.7202817434659841
cleanStatic,holdout,86,85.99017636,1,8,2149504409,2150004409,5474898.016802,1738265.1974745635,epl3,3,3.019049200411727
cleanStatic,holdout,86,85.99017636,1,8,2149504409,2150004409,5474898.016802,1738265.1974745635,fixed9,9,1.800488475812107
cleanStatic,holdout,86,85.99017636,1,8,2149504409,2150004409,5474898.016802,1738265.1974745635,random1_k3,3,3.9167351264840202
cleanStatic,holdout,86,85.99017636,1,8,2149504409,2150004409,5474898.016802,1738265.1974745635,random2_k3,3,1.6603015938054353
cleanStatic,holdout,86,85.99017636,1,8,2149504409,2150004409,5474898.016802,1738265.1974745635,random3_k3,3,2.9779051174259474
cleanStatic,holdout,86,85.99017636,1,8,2149504409,2150004409,5474898.016802,1738265.1974745635,random4_k3,3,3.281236518300808
cleanStatic,holdout,86,85.99017636,1,8,2149504409,2150004409,5474898.016802,1738265.1974745635,random5_k3,3,0.8212656618578335
cleanStatic,holdout,86,85.99017636,1,8,2149504409,2150004409,5474898.016802,1738265.1974745635,random1_k5,5,1.8318165251143448
cleanStatic,holdout,86,85.99017636,1,8,2149504409,2150004409,5474898.016802,1738265.1974745635,random2_k5,5,3.9476218456489405
cleanStatic,holdout,86,85.99017636,1,8,2149504409,2150004409,5474898.016802,1738265.1974745635,random3_k5,5,2.265806500171827
cleanStatic,holdout,86,85.99017636,1,8,2149504409,2150004409,5474898.016802,1738265.1974745635,random4_k5,5,3.9406510266875356
cleanStatic,holdout,86,85.99017636,1,8,2149504409,2150004409,5474898.016802,1738265.1974745635,random5_k5,5,1.1778785640973872
cleanStatic,holdout,86,85.99017636,1,8,2149504409,2150004409,5474898.016802,1738265.1974745635,random1_k9,9,2.0227652881471037
cleanStatic,holdout,86,85.99017636,1,8,2149504409,2150004409,5474898.016802,1738265.1974745635,random2_k9,9,0.33559871090482496
cleanStatic,holdout,86,85.99017636,1,8,2149504409,2150004409,5474898.016802,1738265.1974745635,random3_k9,9,1.336038755508782
cleanStatic,holdout,86,85.99017636,1,8,2149504409,2150004409,5474898.016802,1738265.1974745635,random4_k9,9,1.9420850900044928
cleanStatic,holdout,86,85.99017636,1,8,2149504409,2150004409,5474898.016802,1738265.1974745635,random5_k9,9,2.852599128275694
cleanStatic,holdout,86,85.99052804,2,3,2149513201,2150013201,5476684.698672,6060084.510667388,dense_two_source_glrt,187,0.05654519253267907
cleanStatic,holdout,86,85.99052804,2,3,2149513201,2150013201,5476684.698672,6060084.510667388,dense_one_source_residual,187,0.3228888179865054
cleanStatic,holdout,86,85.99052804,2,3,2149513201,2150013201,5476684.698672,6060084.510667388,raw_power_only,0,5476684.698672
cleanStatic,holdout,86,85.99052804,2,3,2149513201,2150013201,5476684.698672,6060084.510667388,analytic_sparse_k3,3,0.12603314387997858
cleanStatic,holdout,86,85.99052804,2,3,2149513201,2150013201,5476684.698672,6060084.510667388,uniform_k3,3,0.4735364096718555
cleanStatic,holdout,86,85.99052804,2,3,2149513201,2150013201,5476684.698672,6060084.510667388,shuffled_k3,3,0.0671283328112547
cleanStatic,holdout,86,85.99052804,2,3,2149513201,2150013201,5476684.698672,6060084.510667388,analytic_sparse_k5,5,0.14200156928462665
cleanStatic,holdout,86,85.99052804,2,3,2149513201,2150013201,5476684.698672,6060084.510667388,uniform_k5,5,0.2136113162733861
cleanStatic,holdout,86,85.99052804,2,3,2149513201,2150013201,5476684.698672,6060084.510667388,shuffled_k5,5,0.06472011926689869
cleanStatic,holdout,86,85.99052804,2,3,2149513201,2150013201,5476684.698672,6060084.510667388,analytic_sparse_k9,9,0.04779702557909414
cleanStatic,holdout,86,85.99052804,2,3,2149513201,2150013201,5476684.698672,6060084.510667388,uniform_k9,9,0.13574540014548286
cleanStatic,holdout,86,85.99052804,2,3,2149513201,2150013201,5476684.698672,6060084.510667388,shuffled_k9,9,0.11520463169374523
cleanStatic,holdout,86,85.99052804,2,3,2149513201,2150013201,5476684.698672,6060084.510667388,ai_sparse_k3,3,0.3683659533110472
cleanStatic,holdout,86,85.99052804,2,3,2149513201,2150013201,5476684.698672,6060084.510667388,pg_scc_k3,3,0.05918632412399932
cleanStatic,holdout,86,85.99052804,2,3,2149513201,2150013201,5476684.698672,6060084.510667388,ai_sparse_k5,5,0.3429253576030349
cleanStatic,holdout,86,85.99052804,2,3,2149513201,2150013201,5476684.698672,6060084.510667388,pg_scc_k5,5,0.08278651370421115
cleanStatic,holdout,86,85.99052804,2,3,2149513201,2150013201,5476684.698672,6060084.510667388,ai_sparse_k9,9,0.17513295419716934
cleanStatic,holdout,86,85.99052804,2,3,2149513201,2150013201,5476684.698672,6060084.510667388,pg_scc_k9,9,0.050633039040621136
cleanStatic,holdout,86,85.99052804,2,3,2149513201,2150013201,5476684.698672,6060084.510667388,epl3,3,0.2844037906515731
cleanStatic,holdout,86,85.99052804,2,3,2149513201,2150013201,5476684.698672,6060084.510667388,fixed9,9,0.1417601111340273
cleanStatic,holdout,86,85.99052804,2,3,2149513201,2150013201,5476684.698672,6060084.510667388,random1_k3,3,0.1781576682246764
cleanStatic,holdout,86,85.99052804,2,3,2149513201,2150013201,5476684.698672,6060084.510667388,random2_k3,3,0.1431843852109763
cleanStatic,holdout,86,85.99052804,2,3,2149513201,2150013201,5476684.698672,6060084.510667388,random3_k3,3,0.12047932296979985
cleanStatic,holdout,86,85.99052804,2,3,2149513201,2150013201,5476684.698672,6060084.510667388,random4_k3,3,0.11715544226921443
cleanStatic,holdout,86,85.99052804,2,3,2149513201,2150013201,5476684.698672,6060084.510667388,random5_k3,3,0.08369346795139117
cleanStatic,holdout,86,85.99052804,2,3,2149513201,2150013201,5476684.698672,6060084.510667388,random1_k5,5,0.050160837526051785
cleanStatic,holdout,86,85.99052804,2,3,2149513201,2150013201,5476684.698672,6060084.510667388,random2_k5,5,0.07740013035999714
cleanStatic,holdout,86,85.99052804,2,3,2149513201,2150013201,5476684.698672,6060084.510667388,random3_k5,5,0.14658898377361965
cleanStatic,holdout,86,85.99052804,2,3,2149513201,2150013201,5476684.698672,6060084.510667388,random4_k5,5,0.05403627576539699
cleanStatic,holdout,86,85.99052804,2,3,2149513201,2150013201,5476684.698672,6060084.510667388,random5_k5,5,0.2491449687702602
cleanStatic,holdout,86,85.99052804,2,3,2149513201,2150013201,5476684.698672,6060084.510667388,random1_k9,9,0.2763986735665318
cleanStatic,holdout,86,85.99052804,2,3,2149513201,2150013201,5476684.698672,6060084.510667388,random2_k9,9,0.04529667284098449
cleanStatic,holdout,86,85.99052804,2,3,2149513201,2150013201,5476684.698672,6060084.510667388,random3_k9,9,0.14188174271466336
cleanStatic,holdout,86,85.99052804,2,3,2149513201,2150013201,5476684.698672,6060084.510667388,random4_k9,9,0.04892524766912305
cleanStatic,holdout,86,85.99052804,2,3,2149513201,2150013201,5476684.698672,6060084.510667388,random5_k9,9,0.10458693239694888
cleanStatic,holdout,86,86.00140768,3,20,2149785192,2150285192,5480147.316825999,2394305.718001968,dense_two_source_glrt,187,0.33673543751464047
cleanStatic,holdout,86,86.00140768,3,20,2149785192,2150285192,5480147.316825999,2394305.718001968,dense_one_source_residual,187,2.1949280125079875
cleanStatic,holdout,86,86.00140768,3,20,2149785192,2150285192,5480147.316825999,2394305.718001968,raw_power_only,0,5480147.316825999
cleanStatic,holdout,86,86.00140768,3,20,2149785192,2150285192,5480147.316825999,2394305.718001968,analytic_sparse_k3,3,0.5515521263497315
cleanStatic,holdout,86,86.00140768,3,20,2149785192,2150285192,5480147.316825999,2394305.718001968,uniform_k3,3,3.918049181332808
cleanStatic,holdout,86,86.00140768,3,20,2149785192,2150285192,5480147.316825999,2394305.718001968,shuffled_k3,3,0.8804598193731469
cleanStatic,holdout,86,86.00140768,3,20,2149785192,2150285192,5480147.316825999,2394305.718001968,analytic_sparse_k5,5,0.5042460005656088
cleanStatic,holdout,86,86.00140768,3,20,2149785192,2150285192,5480147.316825999,2394305.718001968,uniform_k5,5,1.5436031517643989
cleanStatic,holdout,86,86.00140768,3,20,2149785192,2150285192,5480147.316825999,2394305.718001968,shuffled_k5,5,1.2881906260099079
cleanStatic,holdout,86,86.00140768,3,20,2149785192,2150285192,5480147.316825999,2394305.718001968,analytic_sparse_k9,9,0.35838687321205914
cleanStatic,holdout,86,86.00140768,3,20,2149785192,2150285192,5480147.316825999,2394305.718001968,uniform_k9,9,0.44786010738692483
cleanStatic,holdout,86,86.00140768,3,20,2149785192,2150285192,5480147.316825999,2394305.718001968,shuffled_k9,9,0.9230465011456717
cleanStatic,holdout,86,86.00140768,3,20,2149785192,2150285192,5480147.316825999,2394305.718001968,ai_sparse_k3,3,2.6796919408539694
cleanStatic,holdout,86,86.00140768,3,20,2149785192,2150285192,5480147.316825999,2394305.718001968,pg_scc_k3,3,0.8568382153604636
cleanStatic,holdout,86,86.00140768,3,20,2149785192,2150285192,5480147.316825999,2394305.718001968,ai_sparse_k5,5,3.670605852382507
cleanStatic,holdout,86,86.00140768,3,20,2149785192,2150285192,5480147.316825999,2394305.718001968,pg_scc_k5,5,0.6466028963129389
cleanStatic,holdout,86,86.00140768,3,20,2149785192,2150285192,5480147.316825999,2394305.718001968,ai_sparse_k9,9,2.632511261914902
cleanStatic,holdout,86,86.00140768,3,20,2149785192,2150285192,5480147.316825999,2394305.718001968,pg_scc_k9,9,0.7389601195567267
cleanStatic,holdout,86,86.00140768,3,20,2149785192,2150285192,5480147.316825999,2394305.718001968,epl3,3,0.7058056832301439
cleanStatic,holdout,86,86.00140768,3,20,2149785192,2150285192,5480147.316825999,2394305.718001968,fixed9,9,0.7467457450010573
cleanStatic,holdout,86,86.00140768,3,20,2149785192,2150285192,5480147.316825999,2394305.718001968,random1_k3,3,0.4696681142748813
cleanStatic,holdout,86,86.00140768,3,20,2149785192,2150285192,5480147.316825999,2394305.718001968,random2_k3,3,0.6038409505910933
cleanStatic,holdout,86,86.00140768,3,20,2149785192,2150285192,5480147.316825999,2394305.718001968,random3_k3,3,0.5345848492398714
cleanStatic,holdout,86,86.00140768,3,20,2149785192,2150285192,5480147.316825999,2394305.718001968,random4_k3,3,1.2618641459600701
cleanStatic,holdout,86,86.00140768,3,20,2149785192,2150285192,5480147.316825999,2394305.718001968,random5_k3,3,0.736024273722166
cleanStatic,holdout,86,86.00140768,3,20,2149785192,2150285192,5480147.316825999,2394305.718001968,random1_k5,5,1.1723106568406156
cleanStatic,holdout,86,86.00140768,3,20,2149785192,2150285192,5480147.316825999,2394305.718001968,random2_k5,5,0.16544690485764715
cleanStatic,holdout,86,86.00140768,3,20,2149785192,2150285192,5480147.316825999,2394305.718001968,random3_k5,5,0.6536862019551359
cleanStatic,holdout,86,86.00140768,3,20,2149785192,2150285192,5480147.316825999,2394305.718001968,random4_k5,5,1.6014689788794647
cleanStatic,holdout,86,86.00140768,3,20,2149785192,2150285192,5480147.316825999,2394305.718001968,random5_k5,5,0.7387696317240594
cleanStatic,holdout,86,86.00140768,3,20,2149785192,2150285192,5480147.316825999,2394305.718001968,random1_k9,9,1.7506635534904544
cleanStatic,holdout,86,86.00140768,3,20,2149785192,2150285192,5480147.316825999,2394305.718001968,random2_k9,9,0.1496686166990869
cleanStatic,holdout,86,86.00140768,3,20,2149785192,2150285192,5480147.316825999,2394305.718001968,random3_k9,9,0.7032485494441727
cleanStatic,holdout,86,86.00140768,3,20,2149785192,2150285192,5480147.316825999,2394305.718001968,random4_k9,9,0.2456053731099307
cleanStatic,holdout,86,86.00140768,3,20,2149785192,2150285192,5480147.316825999,2394305.718001968,random5_k9,9,0.6155171565863616
cleanStatic,holdout,86,86.5957258,4,30,2164643145,2165143145,5489435.660685999,2277941.5826400155,dense_two_source_glrt,187,2.056010120572793
cleanStatic,holdout,86,86.5957258,4,30,2164643145,2165143145,5489435.660685999,2277941.5826400155,dense_one_source_residual,187,6.263217418494481
cleanStatic,holdout,86,86.5957258,4,30,2164643145,2165143145,5489435.660685999,2277941.5826400155,raw_power_only,0,5489435.660685999
cleanStatic,holdout,86,86.5957258,4,30,2164643145,2165143145,5489435.660685999,2277941.5826400155,analytic_sparse_k3,3,0.5046398338644537
cleanStatic,holdout,86,86.5957258,4,30,2164643145,2165143145,5489435.660685999,2277941.5826400155,uniform_k3,3,3.297899975733271
cleanStatic,holdout,86,86.5957258,4,30,2164643145,2165143145,5489435.660685999,2277941.5826400155,shuffled_k3,3,0.6898571833570833
cleanStatic,holdout,86,86.5957258,4,30,2164643145,2165143145,5489435.660685999,2277941.5826400155,analytic_sparse_k5,5,2.758759830379181
cleanStatic,holdout,86,86.5957258,4,30,2164643145,2165143145,5489435.660685999,2277941.5826400155,uniform_k5,5,0.7684919399774749
cleanStatic,holdout,86,86.5957258,4,30,2164643145,2165143145,5489435.660685999,2277941.5826400155,shuffled_k5,5,2.3334842836435796
cleanStatic,holdout,86,86.5957258,4,30,2164643145,2165143145,5489435.660685999,2277941.5826400155,analytic_sparse_k9,9,1.85928986396715
cleanStatic,holdout,86,86.5957258,4,30,2164643145,2165143145,5489435.660685999,2277941.5826400155,uniform_k9,9,0.8081820468492695
cleanStatic,holdout,86,86.5957258,4,30,2164643145,2165143145,5489435.660685999,2277941.5826400155,shuffled_k9,9,4.859478405020774
cleanStatic,holdout,86,86.5957258,4,30,2164643145,2165143145,5489435.660685999,2277941.5826400155,ai_sparse_k3,3,3.471874621476294
cleanStatic,holdout,86,86.5957258,4,30,2164643145,2165143145,5489435.660685999,2277941.5826400155,pg_scc_k3,3,3.4808517349070303
cleanStatic,holdout,86,86.5957258,4,30,2164643145,2165143145,5489435.660685999,2277941.5826400155,ai_sparse_k5,5,3.4856826934920333
cleanStatic,holdout,86,86.5957258,4,30,2164643145,2165143145,5489435.660685999,2277941.5826400155,pg_scc_k5,5,1.0243174854048214
cleanStatic,holdout,86,86.5957258,4,30,2164643145,2165143145,5489435.660685999,2277941.5826400155,ai_sparse_k9,9,2.861482001094762
cleanStatic,holdout,86,86.5957258,4,30,2164643145,2165143145,5489435.660685999,2277941.5826400155,pg_scc_k9,9,1.3663034986081632
cleanStatic,holdout,86,86.5957258,4,30,2164643145,2165143145,5489435.660685999,2277941.5826400155,epl3,3,4.8773344145194075
cleanStatic,holdout,86,86.5957258,4,30,2164643145,2165143145,5489435.660685999,2277941.5826400155,fixed9,9,4.992745332729206
cleanStatic,holdout,86,86.5957258,4,30,2164643145,2165143145,5489435.660685999,2277941.5826400155,random1_k3,3,1.8609707881110469
cleanStatic,holdout,86,86.5957258,4,30,2164643145,2165143145,5489435.660685999,2277941.5826400155,random2_k3,3,4.164789468006462
cleanStatic,holdout,86,86.5957258,4,30,2164643145,2165143145,5489435.660685999,2277941.5826400155,random3_k3,3,4.6241114369456655
cleanStatic,holdout,86,86.5957258,4,30,2164643145,2165143145,5489435.660685999,2277941.5826400155,random4_k3,3,4.269103856085177
cleanStatic,holdout,86,86.5957258,4,30,2164643145,2165143145,5489435.660685999,2277941.5826400155,random5_k3,3,0.5800656110386789
cleanStatic,holdout,86,86.5957258,4,30,2164643145,2165143145,5489435.660685999,2277941.5826400155,random1_k5,5,3.0581765158881633
cleanStatic,holdout,86,86.5957258,4,30,2164643145,2165143145,5489435.660685999,2277941.5826400155,random2_k5,5,2.0931653629758307
cleanStatic,holdout,86,86.5957258,4,30,2164643145,2165143145,5489435.660685999,2277941.5826400155,random3_k5,5,3.1879317833740624
cleanStatic,holdout,86,86.5957258,4,30,2164643145,2165143145,5489435.660685999,2277941.5826400155,random4_k5,5,4.904572765777246
cleanStatic,holdout,86,86.5957258,4,30,2164643145,2165143145,5489435.660685999,2277941.5826400155,random5_k5,5,5.052328167317124
cleanStatic,holdout,86,86.5957258,4,30,2164643145,2165143145,5489435.660685999,2277941.5826400155,random1_k9,9,4.02758336999695
cleanStatic,holdout,86,86.5957258,4,30,2164643145,2165143145,5489435.660685999,2277941.5826400155,random2_k9,9,2.5983216561686384
cleanStatic,holdout,86,86.5957258,4,30,2164643145,2165143145,5489435.660685999,2277941.5826400155,random3_k9,9,4.319746010658003
cleanStatic,holdout,86,86.5957258,4,30,2164643145,2165143145,5489435.660685999,2277941.5826400155,random4_k9,9,3.7846342180278225
cleanStatic,holdout,86,86.5957258,4,30,2164643145,2165143145,5489435.660685999,2277941.5826400155,random5_k9,9,2.2452971530393833
cleanStatic,holdout,86,85.99067084,5,6,2149516771,2150016771,5476785.384229999,4330667.606861224,dense_two_source_glrt,187,0.05443827312154192
cleanStatic,holdout,86,85.99067084,5,6,2149516771,2150016771,5476785.384229999,4330667.606861224,dense_one_source_residual,187,0.34194849126660454
cleanStatic,holdout,86,85.99067084,5,6,2149516771,2150016771,5476785.384229999,4330667.606861224,raw_power_only,0,5476785.384229999
cleanStatic,holdout,86,85.99067084,5,6,2149516771,2150016771,5476785.384229999,4330667.606861224,analytic_sparse_k3,3,0.2080531511413284
cleanStatic,holdout,86,85.99067084,5,6,2149516771,2150016771,5476785.384229999,4330667.606861224,uniform_k3,3,0.18617323724954427
cleanStatic,holdout,86,85.99067084,5,6,2149516771,2150016771,5476785.384229999,4330667.606861224,shuffled_k3,3,0.19251869110828843
cleanStatic,holdout,86,85.99067084,5,6,2149516771,2150016771,5476785.384229999,4330667.606861224,analytic_sparse_k5,5,0.06299627960118666
cleanStatic,holdout,86,85.99067084,5,6,2149516771,2150016771,5476785.384229999,4330667.606861224,uniform_k5,5,0.11532147880374148
cleanStatic,holdout,86,85.99067084,5,6,2149516771,2150016771,5476785.384229999,4330667.606861224,shuffled_k5,5,0.08821837385449909
cleanStatic,holdout,86,85.99067084,5,6,2149516771,2150016771,5476785.384229999,4330667.606861224,analytic_sparse_k9,9,0.03913919900654318
cleanStatic,holdout,86,85.99067084,5,6,2149516771,2150016771,5476785.384229999,4330667.606861224,uniform_k9,9,0.04846313273591264
cleanStatic,holdout,86,85.99067084,5,6,2149516771,2150016771,5476785.384229999,4330667.606861224,shuffled_k9,9,0.0912831353435747
cleanStatic,holdout,86,85.99067084,5,6,2149516771,2150016771,5476785.384229999,4330667.606861224,ai_sparse_k3,3,0.21512907744594692
cleanStatic,holdout,86,85.99067084,5,6,2149516771,2150016771,5476785.384229999,4330667.606861224,pg_scc_k3,3,0.18585708095852613
cleanStatic,holdout,86,85.99067084,5,6,2149516771,2150016771,5476785.384229999,4330667.606861224,ai_sparse_k5,5,0.1732624487029169
cleanStatic,holdout,86,85.99067084,5,6,2149516771,2150016771,5476785.384229999,4330667.606861224,pg_scc_k5,5,0.1167105709116194
cleanStatic,holdout,86,85.99067084,5,6,2149516771,2150016771,5476785.384229999,4330667.606861224,ai_sparse_k9,9,0.11421767782358355
cleanStatic,holdout,86,85.99067084,5,6,2149516771,2150016771,5476785.384229999,4330667.606861224,pg_scc_k9,9,0.11470846952518156
cleanStatic,holdout,86,85.99067084,5,6,2149516771,2150016771,5476785.384229999,4330667.606861224,epl3,3,0.07797922424022867
cleanStatic,holdout,86,85.99067084,5,6,2149516771,2150016771,5476785.384229999,4330667.606861224,fixed9,9,0.0776228223630996
cleanStatic,holdout,86,85.99067084,5,6,2149516771,2150016771,5476785.384229999,4330667.606861224,random1_k3,3,0.09961111372955438
cleanStatic,holdout,86,85.99067084,5,6,2149516771,2150016771,5476785.384229999,4330667.606861224,random2_k3,3,0.01249194329066255
cleanStatic,holdout,86,85.99067084,5,6,2149516771,2150016771,5476785.384229999,4330667.606861224,random3_k3,3,0.08497029542078632
cleanStatic,holdout,86,85.99067084,5,6,2149516771,2150016771,5476785.384229999,4330667.606861224,random4_k3,3,0.16723226654384246
cleanStatic,holdout,86,85.99067084,5,6,2149516771,2150016771,5476785.384229999,4330667.606861224,random5_k3,3,0.11052781840447824
cleanStatic,holdout,86,85.99067084,5,6,2149516771,2150016771,5476785.384229999,4330667.606861224,random1_k5,5,0.19690268047306278
cleanStatic,holdout,86,85.99067084,5,6,2149516771,2150016771,5476785.384229999,4330667.606861224,random2_k5,5,0.08222976347384373
cleanStatic,holdout,86,85.99067084,5,6,2149516771,2150016771,5476785.384229999,4330667.606861224,random3_k5,5,0.2118448179083908
cleanStatic,holdout,86,85.99067084,5,6,2149516771,2150016771,5476785.384229999,4330667.606861224,random4_k5,5,0.09208155918895633
cleanStatic,holdout,86,85.99067084,5,6,2149516771,2150016771,5476785.384229999,4330667.606861224,random5_k5,5,0.054473045315350466
cleanStatic,holdout,86,85.99067084,5,6,2149516771,2150016771,5476785.384229999,4330667.606861224,random1_k9,9,0.09812821738643235
cleanStatic,holdout,86,85.99067084,5,6,2149516771,2150016771,5476785.384229999,4330667.606861224,random2_k9,9,0.031048570521786865
cleanStatic,holdout,86,85.99067084,5,6,2149516771,2150016771,5476785.384229999,4330667.606861224,random3_k9,9,0.03556585352488501
cleanStatic,holdout,86,85.99067084,5,6,2149516771,2150016771,5476785.384229999,4330667.606861224,random4_k9,9,0.07340224831367648
cleanStatic,holdout,86,85.99067084,5,6,2149516771,2150016771,5476785.384229999,4330667.606861224,random5_k9,9,0.1704059627901721
cleanStatic,holdout,86,85.9901564,6,7,2149503910,2150003910,5475556.220076,3987735.766402242,dense_two_source_glrt,187,0.3449098983458414
cleanStatic,holdout,86,85.9901564,6,7,2149503910,2150003910,5475556.220076,3987735.766402242,dense_one_source_residual,187,1.7892117342636344
cleanStatic,holdout,86,85.9901564,6,7,2149503910,2150003910,5475556.220076,3987735.766402242,raw_power_only,0,5475556.220076
cleanStatic,holdout,86,85.9901564,6,7,2149503910,2150003910,5475556.220076,3987735.766402242,analytic_sparse_k3,3,1.3832811852847893
cleanStatic,holdout,86,85.9901564,6,7,2149503910,2150003910,5475556.220076,3987735.766402242,uniform_k3,3,2.4527536730573485
cleanStatic,holdout,86,85.9901564,6,7,2149503910,2150003910,5475556.220076,3987735.766402242,shuffled_k3,3,0.8090610950795543
cleanStatic,holdout,86,85.9901564,6,7,2149503910,2150003910,5475556.220076,3987735.766402242,analytic_sparse_k5,5,1.1157021314337476
cleanStatic,holdout,86,85.9901564,6,7,2149503910,2150003910,5475556.220076,3987735.766402242,uniform_k5,5,2.0908641181043524
cleanStatic,holdout,86,85.9901564,6,7,2149503910,2150003910,5475556.220076,3987735.766402242,shuffled_k5,5,1.538589543990212
cleanStatic,holdout,86,85.9901564,6,7,2149503910,2150003910,5475556.220076,3987735.766402242,analytic_sparse_k9,9,0.8478111422912336
cleanStatic,holdout,86,85.9901564,6,7,2149503910,2150003910,5475556.220076,3987735.766402242,uniform_k9,9,0.1323850539413852
cleanStatic,holdout,86,85.9901564,6,7,2149503910,2150003910,5475556.220076,3987735.766402242,shuffled_k9,9,0.1534969305000248
cleanStatic,holdout,86,85.9901564,6,7,2149503910,2150003910,5475556.220076,3987735.766402242,ai_sparse_k3,3,0.3742251464578931
cleanStatic,holdout,86,85.9901564,6,7,2149503910,2150003910,5475556.220076,3987735.766402242,pg_scc_k3,3,0.1408301737770534
cleanStatic,holdout,86,85.9901564,6,7,2149503910,2150003910,5475556.220076,3987735.766402242,ai_sparse_k5,5,0.16487383781180692
cleanStatic,holdout,86,85.9901564,6,7,2149503910,2150003910,5475556.220076,3987735.766402242,pg_scc_k5,5,0.22004898862065375
cleanStatic,holdout,86,85.9901564,6,7,2149503910,2150003910,5475556.220076,3987735.766402242,ai_sparse_k9,9,0.24039075838992505
cleanStatic,holdout,86,85.9901564,6,7,2149503910,2150003910,5475556.220076,3987735.766402242,pg_scc_k9,9,0.1851393068621584
cleanStatic,holdout,86,85.9901564,6,7,2149503910,2150003910,5475556.220076,3987735.766402242,epl3,3,0.9815444569441291
cleanStatic,holdout,86,85.9901564,6,7,2149503910,2150003910,5475556.220076,3987735.766402242,fixed9,9,0.5525872242319314
cleanStatic,holdout,86,85.9901564,6,7,2149503910,2150003910,5475556.220076,3987735.766402242,random1_k3,3,0.8013149962928762
cleanStatic,holdout,86,85.9901564,6,7,2149503910,2150003910,5475556.220076,3987735.766402242,random2_k3,3,1.3426265696938835
cleanStatic,holdout,86,85.9901564,6,7,2149503910,2150003910,5475556.220076,3987735.766402242,random3_k3,3,0.07381744990341516
cleanStatic,holdout,86,85.9901564,6,7,2149503910,2150003910,5475556.220076,3987735.766402242,random4_k3,3,1.5699252716880627
cleanStatic,holdout,86,85.9901564,6,7,2149503910,2150003910,5475556.220076,3987735.766402242,random5_k3,3,1.119697171404274
cleanStatic,holdout,86,85.9901564,6,7,2149503910,2150003910,5475556.220076,3987735.766402242,random1_k5,5,1.1393443054408448
cleanStatic,holdout,86,85.9901564,6,7,2149503910,2150003910,5475556.220076,3987735.766402242,random2_k5,5,0.34672920656913797
cleanStatic,holdout,86,85.9901564,6,7,2149503910,2150003910,5475556.220076,3987735.766402242,random3_k5,5,0.4531949115152808
cleanStatic,holdout,86,85.9901564,6,7,2149503910,2150003910,5475556.220076,3987735.766402242,random4_k5,5,1.5885424244049902
cleanStatic,holdout,86,85.9901564,6,7,2149503910,2150003910,5475556.220076,3987735.766402242,random5_k5,5,0.8564375193915712
cleanStatic,holdout,86,85.9901564,6,7,2149503910,2150003910,5475556.220076,3987735.766402242,random1_k9,9,0.6910079492995407
cleanStatic,holdout,86,85.9901564,6,7,2149503910,2150003910,5475556.220076,3987735.766402242,random2_k9,9,0.6277920058185071
cleanStatic,holdout,86,85.9901564,6,7,2149503910,2150003910,5475556.220076,3987735.766402242,random3_k9,9,0.8464008767141904
cleanStatic,holdout,86,85.9901564,6,7,2149503910,2150003910,5475556.220076,3987735.766402242,random4_k9,9,0.7611965254990154
cleanStatic,holdout,86,85.9901564,6,7,2149503910,2150003910,5475556.220076,3987735.766402242,random5_k9,9,0.12058263364866208
cleanStatic,holdout,86,85.99036168,7,10,2149509042,2150009042,5475080.53199,2479010.915390814,dense_two_source_glrt,187,0.06234517636930449
cleanStatic,holdout,86,85.99036168,7,10,2149509042,2150009042,5475080.53199,2479010.915390814,dense_one_source_residual,187,0.9928471812804847
cleanStatic,holdout,86,85.99036168,7,10,2149509042,2150009042,5475080.53199,2479010.915390814,raw_power_only,0,5475080.53199
cleanStatic,holdout,86,85.99036168,7,10,2149509042,2150009042,5475080.53199,2479010.915390814,analytic_sparse_k3,3,0.3033681372439063
cleanStatic,holdout,86,85.99036168,7,10,2149509042,2150009042,5475080.53199,2479010.915390814,uniform_k3,3,0.7622401940718454
cleanStatic,holdout,86,85.99036168,7,10,2149509042,2150009042,5475080.53199,2479010.915390814,shuffled_k3,3,0.7911858599023666
cleanStatic,holdout,86,85.99036168,7,10,2149509042,2150009042,5475080.53199,2479010.915390814,analytic_sparse_k5,5,0.16030800929544536
cleanStatic,holdout,86,85.99036168,7,10,2149509042,2150009042,5475080.53199,2479010.915390814,uniform_k5,5,0.4057615222732971
cleanStatic,holdout,86,85.99036168,7,10,2149509042,2150009042,5475080.53199,2479010.915390814,shuffled_k5,5,0.7014051093965822
cleanStatic,holdout,86,85.99036168,7,10,2149509042,2150009042,5475080.53199,2479010.915390814,analytic_sparse_k9,9,0.04845109708863306
cleanStatic,holdout,86,85.99036168,7,10,2149509042,2150009042,5475080.53199,2479010.915390814,uniform_k9,9,0.06282298188842667
cleanStatic,holdout,86,85.99036168,7,10,2149509042,2150009042,5475080.53199,2479010.915390814,shuffled_k9,9,0.5688741367445405
cleanStatic,holdout,86,85.99036168,7,10,2149509042,2150009042,5475080.53199,2479010.915390814,ai_sparse_k3,3,0.305153823029693
cleanStatic,holdout,86,85.99036168,7,10,2149509042,2150009042,5475080.53199,2479010.915390814,pg_scc_k3,3,0.3662367943130211
cleanStatic,holdout,86,85.99036168,7,10,2149509042,2150009042,5475080.53199,2479010.915390814,ai_sparse_k5,5,0.18137676726859753
cleanStatic,holdout,86,85.99036168,7,10,2149509042,2150009042,5475080.53199,2479010.915390814,pg_scc_k5,5,0.2352861128722794
cleanStatic,holdout,86,85.99036168,7,10,2149509042,2150009042,5475080.53199,2479010.915390814,ai_sparse_k9,9,0.15231648537016845
cleanStatic,holdout,86,85.99036168,7,10,2149509042,2150009042,5475080.53199,2479010.915390814,pg_scc_k9,9,0.19409384838940355
cleanStatic,holdout,86,85.99036168,7,10,2149509042,2150009042,5475080.53199,2479010.915390814,epl3,3,0.6869346499953076
cleanStatic,holdout,86,85.99036168,7,10,2149509042,2150009042,5475080.53199,2479010.915390814,fixed9,9,0.5118966101594158
cleanStatic,holdout,86,85.99036168,7,10,2149509042,2150009042,5475080.53199,2479010.915390814,random1_k3,3,0.21210479537728524
cleanStatic,holdout,86,85.99036168,7,10,2149509042,2150009042,5475080.53199,2479010.915390814,random2_k3,3,1.0346282314659367
cleanStatic,holdout,86,85.99036168,7,10,2149509042,2150009042,5475080.53199,2479010.915390814,random3_k3,3,1.7782566561099251
cleanStatic,holdout,86,85.99036168,7,10,2149509042,2150009042,5475080.53199,2479010.915390814,random4_k3,3,0.3040662299053279
cleanStatic,holdout,86,85.99036168,7,10,2149509042,2150009042,5475080.53199,2479010.915390814,random5_k3,3,0.731321220575459
cleanStatic,holdout,86,85.99036168,7,10,2149509042,2150009042,5475080.53199,2479010.915390814,random1_k5,5,0.3169898836484917
cleanStatic,holdout,86,85.99036168,7,10,2149509042,2150009042,5475080.53199,2479010.915390814,random2_k5,5,1.099734285043091
cleanStatic,holdout,86,85.99036168,7,10,2149509042,2150009042,5475080.53199,2479010.915390814,random3_k5,5,0.4403781029865817
cleanStatic,holdout,86,85.99036168,7,10,2149509042,2150009042,5475080.53199,2479010.915390814,random4_k5,5,0.42974596394998316
cleanStatic,holdout,86,85.99036168,7,10,2149509042,2150009042,5475080.53199,2479010.915390814,random5_k5,5,0.4388357650776932
cleanStatic,holdout,86,85.99036168,7,10,2149509042,2150009042,5475080.53199,2479010.915390814,random1_k9,9,0.3234290289212099
cleanStatic,holdout,86,85.99036168,7,10,2149509042,2150009042,5475080.53199,2479010.915390814,random2_k9,9,0.5602968875658667
cleanStatic,holdout,86,85.99036168,7,10,2149509042,2150009042,5475080.53199,2479010.915390814,random3_k9,9,0.19796465440669403
cleanStatic,holdout,86,85.99036168,7,10,2149509042,2150009042,5475080.53199,2479010.915390814,random4_k9,9,0.4835558143877875
cleanStatic,holdout,86,85.99036168,7,10,2149509042,2150009042,5475080.53199,2479010.915390814,random5_k9,9,0.24023753829663372
cleanStatic,holdout,86,85.99863384,8,13,2149715846,2150215846,5479375.616838,6196918.832705272,dense_two_source_glrt,187,0.0367539657080434
cleanStatic,holdout,86,85.99863384,8,13,2149715846,2150215846,5479375.616838,6196918.832705272,dense_one_source_residual,187,0.22231318914068574
cleanStatic,holdout,86,85.99863384,8,13,2149715846,2150215846,5479375.616838,6196918.832705272,raw_power_only,0,5479375.616838
cleanStatic,holdout,86,85.99863384,8,13,2149715846,2150215846,5479375.616838,6196918.832705272,analytic_sparse_k3,3,0.0798142700690093
cleanStatic,holdout,86,85.99863384,8,13,2149715846,2150215846,5479375.616838,6196918.832705272,uniform_k3,3,0.14047939148134783
cleanStatic,holdout,86,85.99863384,8,13,2149715846,2150215846,5479375.616838,6196918.832705272,shuffled_k3,3,0.03226214319334272
cleanStatic,holdout,86,85.99863384,8,13,2149715846,2150215846,5479375.616838,6196918.832705272,analytic_sparse_k5,5,0.08103547931195212
cleanStatic,holdout,86,85.99863384,8,13,2149715846,2150215846,5479375.616838,6196918.832705272,uniform_k5,5,0.13122283133592866
cleanStatic,holdout,86,85.99863384,8,13,2149715846,2150215846,5479375.616838,6196918.832705272,shuffled_k5,5,0.07975404090048328
cleanStatic,holdout,86,85.99863384,8,13,2149715846,2150215846,5479375.616838,6196918.832705272,analytic_sparse_k9,9,0.04301139427630448
cleanStatic,holdout,86,85.99863384,8,13,2149715846,2150215846,5479375.616838,6196918.832705272,uniform_k9,9,0.0394696739939902
cleanStatic,holdout,86,85.99863384,8,13,2149715846,2150215846,5479375.616838,6196918.832705272,shuffled_k9,9,0.14882021230724127
cleanStatic,holdout,86,85.99863384,8,13,2149715846,2150215846,5479375.616838,6196918.832705272,ai_sparse_k3,3,0.11351971831093093
cleanStatic,holdout,86,85.99863384,8,13,2149715846,2150215846,5479375.616838,6196918.832705272,pg_scc_k3,3,0.027622982378886256
cleanStatic,holdout,86,85.99863384,8,13,2149715846,2150215846,5479375.616838,6196918.832705272,ai_sparse_k5,5,0.1541258446398895
cleanStatic,holdout,86,85.99863384,8,13,2149715846,2150215846,5479375.616838,6196918.832705272,pg_scc_k5,5,0.06327919240551116
cleanStatic,holdout,86,85.99863384,8,13,2149715846,2150215846,5479375.616838,6196918.832705272,ai_sparse_k9,9,0.05989035477322632
cleanStatic,holdout,86,85.99863384,8,13,2149715846,2150215846,5479375.616838,6196918.832705272,pg_scc_k9,9,0.041463169348061484
cleanStatic,holdout,86,85.99863384,8,13,2149715846,2150215846,5479375.616838,6196918.832705272,epl3,3,0.15837958719304404
cleanStatic,holdout,86,85.99863384,8,13,2149715846,2150215846,5479375.616838,6196918.832705272,fixed9,9,0.16967868727665683
cleanStatic,holdout,86,85.99863384,8,13,2149715846,2150215846,5479375.616838,6196918.832705272,random1_k3,3,0.06992914289793402
cleanStatic,holdout,86,85.99863384,8,13,2149715846,2150215846,5479375.616838,6196918.832705272,random2_k3,3,0.1451732978945699
cleanStatic,holdout,86,85.99863384,8,13,2149715846,2150215846,5479375.616838,6196918.832705272,random3_k3,3,0.17087307683289124
cleanStatic,holdout,86,85.99863384,8,13,2149715846,2150215846,5479375.616838,6196918.832705272,random4_k3,3,0.16555641155427347
cleanStatic,holdout,86,85.99863384,8,13,2149715846,2150215846,5479375.616838,6196918.832705272,random5_k3,3,0.16083248415263945
cleanStatic,holdout,86,85.99863384,8,13,2149715846,2150215846,5479375.616838,6196918.832705272,random1_k5,5,0.09159853871844223
cleanStatic,holdout,86,85.99863384,8,13,2149715846,2150215846,5479375.616838,6196918.832705272,random2_k5,5,0.032388050771502475
cleanStatic,holdout,86,85.99863384,8,13,2149715846,2150215846,5479375.616838,6196918.832705272,random3_k5,5,0.08816399364774632
cleanStatic,holdout,86,85.99863384,8,13,2149715846,2150215846,5479375.616838,6196918.832705272,random4_k5,5,0.025662663496060844
cleanStatic,holdout,86,85.99863384,8,13,2149715846,2150215846,5479375.616838,6196918.832705272,random5_k5,5,0.061344168416447034
cleanStatic,holdout,86,85.99863384,8,13,2149715846,2150215846,5479375.616838,6196918.832705272,random1_k9,9,0.07519927217794684
cleanStatic,holdout,86,85.99863384,8,13,2149715846,2150215846,5479375.616838,6196918.832705272,random2_k9,9,0.032450093903488186
cleanStatic,holdout,86,85.99863384,8,13,2149715846,2150215846,5479375.616838,6196918.832705272,random3_k9,9,0.0696883743107441
cleanStatic,holdout,86,85.99863384,8,13,2149715846,2150215846,5479375.616838,6196918.832705272,random4_k9,9,0.0460800287095664
cleanStatic,holdout,86,85.99863384,8,13,2149715846,2150215846,5479375.616838,6196918.832705272,random5_k9,9,0.03138362090279559
cleanStatic,holdout,86,86.00845276,9,19,2149961319,2150461319,5486596.382728,4655731.300853217,dense_two_source_glrt,187,0.16338547068453307
cleanStatic,holdout,86,86.00845276,9,19,2149961319,2150461319,5486596.382728,4655731.300853217,dense_one_source_residual,187,0.4614550877565743
cleanStatic,holdout,86,86.00845276,9,19,2149961319,2150461319,5486596.382728,4655731.300853217,raw_power_only,0,5486596.382728
cleanStatic,holdout,86,86.00845276,9,19,2149961319,2150461319,5486596.382728,4655731.300853217,analytic_sparse_k3,3,0.12244439404744968
cleanStatic,holdout,86,86.00845276,9,19,2149961319,2150461319,5486596.382728,4655731.300853217,uniform_k3,3,0.28299692575423213
cleanStatic,holdout,86,86.00845276,9,19,2149961319,2150461319,5486596.382728,4655731.300853217,shuffled_k3,3,0.10312588974152699
cleanStatic,holdout,86,86.00845276,9,19,2149961319,2150461319,5486596.382728,4655731.300853217,analytic_sparse_k5,5,0.1197334521758604
cleanStatic,holdout,86,86.00845276,9,19,2149961319,2150461319,5486596.382728,4655731.300853217,uniform_k5,5,0.15069968927502406
cleanStatic,holdout,86,86.00845276,9,19,2149961319,2150461319,5486596.382728,4655731.300853217,shuffled_k5,5,0.18344469185494514
cleanStatic,holdout,86,86.00845276,9,19,2149961319,2150461319,5486596.382728,4655731.300853217,analytic_sparse_k9,9,0.10169681029551482
cleanStatic,holdout,86,86.00845276,9,19,2149961319,2150461319,5486596.382728,4655731.300853217,uniform_k9,9,0.18761657446096727
cleanStatic,holdout,86,86.00845276,9,19,2149961319,2150461319,5486596.382728,4655731.300853217,shuffled_k9,9,0.09598200052946165
cleanStatic,holdout,86,86.00845276,9,19,2149961319,2150461319,5486596.382728,4655731.300853217,ai_sparse_k3,3,0.09974101083849259
cleanStatic,holdout,86,86.00845276,9,19,2149961319,2150461319,5486596.382728,4655731.300853217,pg_scc_k3,3,0.30535449145400906
cleanStatic,holdout,86,86.00845276,9,19,2149961319,2150461319,5486596.382728,4655731.300853217,ai_sparse_k5,5,0.10421273558201367
cleanStatic,holdout,86,86.00845276,9,19,2149961319,2150461319,5486596.382728,4655731.300853217,pg_scc_k5,5,0.10430846363191695
cleanStatic,holdout,86,86.00845276,9,19,2149961319,2150461319,5486596.382728,4655731.300853217,ai_sparse_k9,9,0.13192362083521633
cleanStatic,holdout,86,86.00845276,9,19,2149961319,2150461319,5486596.382728,4655731.300853217,pg_scc_k9,9,0.08448497951316641
cleanStatic,holdout,86,86.00845276,9,19,2149961319,2150461319,5486596.382728,4655731.300853217,epl3,3,0.3101856080438594
cleanStatic,holdout,86,86.00845276,9,19,2149961319,2150461319,5486596.382728,4655731.300853217,fixed9,9,0.20148992221656536
cleanStatic,holdout,86,86.00845276,9,19,2149961319,2150461319,5486596.382728,4655731.300853217,random1_k3,3,0.09978868390315722
cleanStatic,holdout,86,86.00845276,9,19,2149961319,2150461319,5486596.382728,4655731.300853217,random2_k3,3,0.3244556420970366
cleanStatic,holdout,86,86.00845276,9,19,2149961319,2150461319,5486596.382728,4655731.300853217,random3_k3,3,0.031868340977011515
cleanStatic,holdout,86,86.00845276,9,19,2149961319,2150461319,5486596.382728,4655731.300853217,random4_k3,3,0.6725850922599047
cleanStatic,holdout,86,86.00845276,9,19,2149961319,2150461319,5486596.382728,4655731.300853217,random5_k3,3,0.25381161534327346
cleanStatic,holdout,86,86.00845276,9,19,2149961319,2150461319,5486596.382728,4655731.300853217,random1_k5,5,0.6963129335308633
cleanStatic,holdout,86,86.00845276,9,19,2149961319,2150461319,5486596.382728,4655731.300853217,random2_k5,5,0.1809782024437129
cleanStatic,holdout,86,86.00845276,9,19,2149961319,2150461319,5486596.382728,4655731.300853217,random3_k5,5,0.24561473355322433
cleanStatic,holdout,86,86.00845276,9,19,2149961319,2150461319,5486596.382728,4655731.300853217,random4_k5,5,0.7434302349481826
cleanStatic,holdout,86,86.00845276,9,19,2149961319,2150461319,5486596.382728,4655731.300853217,random5_k5,5,0.26946545336064726
cleanStatic,holdout,86,86.00845276,9,19,2149961319,2150461319,5486596.382728,4655731.300853217,random1_k9,9,0.2490054665284641
cleanStatic,holdout,86,86.00845276,9,19,2149961319,2150461319,5486596.382728,4655731.300853217,random2_k9,9,0.1317803990704071
cleanStatic,holdout,86,86.00845276,9,19,2149961319,2150461319,5486596.382728,4655731.300853217,random3_k9,9,0.07502547763997422
cleanStatic,holdout,86,86.00845276,9,19,2149961319,2150461319,5486596.382728,4655731.300853217,random4_k9,9,0.2333565156199952
cleanStatic,holdout,86,86.00845276,9,19,2149961319,2150461319,5486596.382728,4655731.300853217,random5_k9,9,0.05221494685461267
cleanStatic,holdout,86,85.99062568,10,23,2149515642,2150015642,5476230.097441999,6539876.861446546,dense_two_source_glrt,187,0.033537787011083696
cleanStatic,holdout,86,85.99062568,10,23,2149515642,2150015642,5476230.097441999,6539876.861446546,dense_one_source_residual,187,0.10505931228788404
cleanStatic,holdout,86,85.99062568,10,23,2149515642,2150015642,5476230.097441999,6539876.861446546,raw_power_only,0,5476230.097441999
cleanStatic,holdout,86,85.99062568,10,23,2149515642,2150015642,5476230.097441999,6539876.861446546,analytic_sparse_k3,3,0.004233810623179152
cleanStatic,holdout,86,85.99062568,10,23,2149515642,2150015642,5476230.097441999,6539876.861446546,uniform_k3,3,0.09226903022760156
cleanStatic,holdout,86,85.99062568,10,23,2149515642,2150015642,5476230.097441999,6539876.861446546,shuffled_k3,3,0.017662225665496214
cleanStatic,holdout,86,85.99062568,10,23,2149515642,2150015642,5476230.097441999,6539876.861446546,analytic_sparse_k5,5,0.009716738945848057
cleanStatic,holdout,86,85.99062568,10,23,2149515642,2150015642,5476230.097441999,6539876.861446546,uniform_k5,5,0.035904555109695487
cleanStatic,holdout,86,85.99062568,10,23,2149515642,2150015642,5476230.097441999,6539876.861446546,shuffled_k5,5,0.031365368216375186
cleanStatic,holdout,86,85.99062568,10,23,2149515642,2150015642,5476230.097441999,6539876.861446546,analytic_sparse_k9,9,0.01339126946854077
cleanStatic,holdout,86,85.99062568,10,23,2149515642,2150015642,5476230.097441999,6539876.861446546,uniform_k9,9,0.021439893230932452
cleanStatic,holdout,86,85.99062568,10,23,2149515642,2150015642,5476230.097441999,6539876.861446546,shuffled_k9,9,0.04724836029177632
cleanStatic,holdout,86,85.99062568,10,23,2149515642,2150015642,5476230.097441999,6539876.861446546,ai_sparse_k3,3,0.05651646949531234
cleanStatic,holdout,86,85.99062568,10,23,2149515642,2150015642,5476230.097441999,6539876.861446546,pg_scc_k3,3,0.019410688877993847
cleanStatic,holdout,86,85.99062568,10,23,2149515642,2150015642,5476230.097441999,6539876.861446546,ai_sparse_k5,5,0.06802097683337172
cleanStatic,holdout,86,85.99062568,10,23,2149515642,2150015642,5476230.097441999,6539876.861446546,pg_scc_k5,5,0.02116817438870767
cleanStatic,holdout,86,85.99062568,10,23,2149515642,2150015642,5476230.097441999,6539876.861446546,ai_sparse_k9,9,0.0410927001875029
cleanStatic,holdout,86,85.99062568,10,23,2149515642,2150015642,5476230.097441999,6539876.861446546,pg_scc_k9,9,0.019753664132531754
cleanStatic,holdout,86,85.99062568,10,23,2149515642,2150015642,5476230.097441999,6539876.861446546,epl3,3,0.08617493587860792
cleanStatic,holdout,86,85.99062568,10,23,2149515642,2150015642,5476230.097441999,6539876.861446546,fixed9,9,0.04599895570480379
cleanStatic,holdout,86,85.99062568,10,23,2149515642,2150015642,5476230.097441999,6539876.861446546,random1_k3,3,0.03689452612813467
cleanStatic,holdout,86,85.99062568,10,23,2149515642,2150015642,5476230.097441999,6539876.861446546,random2_k3,3,0.08163965461799906
cleanStatic,holdout,86,85.99062568,10,23,2149515642,2150015642,5476230.097441999,6539876.861446546,random3_k3,3,0.0394298141815368
cleanStatic,holdout,86,85.99062568,10,23,2149515642,2150015642,5476230.097441999,6539876.861446546,random4_k3,3,0.014238805560943415
cleanStatic,holdout,86,85.99062568,10,23,2149515642,2150015642,5476230.097441999,6539876.861446546,random5_k3,3,0.025248845750884822
cleanStatic,holdout,86,85.99062568,10,23,2149515642,2150015642,5476230.097441999,6539876.861446546,random1_k5,5,0.021790359450785012
cleanStatic,holdout,86,85.99062568,10,23,2149515642,2150015642,5476230.097441999,6539876.861446546,random2_k5,5,0.041024407213111694
cleanStatic,holdout,86,85.99062568,10,23,2149515642,2150015642,5476230.097441999,6539876.861446546,random3_k5,5,0.07276130419303829
cleanStatic,holdout,86,85.99062568,10,23,2149515642,2150015642,5476230.097441999,6539876.861446546,random4_k5,5,0.0494495895233643
cleanStatic,holdout,86,85.99062568,10,23,2149515642,2150015642,5476230.097441999,6539876.861446546,random5_k5,5,0.09865727195895521
cleanStatic,holdout,86,85.99062568,10,23,2149515642,2150015642,5476230.097441999,6539876.861446546,random1_k9,9,0.04870458206458261
cleanStatic,holdout,86,85.99062568,10,23,2149515642,2150015642,5476230.097441999,6539876.861446546,random2_k9,9,0.03021455176378016
cleanStatic,holdout,86,85.99062568,10,23,2149515642,2150015642,5476230.097441999,6539876.861446546,random3_k9,9,0.058939878479940006
cleanStatic,holdout,86,85.99062568,10,23,2149515642,2150015642,5476230.097441999,6539876.861446546,random4_k9,9,0.04998165998505656
cleanStatic,holdout,86,85.99062568,10,23,2149515642,2150015642,5476230.097441999,6539876.861446546,random5_k9,9,0.020212485521874084
cleanStatic,holdout,88,88.00635996,0,16,2199908999,2200408999,5561102.25469,5017883.8121519005,dense_two_source_glrt,187,0.026305304158445526
cleanStatic,holdout,88,88.00635996,0,16,2199908999,2200408999,5561102.25469,5017883.8121519005,dense_one_source_residual,187,0.34082455581510557
cleanStatic,holdout,88,88.00635996,0,16,2199908999,2200408999,5561102.25469,5017883.8121519005,raw_power_only,0,5561102.25469
cleanStatic,holdout,88,88.00635996,0,16,2199908999,2200408999,5561102.25469,5017883.8121519005,analytic_sparse_k3,3,0.17211878411313372
cleanStatic,holdout,88,88.00635996,0,16,2199908999,2200408999,5561102.25469,5017883.8121519005,uniform_k3,3,0.5014748450722062
cleanStatic,holdout,88,88.00635996,0,16,2199908999,2200408999,5561102.25469,5017883.8121519005,shuffled_k3,3,0.15446541859951843
cleanStatic,holdout,88,88.00635996,0,16,2199908999,2200408999,5561102.25469,5017883.8121519005,analytic_sparse_k5,5,0.13558420733487125
cleanStatic,holdout,88,88.00635996,0,16,2199908999,2200408999,5561102.25469,5017883.8121519005,uniform_k5,5,0.2825474516734046
cleanStatic,holdout,88,88.00635996,0,16,2199908999,2200408999,5561102.25469,5017883.8121519005,shuffled_k5,5,0.16997838373841007
cleanStatic,holdout,88,88.00635996,0,16,2199908999,2200408999,5561102.25469,5017883.8121519005,analytic_sparse_k9,9,0.1609770000563904
cleanStatic,holdout,88,88.00635996,0,16,2199908999,2200408999,5561102.25469,5017883.8121519005,uniform_k9,9,0.12538384787977216
cleanStatic,holdout,88,88.00635996,0,16,2199908999,2200408999,5561102.25469,5017883.8121519005,shuffled_k9,9,0.026541670591028806
cleanStatic,holdout,88,88.00635996,0,16,2199908999,2200408999,5561102.25469,5017883.8121519005,ai_sparse_k3,3,0.2414658196598608
cleanStatic,holdout,88,88.00635996,0,16,2199908999,2200408999,5561102.25469,5017883.8121519005,pg_scc_k3,3,0.38810863113822763
cleanStatic,holdout,88,88.00635996,0,16,2199908999,2200408999,5561102.25469,5017883.8121519005,ai_sparse_k5,5,0.06262368518697341
cleanStatic,holdout,88,88.00635996,0,16,2199908999,2200408999,5561102.25469,5017883.8121519005,pg_scc_k5,5,0.16610946032098953
cleanStatic,holdout,88,88.00635996,0,16,2199908999,2200408999,5561102.25469,5017883.8121519005,ai_sparse_k9,9,0.09267924925450832
cleanStatic,holdout,88,88.00635996,0,16,2199908999,2200408999,5561102.25469,5017883.8121519005,pg_scc_k9,9,0.13795176590622937
cleanStatic,holdout,88,88.00635996,0,16,2199908999,2200408999,5561102.25469,5017883.8121519005,epl3,3,0.32249240930072776
cleanStatic,holdout,88,88.00635996,0,16,2199908999,2200408999,5561102.25469,5017883.8121519005,fixed9,9,0.05356044841765284
cleanStatic,holdout,88,88.00635996,0,16,2199908999,2200408999,5561102.25469,5017883.8121519005,random1_k3,3,0.18622808171989566
cleanStatic,holdout,88,88.00635996,0,16,2199908999,2200408999,5561102.25469,5017883.8121519005,random2_k3,3,0.16548201256673167
cleanStatic,holdout,88,88.00635996,0,16,2199908999,2200408999,5561102.25469,5017883.8121519005,random3_k3,3,0.08148515742764334
cleanStatic,holdout,88,88.00635996,0,16,2199908999,2200408999,5561102.25469,5017883.8121519005,random4_k3,3,0.19543829715068942
cleanStatic,holdout,88,88.00635996,0,16,2199908999,2200408999,5561102.25469,5017883.8121519005,random5_k3,3,0.06212243871097966
cleanStatic,holdout,88,88.00635996,0,16,2199908999,2200408999,5561102.25469,5017883.8121519005,random1_k5,5,0.04575077540950998
cleanStatic,holdout,88,88.00635996,0,16,2199908999,2200408999,5561102.25469,5017883.8121519005,random2_k5,5,0.3115723623348581
cleanStatic,holdout,88,88.00635996,0,16,2199908999,2200408999,5561102.25469,5017883.8121519005,random3_k5,5,0.11710350418266005
cleanStatic,holdout,88,88.00635996,0,16,2199908999,2200408999,5561102.25469,5017883.8121519005,random4_k5,5,0.05662270041093054
cleanStatic,holdout,88,88.00635996,0,16,2199908999,2200408999,5561102.25469,5017883.8121519005,random5_k5,5,0.05287319170467917
cleanStatic,holdout,88,88.00635996,0,16,2199908999,2200408999,5561102.25469,5017883.8121519005,random1_k9,9,0.017247956914958076
cleanStatic,holdout,88,88.00635996,0,16,2199908999,2200408999,5561102.25469,5017883.8121519005,random2_k9,9,0.07755916954946068
cleanStatic,holdout,88,88.00635996,0,16,2199908999,2200408999,5561102.25469,5017883.8121519005,random3_k9,9,0.07474395220399375
cleanStatic,holdout,88,88.00635996,0,16,2199908999,2200408999,5561102.25469,5017883.8121519005,random4_k9,9,0.022948103058270355
cleanStatic,holdout,88,88.00635996,0,16,2199908999,2200408999,5561102.25469,5017883.8121519005,random5_k9,9,0.061069279393500694
cleanStatic,holdout,88,88.0091736,1,8,2199979340,2200479340,5556814.806968001,1923382.342378493,dense_two_source_glrt,187,0.4246057383735342
cleanStatic,holdout,88,88.0091736,1,8,2199979340,2200479340,5556814.806968001,1923382.342378493,dense_one_source_residual,187,2.186908025030593
cleanStatic,holdout,88,88.0091736,1,8,2199979340,2200479340,5556814.806968001,1923382.342378493,raw_power_only,0,5556814.806968001
cleanStatic,holdout,88,88.0091736,1,8,2199979340,2200479340,5556814.806968001,1923382.342378493,analytic_sparse_k3,3,0.8844963241940914
cleanStatic,holdout,88,88.0091736,1,8,2199979340,2200479340,5556814.806968001,1923382.342378493,uniform_k3,3,1.0783475638103275
cleanStatic,holdout,88,88.0091736,1,8,2199979340,2200479340,5556814.806968001,1923382.342378493,shuffled_k3,3,0.6472652442153088
cleanStatic,holdout,88,88.0091736,1,8,2199979340,2200479340,5556814.806968001,1923382.342378493,analytic_sparse_k5,5,0.6765995610803964
cleanStatic,holdout,88,88.0091736,1,8,2199979340,2200479340,5556814.806968001,1923382.342378493,uniform_k5,5,0.3759991865445036
cleanStatic,holdout,88,88.0091736,1,8,2199979340,2200479340,5556814.806968001,1923382.342378493,shuffled_k5,5,1.1960353303362061
cleanStatic,holdout,88,88.0091736,1,8,2199979340,2200479340,5556814.806968001,1923382.342378493,analytic_sparse_k9,9,1.1823439222088805
cleanStatic,holdout,88,88.0091736,1,8,2199979340,2200479340,5556814.806968001,1923382.342378493,uniform_k9,9,0.3400619860092703
cleanStatic,holdout,88,88.0091736,1,8,2199979340,2200479340,5556814.806968001,1923382.342378493,shuffled_k9,9,1.5011027790092535
cleanStatic,holdout,88,88.0091736,1,8,2199979340,2200479340,5556814.806968001,1923382.342378493,ai_sparse_k3,3,2.8101730125275055
cleanStatic,holdout,88,88.0091736,1,8,2199979340,2200479340,5556814.806968001,1923382.342378493,pg_scc_k3,3,4.101180529017616
cleanStatic,holdout,88,88.0091736,1,8,2199979340,2200479340,5556814.806968001,1923382.342378493,ai_sparse_k5,5,1.1538876796030817
cleanStatic,holdout,88,88.0091736,1,8,2199979340,2200479340,5556814.806968001,1923382.342378493,pg_scc_k5,5,1.057753515189263
cleanStatic,holdout,88,88.0091736,1,8,2199979340,2200479340,5556814.806968001,1923382.342378493,ai_sparse_k9,9,1.7005992873607607
cleanStatic,holdout,88,88.0091736,1,8,2199979340,2200479340,5556814.806968001,1923382.342378493,pg_scc_k9,9,1.011209640807384
cleanStatic,holdout,88,88.0091736,1,8,2199979340,2200479340,5556814.806968001,1923382.342378493,epl3,3,3.3291156112495535
cleanStatic,holdout,88,88.0091736,1,8,2199979340,2200479340,5556814.806968001,1923382.342378493,fixed9,9,2.2769935657142826
cleanStatic,holdout,88,88.0091736,1,8,2199979340,2200479340,5556814.806968001,1923382.342378493,random1_k3,3,1.6526764894644799
cleanStatic,holdout,88,88.0091736,1,8,2199979340,2200479340,5556814.806968001,1923382.342378493,random2_k3,3,0.3534994615804212
cleanStatic,holdout,88,88.0091736,1,8,2199979340,2200479340,5556814.806968001,1923382.342378493,random3_k3,3,0.30847663606001835
cleanStatic,holdout,88,88.0091736,1,8,2199979340,2200479340,5556814.806968001,1923382.342378493,random4_k3,3,1.686270913948448
cleanStatic,holdout,88,88.0091736,1,8,2199979340,2200479340,5556814.806968001,1923382.342378493,random5_k3,3,0.2002717524485121
cleanStatic,holdout,88,88.0091736,1,8,2199979340,2200479340,5556814.806968001,1923382.342378493,random1_k5,5,1.7459316038830592
cleanStatic,holdout,88,88.0091736,1,8,2199979340,2200479340,5556814.806968001,1923382.342378493,random2_k5,5,0.39029695289006583
cleanStatic,holdout,88,88.0091736,1,8,2199979340,2200479340,5556814.806968001,1923382.342378493,random3_k5,5,1.9089110729867564
cleanStatic,holdout,88,88.0091736,1,8,2199979340,2200479340,5556814.806968001,1923382.342378493,random4_k5,5,1.0854039055186093
cleanStatic,holdout,88,88.0091736,1,8,2199979340,2200479340,5556814.806968001,1923382.342378493,random5_k5,5,0.1109563571099701
cleanStatic,holdout,88,88.0091736,1,8,2199979340,2200479340,5556814.806968001,1923382.342378493,random1_k9,9,0.7465484178948388
cleanStatic,holdout,88,88.0091736,1,8,2199979340,2200479340,5556814.806968001,1923382.342378493,random2_k9,9,0.21248558151391933
cleanStatic,holdout,88,88.0091736,1,8,2199979340,2200479340,5556814.806968001,1923382.342378493,random3_k9,9,0.6448617413215926
cleanStatic,holdout,88,88.0091736,1,8,2199979340,2200479340,5556814.806968001,1923382.342378493,random4_k9,9,0.47163049858369654
cleanStatic,holdout,88,88.0091736,1,8,2199979340,2200479340,5556814.806968001,1923382.342378493,random5_k9,9,0.62386846652326
cleanStatic,holdout,88,87.99052712,2,3,2199513178,2200013178,5595596.295729999,6056009.54231523,dense_two_source_glrt,187,0.14497956297431566
cleanStatic,holdout,88,87.99052712,2,3,2199513178,2200013178,5595596.295729999,6056009.54231523,dense_one_source_residual,187,0.4605418586772596
cleanStatic,holdout,88,87.99052712,2,3,2199513178,2200013178,5595596.295729999,6056009.54231523,raw_power_only,0,5595596.295729999
cleanStatic,holdout,88,87.99052712,2,3,2199513178,2200013178,5595596.295729999,6056009.54231523,analytic_sparse_k3,3,0.00464276275070733
cleanStatic,holdout,88,87.99052712,2,3,2199513178,2200013178,5595596.295729999,6056009.54231523,uniform_k3,3,0.5323888730663947
cleanStatic,holdout,88,87.99052712,2,3,2199513178,2200013178,5595596.295729999,6056009.54231523,shuffled_k3,3,0.08808175535777618
cleanStatic,holdout,88,87.99052712,2,3,2199513178,2200013178,5595596.295729999,6056009.54231523,analytic_sparse_k5,5,0.2222459998374548
cleanStatic,holdout,88,87.99052712,2,3,2199513178,2200013178,5595596.295729999,6056009.54231523,uniform_k5,5,0.19202441361660033
cleanStatic,holdout,88,87.99052712,2,3,2199513178,2200013178,5595596.295729999,6056009.54231523,shuffled_k5,5,0.3115802289785311
cleanStatic,holdout,88,87.99052712,2,3,2199513178,2200013178,5595596.295729999,6056009.54231523,analytic_sparse_k9,9,0.14232857537006854
cleanStatic,holdout,88,87.99052712,2,3,2199513178,2200013178,5595596.295729999,6056009.54231523,uniform_k9,9,0.08056734511064675
cleanStatic,holdout,88,87.99052712,2,3,2199513178,2200013178,5595596.295729999,6056009.54231523,shuffled_k9,9,0.38746024750401986
cleanStatic,holdout,88,87.99052712,2,3,2199513178,2200013178,5595596.295729999,6056009.54231523,ai_sparse_k3,3,0.4290057750036131
cleanStatic,holdout,88,87.99052712,2,3,2199513178,2200013178,5595596.295729999,6056009.54231523,pg_scc_k3,3,0.36816473670900135
cleanStatic,holdout,88,87.99052712,2,3,2199513178,2200013178,5595596.295729999,6056009.54231523,ai_sparse_k5,5,0.4025822598640637
cleanStatic,holdout,88,87.99052712,2,3,2199513178,2200013178,5595596.295729999,6056009.54231523,pg_scc_k5,5,0.17396342029226392
cleanStatic,holdout,88,87.99052712,2,3,2199513178,2200013178,5595596.295729999,6056009.54231523,ai_sparse_k9,9,0.3011201172948294
cleanStatic,holdout,88,87.99052712,2,3,2199513178,2200013178,5595596.295729999,6056009.54231523,pg_scc_k9,9,0.16512499698474573
cleanStatic,holdout,88,87.99052712,2,3,2199513178,2200013178,5595596.295729999,6056009.54231523,epl3,3,0.31424860451098846
cleanStatic,holdout,88,87.99052712,2,3,2199513178,2200013178,5595596.295729999,6056009.54231523,fixed9,9,0.2889274970696993
cleanStatic,holdout,88,87.99052712,2,3,2199513178,2200013178,5595596.295729999,6056009.54231523,random1_k3,3,0.10945862540244607
cleanStatic,holdout,88,87.99052712,2,3,2199513178,2200013178,5595596.295729999,6056009.54231523,random2_k3,3,0.3819409556602333
cleanStatic,holdout,88,87.99052712,2,3,2199513178,2200013178,5595596.295729999,6056009.54231523,random3_k3,3,0.17572445180936672
cleanStatic,holdout,88,87.99052712,2,3,2199513178,2200013178,5595596.295729999,6056009.54231523,random4_k3,3,0.22369768417133015
cleanStatic,holdout,88,87.99052712,2,3,2199513178,2200013178,5595596.295729999,6056009.54231523,random5_k3,3,0.06165640925903954
cleanStatic,holdout,88,87.99052712,2,3,2199513178,2200013178,5595596.295729999,6056009.54231523,random1_k5,5,0.31288121479218717
cleanStatic,holdout,88,87.99052712,2,3,2199513178,2200013178,5595596.295729999,6056009.54231523,random2_k5,5,0.38470481897663833
cleanStatic,holdout,88,87.99052712,2,3,2199513178,2200013178,5595596.295729999,6056009.54231523,random3_k5,5,0.2340126837390048
cleanStatic,holdout,88,87.99052712,2,3,2199513178,2200013178,5595596.295729999,6056009.54231523,random4_k5,5,0.22520488999606497
cleanStatic,holdout,88,87.99052712,2,3,2199513178,2200013178,5595596.295729999,6056009.54231523,random5_k5,5,0.3485599861375001
cleanStatic,holdout,88,87.99052712,2,3,2199513178,2200013178,5595596.295729999,6056009.54231523,random1_k9,9,0.3774429959375434
cleanStatic,holdout,88,87.99052712,2,3,2199513178,2200013178,5595596.295729999,6056009.54231523,random2_k9,9,0.09537957332224983
cleanStatic,holdout,88,87.99052712,2,3,2199513178,2200013178,5595596.295729999,6056009.54231523,random3_k9,9,0.17455210559843082
cleanStatic,holdout,88,87.99052712,2,3,2199513178,2200013178,5595596.295729999,6056009.54231523,random4_k9,9,0.14595728986148362
cleanStatic,holdout,88,87.99052712,2,3,2199513178,2200013178,5595596.295729999,6056009.54231523,random5_k9,9,0.11724559539133869
cleanStatic,holdout,88,87.99341144,3,20,2199585286,2200085286,5598839.421155999,2306422.6250487007,dense_two_source_glrt,187,0.23149557734854764
cleanStatic,holdout,88,87.99341144,3,20,2199585286,2200085286,5598839.421155999,2306422.6250487007,dense_one_source_residual,187,2.108788908009193
cleanStatic,holdout,88,87.99341144,3,20,2199585286,2200085286,5598839.421155999,2306422.6250487007,raw_power_only,0,5598839.421155999
cleanStatic,holdout,88,87.99341144,3,20,2199585286,2200085286,5598839.421155999,2306422.6250487007,analytic_sparse_k3,3,0.6630241395397113
cleanStatic,holdout,88,87.99341144,3,20,2199585286,2200085286,5598839.421155999,2306422.6250487007,uniform_k3,3,1.505139351741369
cleanStatic,holdout,88,87.99341144,3,20,2199585286,2200085286,5598839.421155999,2306422.6250487007,shuffled_k3,3,0.3097156622015989
cleanStatic,holdout,88,87.99341144,3,20,2199585286,2200085286,5598839.421155999,2306422.6250487007,analytic_sparse_k5,5,0.9991575651555852
cleanStatic,holdout,88,87.99341144,3,20,2199585286,2200085286,5598839.421155999,2306422.6250487007,uniform_k5,5,1.0984520355065515
cleanStatic,holdout,88,87.99341144,3,20,2199585286,2200085286,5598839.421155999,2306422.6250487007,shuffled_k5,5,0.26898394487460014
cleanStatic,holdout,88,87.99341144,3,20,2199585286,2200085286,5598839.421155999,2306422.6250487007,analytic_sparse_k9,9,1.043789915260868
cleanStatic,holdout,88,87.99341144,3,20,2199585286,2200085286,5598839.421155999,2306422.6250487007,uniform_k9,9,0.12886889049897063
cleanStatic,holdout,88,87.99341144,3,20,2199585286,2200085286,5598839.421155999,2306422.6250487007,shuffled_k9,9,1.2308559958209555
cleanStatic,holdout,88,87.99341144,3,20,2199585286,2200085286,5598839.421155999,2306422.6250487007,ai_sparse_k3,3,1.3713301765104802
cleanStatic,holdout,88,87.99341144,3,20,2199585286,2200085286,5598839.421155999,2306422.6250487007,pg_scc_k3,3,1.2429694612136124
cleanStatic,holdout,88,87.99341144,3,20,2199585286,2200085286,5598839.421155999,2306422.6250487007,ai_sparse_k5,5,0.9235199003693969
cleanStatic,holdout,88,87.99341144,3,20,2199585286,2200085286,5598839.421155999,2306422.6250487007,pg_scc_k5,5,0.3825548225092117
cleanStatic,holdout,88,87.99341144,3,20,2199585286,2200085286,5598839.421155999,2306422.6250487007,ai_sparse_k9,9,0.6107155961191516
cleanStatic,holdout,88,87.99341144,3,20,2199585286,2200085286,5598839.421155999,2306422.6250487007,pg_scc_k9,9,0.4883301652406284
cleanStatic,holdout,88,87.99341144,3,20,2199585286,2200085286,5598839.421155999,2306422.6250487007,epl3,3,1.8436705486893967
cleanStatic,holdout,88,87.99341144,3,20,2199585286,2200085286,5598839.421155999,2306422.6250487007,fixed9,9,0.48494397317216253
cleanStatic,holdout,88,87.99341144,3,20,2199585286,2200085286,5598839.421155999,2306422.6250487007,random1_k3,3,5.422352922139766
cleanStatic,holdout,88,87.99341144,3,20,2199585286,2200085286,5598839.421155999,2306422.6250487007,random2_k3,3,2.3795893936785575
cleanStatic,holdout,88,87.99341144,3,20,2199585286,2200085286,5598839.421155999,2306422.6250487007,random3_k3,3,0.3489922628767128
cleanStatic,holdout,88,87.99341144,3,20,2199585286,2200085286,5598839.421155999,2306422.6250487007,random4_k3,3,1.3411149078779676
cleanStatic,holdout,88,87.99341144,3,20,2199585286,2200085286,5598839.421155999,2306422.6250487007,random5_k3,3,0.37068152416120476
cleanStatic,holdout,88,87.99341144,3,20,2199585286,2200085286,5598839.421155999,2306422.6250487007,random1_k5,5,0.39948632244043125
cleanStatic,holdout,88,87.99341144,3,20,2199585286,2200085286,5598839.421155999,2306422.6250487007,random2_k5,5,0.6632236539581926
cleanStatic,holdout,88,87.99341144,3,20,2199585286,2200085286,5598839.421155999,2306422.6250487007,random3_k5,5,0.4598702845610463
cleanStatic,holdout,88,87.99341144,3,20,2199585286,2200085286,5598839.421155999,2306422.6250487007,random4_k5,5,0.9198692899093188
cleanStatic,holdout,88,87.99341144,3,20,2199585286,2200085286,5598839.421155999,2306422.6250487007,random5_k5,5,0.7718625884927054
cleanStatic,holdout,88,87.99341144,3,20,2199585286,2200085286,5598839.421155999,2306422.6250487007,random1_k9,9,0.34641739515228537
cleanStatic,holdout,88,87.99341144,3,20,2199585286,2200085286,5598839.421155999,2306422.6250487007,random2_k9,9,0.5225401377456586
cleanStatic,holdout,88,87.99341144,3,20,2199585286,2200085286,5598839.421155999,2306422.6250487007,random3_k9,9,0.9344820134608737
cleanStatic,holdout,88,87.99341144,3,20,2199585286,2200085286,5598839.421155999,2306422.6250487007,random4_k9,9,0.9687625825708585
cleanStatic,holdout,88,87.99341144,3,20,2199585286,2200085286,5598839.421155999,2306422.6250487007,random5_k9,9,0.8895019159267766
cleanStatic,holdout,88,87.99572876,4,30,2199643219,2200143219,5607852.940054001,2337415.0521454727,dense_two_source_glrt,187,0.8974692794718729
cleanStatic,holdout,88,87.99572876,4,30,2199643219,2200143219,5607852.940054001,2337415.0521454727,dense_one_source_residual,187,4.568267090016915
cleanStatic,holdout,88,87.99572876,4,30,2199643219,2200143219,5607852.940054001,2337415.0521454727,raw_power_only,0,5607852.940054001
cleanStatic,holdout,88,87.99572876,4,30,2199643219,2200143219,5607852.940054001,2337415.0521454727,analytic_sparse_k3,3,0.6410943829321539
cleanStatic,holdout,88,87.99572876,4,30,2199643219,2200143219,5607852.940054001,2337415.0521454727,uniform_k3,3,2.326885830063661
cleanStatic,holdout,88,87.99572876,4,30,2199643219,2200143219,5607852.940054001,2337415.0521454727,shuffled_k3,3,0.6934924315418328
cleanStatic,holdout,88,87.99572876,4,30,2199643219,2200143219,5607852.940054001,2337415.0521454727,analytic_sparse_k5,5,0.7510255714552555
cleanStatic,holdout,88,87.99572876,4,30,2199643219,2200143219,5607852.940054001,2337415.0521454727,uniform_k5,5,0.8363084441359853
cleanStatic,holdout,88,87.99572876,4,30,2199643219,2200143219,5607852.940054001,2337415.0521454727,shuffled_k5,5,2.07052480024682
cleanStatic,holdout,88,87.99572876,4,30,2199643219,2200143219,5607852.940054001,2337415.0521454727,analytic_sparse_k9,9,1.0067642951799913
cleanStatic,holdout,88,87.99572876,4,30,2199643219,2200143219,5607852.940054001,2337415.0521454727,uniform_k9,9,0.8070303773976547
cleanStatic,holdout,88,87.99572876,4,30,2199643219,2200143219,5607852.940054001,2337415.0521454727,shuffled_k9,9,2.8634413061314263
cleanStatic,holdout,88,87.99572876,4,30,2199643219,2200143219,5607852.940054001,2337415.0521454727,ai_sparse_k3,3,1.620332815121338
cleanStatic,holdout,88,87.99572876,4,30,2199643219,2200143219,5607852.940054001,2337415.0521454727,pg_scc_k3,3,2.8417953232571063
cleanStatic,holdout,88,87.99572876,4,30,2199643219,2200143219,5607852.940054001,2337415.0521454727,ai_sparse_k5,5,1.9669063684136572
cleanStatic,holdout,88,87.99572876,4,30,2199643219,2200143219,5607852.940054001,2337415.0521454727,pg_scc_k5,5,1.4094934443048568
cleanStatic,holdout,88,87.99572876,4,30,2199643219,2200143219,5607852.940054001,2337415.0521454727,ai_sparse_k9,9,1.9816302035006979
cleanStatic,holdout,88,87.99572876,4,30,2199643219,2200143219,5607852.940054001,2337415.0521454727,pg_scc_k9,9,1.1833364059511264
cleanStatic,holdout,88,87.99572876,4,30,2199643219,2200143219,5607852.940054001,2337415.0521454727,epl3,3,3.2237670472009636
cleanStatic,holdout,88,87.99572876,4,30,2199643219,2200143219,5607852.940054001,2337415.0521454727,fixed9,9,3.9084553075737998
cleanStatic,holdout,88,87.99572876,4,30,2199643219,2200143219,5607852.940054001,2337415.0521454727,random1_k3,3,3.0969258028430033
cleanStatic,holdout,88,87.99572876,4,30,2199643219,2200143219,5607852.940054001,2337415.0521454727,random2_k3,3,1.5772391648568391
cleanStatic,holdout,88,87.99572876,4,30,2199643219,2200143219,5607852.940054001,2337415.0521454727,random3_k3,3,8.11201584251503
cleanStatic,holdout,88,87.99572876,4,30,2199643219,2200143219,5607852.940054001,2337415.0521454727,random4_k3,3,2.449759584272512
cleanStatic,holdout,88,87.99572876,4,30,2199643219,2200143219,5607852.940054001,2337415.0521454727,random5_k3,3,0.3683690754171707
cleanStatic,holdout,88,87.99572876,4,30,2199643219,2200143219,5607852.940054001,2337415.0521454727,random1_k5,5,1.1752261958420303
cleanStatic,holdout,88,87.99572876,4,30,2199643219,2200143219,5607852.940054001,2337415.0521454727,random2_k5,5,1.8602361460151542
cleanStatic,holdout,88,87.99572876,4,30,2199643219,2200143219,5607852.940054001,2337415.0521454727,random3_k5,5,2.491695131282718
cleanStatic,holdout,88,87.99572876,4,30,2199643219,2200143219,5607852.940054001,2337415.0521454727,random4_k5,5,2.451507587758871
cleanStatic,holdout,88,87.99572876,4,30,2199643219,2200143219,5607852.940054001,2337415.0521454727,random5_k5,5,1.440154741066057
cleanStatic,holdout,88,87.99572876,4,30,2199643219,2200143219,5607852.940054001,2337415.0521454727,random1_k9,9,2.057711323517022
cleanStatic,holdout,88,87.99572876,4,30,2199643219,2200143219,5607852.940054001,2337415.0521454727,random2_k9,9,2.5153535786875065
cleanStatic,holdout,88,87.99572876,4,30,2199643219,2200143219,5607852.940054001,2337415.0521454727,random3_k9,9,2.8190950193285436
cleanStatic,holdout,88,87.99572876,4,30,2199643219,2200143219,5607852.940054001,2337415.0521454727,random4_k9,9,2.4108947238403373
cleanStatic,holdout,88,87.99572876,4,30,2199643219,2200143219,5607852.940054001,2337415.0521454727,random5_k9,9,1.634688522408342
cleanStatic,holdout,88,87.99867156,5,6,2199716789,2200216789,5599735.50466,4463157.326160293,dense_two_source_glrt,187,0.07691952417051974
cleanStatic,holdout,88,87.99867156,5,6,2199716789,2200216789,5599735.50466,4463157.326160293,dense_one_source_residual,187,0.5830307480628026
cleanStatic,holdout,88,87.99867156,5,6,2199716789,2200216789,5599735.50466,4463157.326160293,raw_power_only,0,5599735.50466
cleanStatic,holdout,88,87.99867156,5,6,2199716789,2200216789,5599735.50466,4463157.326160293,analytic_sparse_k3,3,0.12159610183598037
cleanStatic,holdout,88,87.99867156,5,6,2199716789,2200216789,5599735.50466,4463157.326160293,uniform_k3,3,0.6282635665619172
cleanStatic,holdout,88,87.99867156,5,6,2199716789,2200216789,5599735.50466,4463157.326160293,shuffled_k3,3,0.23942045066473827
cleanStatic,holdout,88,87.99867156,5,6,2199716789,2200216789,5599735.50466,4463157.326160293,analytic_sparse_k5,5,0.2116028357645967
cleanStatic,holdout,88,87.99867156,5,6,2199716789,2200216789,5599735.50466,4463157.326160293,uniform_k5,5,0.18839076423279896
cleanStatic,holdout,88,87.99867156,5,6,2199716789,2200216789,5599735.50466,4463157.326160293,shuffled_k5,5,0.34831182681841655
cleanStatic,holdout,88,87.99867156,5,6,2199716789,2200216789,5599735.50466,4463157.326160293,analytic_sparse_k9,9,0.08577333418930506
cleanStatic,holdout,88,87.99867156,5,6,2199716789,2200216789,5599735.50466,4463157.326160293,uniform_k9,9,0.051595361950736135
cleanStatic,holdout,88,87.99867156,5,6,2199716789,2200216789,5599735.50466,4463157.326160293,shuffled_k9,9,0.36757554468171755
cleanStatic,holdout,88,87.99867156,5,6,2199716789,2200216789,5599735.50466,4463157.326160293,ai_sparse_k3,3,0.05749603853296601
cleanStatic,holdout,88,87.99867156,5,6,2199716789,2200216789,5599735.50466,4463157.326160293,pg_scc_k3,3,0.5276390251818631
cleanStatic,holdout,88,87.99867156,5,6,2199716789,2200216789,5599735.50466,4463157.326160293,ai_sparse_k5,5,0.35290897825638623
cleanStatic,holdout,88,87.99867156,5,6,2199716789,2200216789,5599735.50466,4463157.326160293,pg_scc_k5,5,0.15961288134568336
cleanStatic,holdout,88,87.99867156,5,6,2199716789,2200216789,5599735.50466,4463157.326160293,ai_sparse_k9,9,0.3655372267141892
cleanStatic,holdout,88,87.99867156,5,6,2199716789,2200216789,5599735.50466,4463157.326160293,pg_scc_k9,9,0.14756990426252592
cleanStatic,holdout,88,87.99867156,5,6,2199716789,2200216789,5599735.50466,4463157.326160293,epl3,3,0.5601529402391384
cleanStatic,holdout,88,87.99867156,5,6,2199716789,2200216789,5599735.50466,4463157.326160293,fixed9,9,0.3857801504485676
cleanStatic,holdout,88,87.99867156,5,6,2199716789,2200216789,5599735.50466,4463157.326160293,random1_k3,3,0.22099306192489912
cleanStatic,holdout,88,87.99867156,5,6,2199716789,2200216789,5599735.50466,4463157.326160293,random2_k3,3,0.12002066469578809
cleanStatic,holdout,88,87.99867156,5,6,2199716789,2200216789,5599735.50466,4463157.326160293,random3_k3,3,0.6009492602052333
cleanStatic,holdout,88,87.99867156,5,6,2199716789,2200216789,5599735.50466,4463157.326160293,random4_k3,3,0.3732589757260148
cleanStatic,holdout,88,87.99867156,5,6,2199716789,2200216789,5599735.50466,4463157.326160293,random5_k3,3,0.43790077623211826
cleanStatic,holdout,88,87.99867156,5,6,2199716789,2200216789,5599735.50466,4463157.326160293,random1_k5,5,0.22545997022746972
cleanStatic,holdout,88,87.99867156,5,6,2199716789,2200216789,5599735.50466,4463157.326160293,random2_k5,5,0.5255289640774208
cleanStatic,holdout,88,87.99867156,5,6,2199716789,2200216789,5599735.50466,4463157.326160293,random3_k5,5,0.40075353518788204
cleanStatic,holdout,88,87.99867156,5,6,2199716789,2200216789,5599735.50466,4463157.326160293,random4_k5,5,0.3853152308447546
cleanStatic,holdout,88,87.99867156,5,6,2199716789,2200216789,5599735.50466,4463157.326160293,random5_k5,5,0.15571119037788023
cleanStatic,holdout,88,87.99867156,5,6,2199716789,2200216789,5599735.50466,4463157.326160293,random1_k9,9,0.14761236530485464
cleanStatic,holdout,88,87.99867156,5,6,2199716789,2200216789,5599735.50466,4463157.326160293,random2_k9,9,0.18130558650615639
cleanStatic,holdout,88,87.99867156,5,6,2199716789,2200216789,5599735.50466,4463157.326160293,random3_k9,9,0.172472336345466
cleanStatic,holdout,88,87.99867156,5,6,2199716789,2200216789,5599735.50466,4463157.326160293,random4_k9,9,0.08027448260485191
cleanStatic,holdout,88,87.99867156,5,6,2199716789,2200216789,5599735.50466,4463157.326160293,random5_k9,9,0.04683150965372926
cleanStatic,holdout,88,87.99815404,6,7,2199703851,2200203851,5601928.540624001,4206459.151641129,dense_two_source_glrt,187,0.09218901981603221
cleanStatic,holdout,88,87.99815404,6,7,2199703851,2200203851,5601928.540624001,4206459.151641129,dense_one_source_residual,187,1.414896359939257
cleanStatic,holdout,88,87.99815404,6,7,2199703851,2200203851,5601928.540624001,4206459.151641129,raw_power_only,0,5601928.540624001
cleanStatic,holdout,88,87.99815404,6,7,2199703851,2200203851,5601928.540624001,4206459.151641129,analytic_sparse_k3,3,0.5424159229483465
cleanStatic,holdout,88,87.99815404,6,7,2199703851,2200203851,5601928.540624001,4206459.151641129,uniform_k3,3,1.2477564998272523
cleanStatic,holdout,88,87.99815404,6,7,2199703851,2200203851,5601928.540624001,4206459.151641129,shuffled_k3,3,0.5768819266509132
cleanStatic,holdout,88,87.99815404,6,7,2199703851,2200203851,5601928.540624001,4206459.151641129,analytic_sparse_k5,5,0.7201441741618334
cleanStatic,holdout,88,87.99815404,6,7,2199703851,2200203851,5601928.540624001,4206459.151641129,uniform_k5,5,1.429226154041175
cleanStatic,holdout,88,87.99815404,6,7,2199703851,2200203851,5601928.540624001,4206459.151641129,shuffled_k5,5,0.41950494471222016
cleanStatic,holdout,88,87.99815404,6,7,2199703851,2200203851,5601928.540624001,4206459.151641129,analytic_sparse_k9,9,0.40867361721944484
cleanStatic,holdout,88,87.99815404,6,7,2199703851,2200203851,5601928.540624001,4206459.151641129,uniform_k9,9,0.15013780748827305
cleanStatic,holdout,88,87.99815404,6,7,2199703851,2200203851,5601928.540624001,4206459.151641129,shuffled_k9,9,0.593778627777136
cleanStatic,holdout,88,87.99815404,6,7,2199703851,2200203851,5601928.540624001,4206459.151641129,ai_sparse_k3,3,1.3947998991972665
cleanStatic,holdout,88,87.99815404,6,7,2199703851,2200203851,5601928.540624001,4206459.151641129,pg_scc_k3,3,0.45806252979443
cleanStatic,holdout,88,87.99815404,6,7,2199703851,2200203851,5601928.540624001,4206459.151641129,ai_sparse_k5,5,0.8253463989617913
cleanStatic,holdout,88,87.99815404,6,7,2199703851,2200203851,5601928.540624001,4206459.151641129,pg_scc_k5,5,0.2690928789969204
cleanStatic,holdout,88,87.99815404,6,7,2199703851,2200203851,5601928.540624001,4206459.151641129,ai_sparse_k9,9,0.285482342353585
cleanStatic,holdout,88,87.99815404,6,7,2199703851,2200203851,5601928.540624001,4206459.151641129,pg_scc_k9,9,0.12020875248982617
cleanStatic,holdout,88,87.99815404,6,7,2199703851,2200203851,5601928.540624001,4206459.151641129,epl3,3,0.9514401195945328
cleanStatic,holdout,88,87.99815404,6,7,2199703851,2200203851,5601928.540624001,4206459.151641129,fixed9,9,0.5080617493663319
cleanStatic,holdout,88,87.99815404,6,7,2199703851,2200203851,5601928.540624001,4206459.151641129,random1_k3,3,0.9314586086927891
cleanStatic,holdout,88,87.99815404,6,7,2199703851,2200203851,5601928.540624001,4206459.151641129,random2_k3,3,1.1607979536202244
cleanStatic,holdout,88,87.99815404,6,7,2199703851,2200203851,5601928.540624001,4206459.151641129,random3_k3,3,0.644132868727216
cleanStatic,holdout,88,87.99815404,6,7,2199703851,2200203851,5601928.540624001,4206459.151641129,random4_k3,3,0.4382035710179215
cleanStatic,holdout,88,87.99815404,6,7,2199703851,2200203851,5601928.540624001,4206459.151641129,random5_k3,3,0.6241168556110575
cleanStatic,holdout,88,87.99815404,6,7,2199703851,2200203851,5601928.540624001,4206459.151641129,random1_k5,5,0.30354893003364475
cleanStatic,holdout,88,87.99815404,6,7,2199703851,2200203851,5601928.540624001,4206459.151641129,random2_k5,5,0.39517859792654414
cleanStatic,holdout,88,87.99815404,6,7,2199703851,2200203851,5601928.540624001,4206459.151641129,random3_k5,5,0.22287159889616515
cleanStatic,holdout,88,87.99815404,6,7,2199703851,2200203851,5601928.540624001,4206459.151641129,random4_k5,5,0.3864179671648973
cleanStatic,holdout,88,87.99815404,6,7,2199703851,2200203851,5601928.540624001,4206459.151641129,random5_k5,5,0.9529660142045889
cleanStatic,holdout,88,87.99815404,6,7,2199703851,2200203851,5601928.540624001,4206459.151641129,random1_k9,9,0.691301359315089
cleanStatic,holdout,88,87.99815404,6,7,2199703851,2200203851,5601928.540624001,4206459.151641129,random2_k9,9,0.6562465489872112
cleanStatic,holdout,88,87.99815404,6,7,2199703851,2200203851,5601928.540624001,4206459.151641129,random3_k9,9,0.731517353058746
cleanStatic,holdout,88,87.99815404,6,7,2199703851,2200203851,5601928.540624001,4206459.151641129,random4_k9,9,0.5547937799303598
cleanStatic,holdout,88,87.99815404,6,7,2199703851,2200203851,5601928.540624001,4206459.151641129,random5_k9,9,0.4977669072603405
cleanStatic,holdout,88,87.99036092,7,10,2199509023,2200009023,5595573.655482,2336156.811493062,dense_two_source_glrt,187,0.039523142396076724
cleanStatic,holdout,88,87.99036092,7,10,2199509023,2200009023,5595573.655482,2336156.811493062,dense_one_source_residual,187,1.4368501436006142
cleanStatic,holdout,88,87.99036092,7,10,2199509023,2200009023,5595573.655482,2336156.811493062,raw_power_only,0,5595573.655482
cleanStatic,holdout,88,87.99036092,7,10,2199509023,2200009023,5595573.655482,2336156.811493062,analytic_sparse_k3,3,0.659987002790771
cleanStatic,holdout,88,87.99036092,7,10,2199509023,2200009023,5595573.655482,2336156.811493062,uniform_k3,3,0.691051430515574
cleanStatic,holdout,88,87.99036092,7,10,2199509023,2200009023,5595573.655482,2336156.811493062,shuffled_k3,3,0.1369990937018102
cleanStatic,holdout,88,87.99036092,7,10,2199509023,2200009023,5595573.655482,2336156.811493062,analytic_sparse_k5,5,0.18272492117455136
cleanStatic,holdout,88,87.99036092,7,10,2199509023,2200009023,5595573.655482,2336156.811493062,uniform_k5,5,0.535701239791215
cleanStatic,holdout,88,87.99036092,7,10,2199509023,2200009023,5595573.655482,2336156.811493062,shuffled_k5,5,0.2044978784291903
cleanStatic,holdout,88,87.99036092,7,10,2199509023,2200009023,5595573.655482,2336156.811493062,analytic_sparse_k9,9,0.12434121202644002
cleanStatic,holdout,88,87.99036092,7,10,2199509023,2200009023,5595573.655482,2336156.811493062,uniform_k9,9,0.06394826196736611
cleanStatic,holdout,88,87.99036092,7,10,2199509023,2200009023,5595573.655482,2336156.811493062,shuffled_k9,9,0.8784629247173619
cleanStatic,holdout,88,87.99036092,7,10,2199509023,2200009023,5595573.655482,2336156.811493062,ai_sparse_k3,3,1.341867129741745
cleanStatic,holdout,88,87.99036092,7,10,2199509023,2200009023,5595573.655482,2336156.811493062,pg_scc_k3,3,1.519391322973151
cleanStatic,holdout,88,87.99036092,7,10,2199509023,2200009023,5595573.655482,2336156.811493062,ai_sparse_k5,5,1.8219845147297675
cleanStatic,holdout,88,87.99036092,7,10,2199509023,2200009023,5595573.655482,2336156.811493062,pg_scc_k5,5,1.1472623418787258
cleanStatic,holdout,88,87.99036092,7,10,2199509023,2200009023,5595573.655482,2336156.811493062,ai_sparse_k9,9,0.6928477530602889
cleanStatic,holdout,88,87.99036092,7,10,2199509023,2200009023,5595573.655482,2336156.811493062,pg_scc_k9,9,0.5043244219825892
cleanStatic,holdout,88,87.99036092,7,10,2199509023,2200009023,5595573.655482,2336156.811493062,epl3,3,0.3530290235707616
cleanStatic,holdout,88,87.99036092,7,10,2199509023,2200009023,5595573.655482,2336156.811493062,fixed9,9,0.8218456363038653
cleanStatic,holdout,88,87.99036092,7,10,2199509023,2200009023,5595573.655482,2336156.811493062,random1_k3,3,0.4098592132952075
cleanStatic,holdout,88,87.99036092,7,10,2199509023,2200009023,5595573.655482,2336156.811493062,random2_k3,3,0.18927182403856624
cleanStatic,holdout,88,87.99036092,7,10,2199509023,2200009023,5595573.655482,2336156.811493062,random3_k3,3,0.7987044622983009
cleanStatic,holdout,88,87.99036092,7,10,2199509023,2200009023,5595573.655482,2336156.811493062,random4_k3,3,0.4508837716781134
cleanStatic,holdout,88,87.99036092,7,10,2199509023,2200009023,5595573.655482,2336156.811493062,random5_k3,3,0.3722507315484687
cleanStatic,holdout,88,87.99036092,7,10,2199509023,2200009023,5595573.655482,2336156.811493062,random1_k5,5,0.6418690498148819
cleanStatic,holdout,88,87.99036092,7,10,2199509023,2200009023,5595573.655482,2336156.811493062,random2_k5,5,0.4798069721381732
cleanStatic,holdout,88,87.99036092,7,10,2199509023,2200009023,5595573.655482,2336156.811493062,random3_k5,5,0.6503442575178255
cleanStatic,holdout,88,87.99036092,7,10,2199509023,2200009023,5595573.655482,2336156.811493062,random4_k5,5,0.3733376015217721
cleanStatic,holdout,88,87.99036092,7,10,2199509023,2200009023,5595573.655482,2336156.811493062,random5_k5,5,0.6668052197854397
cleanStatic,holdout,88,87.99036092,7,10,2199509023,2200009023,5595573.655482,2336156.811493062,random1_k9,9,0.2468279815641612
cleanStatic,holdout,88,87.99036092,7,10,2199509023,2200009023,5595573.655482,2336156.811493062,random2_k9,9,0.099240099287033
cleanStatic,holdout,88,87.99036092,7,10,2199509023,2200009023,5595573.655482,2336156.811493062,random3_k9,9,0.20570536731983965
cleanStatic,holdout,88,87.99036092,7,10,2199509023,2200009023,5595573.655482,2336156.811493062,random4_k9,9,0.5226644402721465
cleanStatic,holdout,88,87.99036092,7,10,2199509023,2200009023,5595573.655482,2336156.811493062,random5_k9,9,0.645101095952662
cleanStatic,holdout,88,87.99063156,8,13,2199515789,2200015789,5595963.678656,6217097.351346908,dense_two_source_glrt,187,0.06114324707859173
cleanStatic,holdout,88,87.99063156,8,13,2199515789,2200015789,5595963.678656,6217097.351346908,dense_one_source_residual,187,0.5536524307228756
cleanStatic,holdout,88,87.99063156,8,13,2199515789,2200015789,5595963.678656,6217097.351346908,raw_power_only,0,5595963.678656
cleanStatic,holdout,88,87.99063156,8,13,2199515789,2200015789,5595963.678656,6217097.351346908,analytic_sparse_k3,3,0.23528095254255585
cleanStatic,holdout,88,87.99063156,8,13,2199515789,2200015789,5595963.678656,6217097.351346908,uniform_k3,3,0.44242045675450153
cleanStatic,holdout,88,87.99063156,8,13,2199515789,2200015789,5595963.678656,6217097.351346908,shuffled_k3,3,0.19157310358391144
cleanStatic,holdout,88,87.99063156,8,13,2199515789,2200015789,5595963.678656,6217097.351346908,analytic_sparse_k5,5,0.226376416591481
cleanStatic,holdout,88,87.99063156,8,13,2199515789,2200015789,5595963.678656,6217097.351346908,uniform_k5,5,0.08365271440180946
cleanStatic,holdout,88,87.99063156,8,13,2199515789,2200015789,5595963.678656,6217097.351346908,shuffled_k5,5,0.5824002578299932
cleanStatic,holdout,88,87.99063156,8,13,2199515789,2200015789,5595963.678656,6217097.351346908,analytic_sparse_k9,9,0.2149981164852659
cleanStatic,holdout,88,87.99063156,8,13,2199515789,2200015789,5595963.678656,6217097.351346908,uniform_k9,9,0.017936111411133875
cleanStatic,holdout,88,87.99063156,8,13,2199515789,2200015789,5595963.678656,6217097.351346908,shuffled_k9,9,0.2767916557484909
cleanStatic,holdout,88,87.99063156,8,13,2199515789,2200015789,5595963.678656,6217097.351346908,ai_sparse_k3,3,0.1227316799659599
cleanStatic,holdout,88,87.99063156,8,13,2199515789,2200015789,5595963.678656,6217097.351346908,pg_scc_k3,3,0.30437513565782
cleanStatic,holdout,88,87.99063156,8,13,2199515789,2200015789,5595963.678656,6217097.351346908,ai_sparse_k5,5,0.2865119030803803
cleanStatic,holdout,88,87.99063156,8,13,2199515789,2200015789,5595963.678656,6217097.351346908,pg_scc_k5,5,0.08707630249789644
cleanStatic,holdout,88,87.99063156,8,13,2199515789,2200015789,5595963.678656,6217097.351346908,ai_sparse_k9,9,0.25158596573476966
cleanStatic,holdout,88,87.99063156,8,13,2199515789,2200015789,5595963.678656,6217097.351346908,pg_scc_k9,9,0.13427639445367984
cleanStatic,holdout,88,87.99063156,8,13,2199515789,2200015789,5595963.678656,6217097.351346908,epl3,3,0.3344152376559815
cleanStatic,holdout,88,87.99063156,8,13,2199515789,2200015789,5595963.678656,6217097.351346908,fixed9,9,0.29512152569506617
cleanStatic,holdout,88,87.99063156,8,13,2199515789,2200015789,5595963.678656,6217097.351346908,random1_k3,3,0.19480660705242994
cleanStatic,holdout,88,87.99063156,8,13,2199515789,2200015789,5595963.678656,6217097.351346908,random2_k3,3,0.3479840495892548
cleanStatic,holdout,88,87.99063156,8,13,2199515789,2200015789,5595963.678656,6217097.351346908,random3_k3,3,0.25514482767526403
cleanStatic,holdout,88,87.99063156,8,13,2199515789,2200015789,5595963.678656,6217097.351346908,random4_k3,3,0.18087314995544626
cleanStatic,holdout,88,87.99063156,8,13,2199515789,2200015789,5595963.678656,6217097.351346908,random5_k3,3,0.3190230646313279
cleanStatic,holdout,88,87.99063156,8,13,2199515789,2200015789,5595963.678656,6217097.351346908,random1_k5,5,0.12131055921273366
cleanStatic,holdout,88,87.99063156,8,13,2199515789,2200015789,5595963.678656,6217097.351346908,random2_k5,5,0.2997821540796094
cleanStatic,holdout,88,87.99063156,8,13,2199515789,2200015789,5595963.678656,6217097.351346908,random3_k5,5,0.4869504210466049
cleanStatic,holdout,88,87.99063156,8,13,2199515789,2200015789,5595963.678656,6217097.351346908,random4_k5,5,0.1852335928148999
cleanStatic,holdout,88,87.99063156,8,13,2199515789,2200015789,5595963.678656,6217097.351346908,random5_k5,5,0.40422131084385404
cleanStatic,holdout,88,87.99063156,8,13,2199515789,2200015789,5595963.678656,6217097.351346908,random1_k9,9,0.20066397251012683
cleanStatic,holdout,88,87.99063156,8,13,2199515789,2200015789,5595963.678656,6217097.351346908,random2_k9,9,0.19478063078860997
cleanStatic,holdout,88,87.99063156,8,13,2199515789,2200015789,5595963.678656,6217097.351346908,random3_k9,9,0.26120007200926687
cleanStatic,holdout,88,87.99063156,8,13,2199515789,2200015789,5595963.678656,6217097.351346908,random4_k9,9,0.24247314391830976
cleanStatic,holdout,88,87.99063156,8,13,2199515789,2200015789,5595963.678656,6217097.351346908,random5_k9,9,0.10678061773282756
cleanStatic,holdout,88,88.00144948,9,19,2199786237,2200286237,5583869.517314,4768639.557739605,dense_two_source_glrt,187,0.133287829034605
cleanStatic,holdout,88,88.00144948,9,19,2199786237,2200286237,5583869.517314,4768639.557739605,dense_one_source_residual,187,0.624564923308629
cleanStatic,holdout,88,88.00144948,9,19,2199786237,2200286237,5583869.517314,4768639.557739605,raw_power_only,0,5583869.517314
cleanStatic,holdout,88,88.00144948,9,19,2199786237,2200286237,5583869.517314,4768639.557739605,analytic_sparse_k3,3,0.2637282443510635
cleanStatic,holdout,88,88.00144948,9,19,2199786237,2200286237,5583869.517314,4768639.557739605,uniform_k3,3,0.5103717608563911
cleanStatic,holdout,88,88.00144948,9,19,2199786237,2200286237,5583869.517314,4768639.557739605,shuffled_k3,3,0.30643174508172105
cleanStatic,holdout,88,88.00144948,9,19,2199786237,2200286237,5583869.517314,4768639.557739605,analytic_sparse_k5,5,0.27039131987338283
cleanStatic,holdout,88,88.00144948,9,19,2199786237,2200286237,5583869.517314,4768639.557739605,uniform_k5,5,0.16389384935312856
cleanStatic,holdout,88,88.00144948,9,19,2199786237,2200286237,5583869.517314,4768639.557739605,shuffled_k5,5,0.3277597113936897
cleanStatic,holdout,88,88.00144948,9,19,2199786237,2200286237,5583869.517314,4768639.557739605,analytic_sparse_k9,9,0.22094255995548048
cleanStatic,holdout,88,88.00144948,9,19,2199786237,2200286237,5583869.517314,4768639.557739605,uniform_k9,9,0.11464203955030688
cleanStatic,holdout,88,88.00144948,9,19,2199786237,2200286237,5583869.517314,4768639.557739605,shuffled_k9,9,0.24733222370109
cleanStatic,holdout,88,88.00144948,9,19,2199786237,2200286237,5583869.517314,4768639.557739605,ai_sparse_k3,3,0.8584235064284281
cleanStatic,holdout,88,88.00144948,9,19,2199786237,2200286237,5583869.517314,4768639.557739605,pg_scc_k3,3,0.6695448094175583
cleanStatic,holdout,88,88.00144948,9,19,2199786237,2200286237,5583869.517314,4768639.557739605,ai_sparse_k5,5,0.643647412937131
cleanStatic,holdout,88,88.00144948,9,19,2199786237,2200286237,5583869.517314,4768639.557739605,pg_scc_k5,5,0.3193187130809686
cleanStatic,holdout,88,88.00144948,9,19,2199786237,2200286237,5583869.517314,4768639.557739605,ai_sparse_k9,9,0.30341767005873943
cleanStatic,holdout,88,88.00144948,9,19,2199786237,2200286237,5583869.517314,4768639.557739605,pg_scc_k9,9,0.16230498821174066
cleanStatic,holdout,88,88.00144948,9,19,2199786237,2200286237,5583869.517314,4768639.557739605,epl3,3,0.33522631247782925
cleanStatic,holdout,88,88.00144948,9,19,2199786237,2200286237,5583869.517314,4768639.557739605,fixed9,9,0.5496260602777091
cleanStatic,holdout,88,88.00144948,9,19,2199786237,2200286237,5583869.517314,4768639.557739605,random1_k3,3,0.43652702949787675
cleanStatic,holdout,88,88.00144948,9,19,2199786237,2200286237,5583869.517314,4768639.557739605,random2_k3,3,0.41945887153822553
cleanStatic,holdout,88,88.00144948,9,19,2199786237,2200286237,5583869.517314,4768639.557739605,random3_k3,3,0.3430965309106599
cleanStatic,holdout,88,88.00144948,9,19,2199786237,2200286237,5583869.517314,4768639.557739605,random4_k3,3,0.6753164873321924
cleanStatic,holdout,88,88.00144948,9,19,2199786237,2200286237,5583869.517314,4768639.557739605,random5_k3,3,0.10461431977337225
cleanStatic,holdout,88,88.00144948,9,19,2199786237,2200286237,5583869.517314,4768639.557739605,random1_k5,5,0.15975414754754427
cleanStatic,holdout,88,88.00144948,9,19,2199786237,2200286237,5583869.517314,4768639.557739605,random2_k5,5,0.31827073566906156
cleanStatic,holdout,88,88.00144948,9,19,2199786237,2200286237,5583869.517314,4768639.557739605,random3_k5,5,0.30539513364386134
cleanStatic,holdout,88,88.00144948,9,19,2199786237,2200286237,5583869.517314,4768639.557739605,random4_k5,5,0.1570940378930365
cleanStatic,holdout,88,88.00144948,9,19,2199786237,2200286237,5583869.517314,4768639.557739605,random5_k5,5,0.27024271281543194
cleanStatic,holdout,88,88.00144948,9,19,2199786237,2200286237,5583869.517314,4768639.557739605,random1_k9,9,0.49420653350787597
cleanStatic,holdout,88,88.00144948,9,19,2199786237,2200286237,5583869.517314,4768639.557739605,random2_k9,9,0.10845169544842331
cleanStatic,holdout,88,88.00144948,9,19,2199786237,2200286237,5583869.517314,4768639.557739605,random3_k9,9,0.10100912857829226
cleanStatic,holdout,88,88.00144948,9,19,2199786237,2200286237,5583869.517314,4768639.557739605,random4_k9,9,0.07160416674480476
cleanStatic,holdout,88,88.00144948,9,19,2199786237,2200286237,5583869.517314,4768639.557739605,random5_k9,9,0.10416772837796993
cleanStatic,holdout,88,87.99062628,10,23,2199515657,2200015657,5596140.327168,6601929.598096114,dense_two_source_glrt,187,0.03525539749516017
cleanStatic,holdout,88,87.99062628,10,23,2199515657,2200015657,5596140.327168,6601929.598096114,dense_one_source_residual,187,0.154256483299609
cleanStatic,holdout,88,87.99062628,10,23,2199515657,2200015657,5596140.327168,6601929.598096114,raw_power_only,0,5596140.327168
cleanStatic,holdout,88,87.99062628,10,23,2199515657,2200015657,5596140.327168,6601929.598096114,analytic_sparse_k3,3,0.0053587802766756525
cleanStatic,holdout,88,87.99062628,10,23,2199515657,2200015657,5596140.327168,6601929.598096114,uniform_k3,3,0.15515145370132863
cleanStatic,holdout,88,87.99062628,10,23,2199515657,2200015657,5596140.327168,6601929.598096114,shuffled_k3,3,0.12063290668659198
cleanStatic,holdout,88,87.99062628,10,23,2199515657,2200015657,5596140.327168,6601929.598096114,analytic_sparse_k5,5,0.02088577388426748
cleanStatic,holdout,88,87.99062628,10,23,2199515657,2200015657,5596140.327168,6601929.598096114,uniform_k5,5,0.0915360585627523
cleanStatic,holdout,88,87.99062628,10,23,2199515657,2200015657,5596140.327168,6601929.598096114,shuffled_k5,5,0.02304840514668966
cleanStatic,holdout,88,87.99062628,10,23,2199515657,2200015657,5596140.327168,6601929.598096114,analytic_sparse_k9,9,0.03346352349333759
cleanStatic,holdout,88,87.99062628,10,23,2199515657,2200015657,5596140.327168,6601929.598096114,uniform_k9,9,0.03331583326322139
cleanStatic,holdout,88,87.99062628,10,23,2199515657,2200015657,5596140.327168,6601929.598096114,shuffled_k9,9,0.09248297053214088
cleanStatic,holdout,88,87.99062628,10,23,2199515657,2200015657,5596140.327168,6601929.598096114,ai_sparse_k3,3,0.08646909609502068
cleanStatic,holdout,88,87.99062628,10,23,2199515657,2200015657,5596140.327168,6601929.598096114,pg_scc_k3,3,0.03970654530021727
cleanStatic,holdout,88,87.99062628,10,23,2199515657,2200015657,5596140.327168,6601929.598096114,ai_sparse_k5,5,0.10734834980938057
cleanStatic,holdout,88,87.99062628,10,23,2199515657,2200015657,5596140.327168,6601929.598096114,pg_scc_k5,5,0.049134038684823945
cleanStatic,holdout,88,87.99062628,10,23,2199515657,2200015657,5596140.327168,6601929.598096114,ai_sparse_k9,9,0.10622424007221358
cleanStatic,holdout,88,87.99062628,10,23,2199515657,2200015657,5596140.327168,6601929.598096114,pg_scc_k9,9,0.021747372351773684
cleanStatic,holdout,88,87.99062628,10,23,2199515657,2200015657,5596140.327168,6601929.598096114,epl3,3,0.08417065290271826
cleanStatic,holdout,88,87.99062628,10,23,2199515657,2200015657,5596140.327168,6601929.598096114,fixed9,9,0.08910577935695463
cleanStatic,holdout,88,87.99062628,10,23,2199515657,2200015657,5596140.327168,6601929.598096114,random1_k3,3,0.02720547418119626
cleanStatic,holdout,88,87.99062628,10,23,2199515657,2200015657,5596140.327168,6601929.598096114,random2_k3,3,0.06306366878271827
cleanStatic,holdout,88,87.99062628,10,23,2199515657,2200015657,5596140.327168,6601929.598096114,random3_k3,3,0.3114068216970749
cleanStatic,holdout,88,87.99062628,10,23,2199515657,2200015657,5596140.327168,6601929.598096114,random4_k3,3,0.08548999228866198
cleanStatic,holdout,88,87.99062628,10,23,2199515657,2200015657,5596140.327168,6601929.598096114,random5_k3,3,0.04285661559341592
cleanStatic,holdout,88,87.99062628,10,23,2199515657,2200015657,5596140.327168,6601929.598096114,random1_k5,5,0.051816684796687586
cleanStatic,holdout,88,87.99062628,10,23,2199515657,2200015657,5596140.327168,6601929.598096114,random2_k5,5,0.03763622067653838
cleanStatic,holdout,88,87.99062628,10,23,2199515657,2200015657,5596140.327168,6601929.598096114,random3_k5,5,0.07183215225411206
cleanStatic,holdout,88,87.99062628,10,23,2199515657,2200015657,5596140.327168,6601929.598096114,random4_k5,5,0.02132260177885529
cleanStatic,holdout,88,87.99062628,10,23,2199515657,2200015657,5596140.327168,6601929.598096114,random5_k5,5,0.09203157760335767
cleanStatic,holdout,88,87.99062628,10,23,2199515657,2200015657,5596140.327168,6601929.598096114,random1_k9,9,0.05254054702162424
cleanStatic,holdout,88,87.99062628,10,23,2199515657,2200015657,5596140.327168,6601929.598096114,random2_k9,9,0.05257509558513754
cleanStatic,holdout,88,87.99062628,10,23,2199515657,2200015657,5596140.327168,6601929.598096114,random3_k9,9,0.07452929086281146
cleanStatic,holdout,88,87.99062628,10,23,2199515657,2200015657,5596140.327168,6601929.598096114,random4_k9,9,0.03666520951706734
cleanStatic,holdout,88,87.99062628,10,23,2199515657,2200015657,5596140.327168,6601929.598096114,random5_k9,9,0.021710512666685104
cleanStatic,holdout,89,88.99036172,0,16,2224509043,2225009043,5549867.175520001,5178299.717322173,dense_two_source_glrt,187,0.029243162556933107
cleanStatic,holdout,89,88.99036172,0,16,2224509043,2225009043,5549867.175520001,5178299.717322173,dense_one_source_residual,187,0.34171286343085167
cleanStatic,holdout,89,88.99036172,0,16,2224509043,2225009043,5549867.175520001,5178299.717322173,raw_power_only,0,5549867.175520001
cleanStatic,holdout,89,88.99036172,0,16,2224509043,2225009043,5549867.175520001,5178299.717322173,analytic_sparse_k3,3,0.015278140258215911
cleanStatic,holdout,89,88.99036172,0,16,2224509043,2225009043,5549867.175520001,5178299.717322173,uniform_k3,3,0.17264820408638426
cleanStatic,holdout,89,88.99036172,0,16,2224509043,2225009043,5549867.175520001,5178299.717322173,shuffled_k3,3,0.03617602803806921
cleanStatic,holdout,89,88.99036172,0,16,2224509043,2225009043,5549867.175520001,5178299.717322173,analytic_sparse_k5,5,0.09194139609758785
cleanStatic,holdout,89,88.99036172,0,16,2224509043,2225009043,5549867.175520001,5178299.717322173,uniform_k5,5,0.09089904672342483
cleanStatic,holdout,89,88.99036172,0,16,2224509043,2225009043,5549867.175520001,5178299.717322173,shuffled_k5,5,0.07397362882549492
cleanStatic,holdout,89,88.99036172,0,16,2224509043,2225009043,5549867.175520001,5178299.717322173,analytic_sparse_k9,9,0.029426292986072196
cleanStatic,holdout,89,88.99036172,0,16,2224509043,2225009043,5549867.175520001,5178299.717322173,uniform_k9,9,0.055446721495960985
cleanStatic,holdout,89,88.99036172,0,16,2224509043,2225009043,5549867.175520001,5178299.717322173,shuffled_k9,9,0.13233201700145314
cleanStatic,holdout,89,88.99036172,0,16,2224509043,2225009043,5549867.175520001,5178299.717322173,ai_sparse_k3,3,0.10502927987635076
cleanStatic,holdout,89,88.99036172,0,16,2224509043,2225009043,5549867.175520001,5178299.717322173,pg_scc_k3,3,0.06583317773493046
cleanStatic,holdout,89,88.99036172,0,16,2224509043,2225009043,5549867.175520001,5178299.717322173,ai_sparse_k5,5,0.09572780456825711
cleanStatic,holdout,89,88.99036172,0,16,2224509043,2225009043,5549867.175520001,5178299.717322173,pg_scc_k5,5,0.009322785718167515
cleanStatic,holdout,89,88.99036172,0,16,2224509043,2225009043,5549867.175520001,5178299.717322173,ai_sparse_k9,9,0.04371640976101676
cleanStatic,holdout,89,88.99036172,0,16,2224509043,2225009043,5549867.175520001,5178299.717322173,pg_scc_k9,9,0.015019070588115394
cleanStatic,holdout,89,88.99036172,0,16,2224509043,2225009043,5549867.175520001,5178299.717322173,epl3,3,0.22510845020818193
cleanStatic,holdout,89,88.99036172,0,16,2224509043,2225009043,5549867.175520001,5178299.717322173,fixed9,9,0.1338283512818888
cleanStatic,holdout,89,88.99036172,0,16,2224509043,2225009043,5549867.175520001,5178299.717322173,random1_k3,3,0.20303750636569284
cleanStatic,holdout,89,88.99036172,0,16,2224509043,2225009043,5549867.175520001,5178299.717322173,random2_k3,3,0.40524418975370824
cleanStatic,holdout,89,88.99036172,0,16,2224509043,2225009043,5549867.175520001,5178299.717322173,random3_k3,3,0.08862078981976544
cleanStatic,holdout,89,88.99036172,0,16,2224509043,2225009043,5549867.175520001,5178299.717322173,random4_k3,3,0.522999754658157
cleanStatic,holdout,89,88.99036172,0,16,2224509043,2225009043,5549867.175520001,5178299.717322173,random5_k3,3,0.04267514931473856
cleanStatic,holdout,89,88.99036172,0,16,2224509043,2225009043,5549867.175520001,5178299.717322173,random1_k5,5,0.13253506111394914
cleanStatic,holdout,89,88.99036172,0,16,2224509043,2225009043,5549867.175520001,5178299.717322173,random2_k5,5,0.09415811427810879
cleanStatic,holdout,89,88.99036172,0,16,2224509043,2225009043,5549867.175520001,5178299.717322173,random3_k5,5,0.13768736921330277
cleanStatic,holdout,89,88.99036172,0,16,2224509043,2225009043,5549867.175520001,5178299.717322173,random4_k5,5,0.18401396830539982
cleanStatic,holdout,89,88.99036172,0,16,2224509043,2225009043,5549867.175520001,5178299.717322173,random5_k5,5,0.2520315017354373
cleanStatic,holdout,89,88.99036172,0,16,2224509043,2225009043,5549867.175520001,5178299.717322173,random1_k9,9,0.05956754156450607
cleanStatic,holdout,89,88.99036172,0,16,2224509043,2225009043,5549867.175520001,5178299.717322173,random2_k9,9,0.06579805218225394
cleanStatic,holdout,89,88.99036172,0,16,2224509043,2225009043,5549867.175520001,5178299.717322173,random3_k9,9,0.08476427954259703
cleanStatic,holdout,89,88.99036172,0,16,2224509043,2225009043,5549867.175520001,5178299.717322173,random4_k9,9,0.2795633448470862
cleanStatic,holdout,89,88.99036172,0,16,2224509043,2225009043,5549867.175520001,5178299.717322173,random5_k9,9,0.11769414073831636
cleanStatic,holdout,89,89.00417224,1,8,2224854306,2225354306,5553757.787246001,1899717.4331146404,dense_two_source_glrt,187,0.8746175193367762
cleanStatic,holdout,89,89.00417224,1,8,2224854306,2225354306,5553757.787246001,1899717.4331146404,dense_one_source_residual,187,2.8158178226646813
cleanStatic,holdout,89,89.00417224,1,8,2224854306,2225354306,5553757.787246001,1899717.4331146404,raw_power_only,0,5553757.787246001
cleanStatic,holdout,89,89.00417224,1,8,2224854306,2225354306,5553757.787246001,1899717.4331146404,analytic_sparse_k3,3,0.6178123848441032
cleanStatic,holdout,89,89.00417224,1,8,2224854306,2225354306,5553757.787246001,1899717.4331146404,uniform_k3,3,2.749559942933539
cleanStatic,holdout,89,89.00417224,1,8,2224854306,2225354306,5553757.787246001,1899717.4331146404,shuffled_k3,3,0.6350070437437678
cleanStatic,holdout,89,89.00417224,1,8,2224854306,2225354306,5553757.787246001,1899717.4331146404,analytic_sparse_k5,5,0.6321049638659206
cleanStatic,holdout,89,89.00417224,1,8,2224854306,2225354306,5553757.787246001,1899717.4331146404,uniform_k5,5,0.45949613837367276
cleanStatic,holdout,89,89.00417224,1,8,2224854306,2225354306,5553757.787246001,1899717.4331146404,shuffled_k5,5,1.2701506129534903
cleanStatic,holdout,89,89.00417224,1,8,2224854306,2225354306,5553757.787246001,1899717.4331146404,analytic_sparse_k9,9,1.5146867524527448
cleanStatic,holdout,89,89.00417224,1,8,2224854306,2225354306,5553757.787246001,1899717.4331146404,uniform_k9,9,0.5256597638822823
cleanStatic,holdout,89,89.00417224,1,8,2224854306,2225354306,5553757.787246001,1899717.4331146404,shuffled_k9,9,0.6688153073304424
cleanStatic,holdout,89,89.00417224,1,8,2224854306,2225354306,5553757.787246001,1899717.4331146404,ai_sparse_k3,3,3.2282063504672887
cleanStatic,holdout,89,89.00417224,1,8,2224854306,2225354306,5553757.787246001,1899717.4331146404,pg_scc_k3,3,0.39108582089933447
cleanStatic,holdout,89,89.00417224,1,8,2224854306,2225354306,5553757.787246001,1899717.4331146404,ai_sparse_k5,5,3.0762184728879425
cleanStatic,holdout,89,89.00417224,1,8,2224854306,2225354306,5553757.787246001,1899717.4331146404,pg_scc_k5,5,2.0250336238076643
cleanStatic,holdout,89,89.00417224,1,8,2224854306,2225354306,5553757.787246001,1899717.4331146404,ai_sparse_k9,9,2.7365802398904435
cleanStatic,holdout,89,89.00417224,1,8,2224854306,2225354306,5553757.787246001,1899717.4331146404,pg_scc_k9,9,2.335534313647085
cleanStatic,holdout,89,89.00417224,1,8,2224854306,2225354306,5553757.787246001,1899717.4331146404,epl3,3,0.6829474074562674
cleanStatic,holdout,89,89.00417224,1,8,2224854306,2225354306,5553757.787246001,1899717.4331146404,fixed9,9,0.07527313068539303
cleanStatic,holdout,89,89.00417224,1,8,2224854306,2225354306,5553757.787246001,1899717.4331146404,random1_k3,3,0.3417685806331454
cleanStatic,holdout,89,89.00417224,1,8,2224854306,2225354306,5553757.787246001,1899717.4331146404,random2_k3,3,3.9135161035781922
cleanStatic,holdout,89,89.00417224,1,8,2224854306,2225354306,5553757.787246001,1899717.4331146404,random3_k3,3,2.7848887727699303
cleanStatic,holdout,89,89.00417224,1,8,2224854306,2225354306,5553757.787246001,1899717.4331146404,random4_k3,3,2.4615064985899036
cleanStatic,holdout,89,89.00417224,1,8,2224854306,2225354306,5553757.787246001,1899717.4331146404,random5_k3,3,2.0124565304492252
cleanStatic,holdout,89,89.00417224,1,8,2224854306,2225354306,5553757.787246001,1899717.4331146404,random1_k5,5,0.4632170493781388
cleanStatic,holdout,89,89.00417224,1,8,2224854306,2225354306,5553757.787246001,1899717.4331146404,random2_k5,5,1.901860949929843
cleanStatic,holdout,89,89.00417224,1,8,2224854306,2225354306,5553757.787246001,1899717.4331146404,random3_k5,5,1.2534019315321774
cleanStatic,holdout,89,89.00417224,1,8,2224854306,2225354306,5553757.787246001,1899717.4331146404,random4_k5,5,1.9242322499424929
cleanStatic,holdout,89,89.00417224,1,8,2224854306,2225354306,5553757.787246001,1899717.4331146404,random5_k5,5,2.752929756179896
cleanStatic,holdout,89,89.00417224,1,8,2224854306,2225354306,5553757.787246001,1899717.4331146404,random1_k9,9,1.5695844774579
cleanStatic,holdout,89,89.00417224,1,8,2224854306,2225354306,5553757.787246001,1899717.4331146404,random2_k9,9,1.3251350142305458
cleanStatic,holdout,89,89.00417224,1,8,2224854306,2225354306,5553757.787246001,1899717.4331146404,random3_k9,9,0.9867401707619644
cleanStatic,holdout,89,89.00417224,1,8,2224854306,2225354306,5553757.787246001,1899717.4331146404,random4_k9,9,0.46294787357000505
cleanStatic,holdout,89,89.00417224,1,8,2224854306,2225354306,5553757.787246001,1899717.4331146404,random5_k9,9,0.7170332685543753
cleanStatic,holdout,89,88.99052668,2,3,2224513167,2225013167,5548632.078288001,6160013.924950263,dense_two_source_glrt,187,0.035499111679731465
cleanStatic,holdout,89,88.99052668,2,3,2224513167,2225013167,5548632.078288001,6160013.924950263,dense_one_source_residual,187,0.24862607696946565
cleanStatic,holdout,89,88.99052668,2,3,2224513167,2225013167,5548632.078288001,6160013.924950263,raw_power_only,0,5548632.078288001
cleanStatic,holdout,89,88.99052668,2,3,2224513167,2225013167,5548632.078288001,6160013.924950263,analytic_sparse_k3,3,0.08288649894448354
cleanStatic,holdout,89,88.99052668,2,3,2224513167,2225013167,5548632.078288001,6160013.924950263,uniform_k3,3,0.7297502132842765
cleanStatic,holdout,89,88.99052668,2,3,2224513167,2225013167,5548632.078288001,6160013.924950263,shuffled_k3,3,0.1513459529848202
cleanStatic,holdout,89,88.99052668,2,3,2224513167,2225013167,5548632.078288001,6160013.924950263,analytic_sparse_k5,5,0.08712522608941167
cleanStatic,holdout,89,88.99052668,2,3,2224513167,2225013167,5548632.078288001,6160013.924950263,uniform_k5,5,0.23312927510988163
cleanStatic,holdout,89,88.99052668,2,3,2224513167,2225013167,5548632.078288001,6160013.924950263,shuffled_k5,5,0.08333499350909493
cleanStatic,holdout,89,88.99052668,2,3,2224513167,2225013167,5548632.078288001,6160013.924950263,analytic_sparse_k9,9,0.11616626604862142
cleanStatic,holdout,89,88.99052668,2,3,2224513167,2225013167,5548632.078288001,6160013.924950263,uniform_k9,9,0.06307462310938246
cleanStatic,holdout,89,88.99052668,2,3,2224513167,2225013167,5548632.078288001,6160013.924950263,shuffled_k9,9,0.07505460137858824
cleanStatic,holdout,89,88.99052668,2,3,2224513167,2225013167,5548632.078288001,6160013.924950263,ai_sparse_k3,3,0.20927213757461896
cleanStatic,holdout,89,88.99052668,2,3,2224513167,2225013167,5548632.078288001,6160013.924950263,pg_scc_k3,3,0.37756099538638493
cleanStatic,holdout,89,88.99052668,2,3,2224513167,2225013167,5548632.078288001,6160013.924950263,ai_sparse_k5,5,0.039486197812398906
cleanStatic,holdout,89,88.99052668,2,3,2224513167,2225013167,5548632.078288001,6160013.924950263,pg_scc_k5,5,0.15986697006012157
cleanStatic,holdout,89,88.99052668,2,3,2224513167,2225013167,5548632.078288001,6160013.924950263,ai_sparse_k9,9,0.03885170692192651
cleanStatic,holdout,89,88.99052668,2,3,2224513167,2225013167,5548632.078288001,6160013.924950263,pg_scc_k9,9,0.1778633421195759
cleanStatic,holdout,89,88.99052668,2,3,2224513167,2225013167,5548632.078288001,6160013.924950263,epl3,3,0.1388348454467978
cleanStatic,holdout,89,88.99052668,2,3,2224513167,2225013167,5548632.078288001,6160013.924950263,fixed9,9,0.09017403925459061
cleanStatic,holdout,89,88.99052668,2,3,2224513167,2225013167,5548632.078288001,6160013.924950263,random1_k3,3,0.06971043475937372
cleanStatic,holdout,89,88.99052668,2,3,2224513167,2225013167,5548632.078288001,6160013.924950263,random2_k3,3,0.09709359775005703
cleanStatic,holdout,89,88.99052668,2,3,2224513167,2225013167,5548632.078288001,6160013.924950263,random3_k3,3,0.19063271726611622
cleanStatic,holdout,89,88.99052668,2,3,2224513167,2225013167,5548632.078288001,6160013.924950263,random4_k3,3,0.04997555802814215
cleanStatic,holdout,89,88.99052668,2,3,2224513167,2225013167,5548632.078288001,6160013.924950263,random5_k3,3,0.0638534152520286
cleanStatic,holdout,89,88.99052668,2,3,2224513167,2225013167,5548632.078288001,6160013.924950263,random1_k5,5,0.026148390225799865
cleanStatic,holdout,89,88.99052668,2,3,2224513167,2225013167,5548632.078288001,6160013.924950263,random2_k5,5,0.1362255144961822
cleanStatic,holdout,89,88.99052668,2,3,2224513167,2225013167,5548632.078288001,6160013.924950263,random3_k5,5,0.14415530592004464
cleanStatic,holdout,89,88.99052668,2,3,2224513167,2225013167,5548632.078288001,6160013.924950263,random4_k5,5,0.1116015597539736
cleanStatic,holdout,89,88.99052668,2,3,2224513167,2225013167,5548632.078288001,6160013.924950263,random5_k5,5,0.08964245828567592
cleanStatic,holdout,89,88.99052668,2,3,2224513167,2225013167,5548632.078288001,6160013.924950263,random1_k9,9,0.018725103742857838
cleanStatic,holdout,89,88.99052668,2,3,2224513167,2225013167,5548632.078288001,6160013.924950263,random2_k9,9,0.10485480537167119
cleanStatic,holdout,89,88.99052668,2,3,2224513167,2225013167,5548632.078288001,6160013.924950263,random3_k9,9,0.06427879002394608
cleanStatic,holdout,89,88.99052668,2,3,2224513167,2225013167,5548632.078288001,6160013.924950263,random4_k9,9,0.11587761911973021
cleanStatic,holdout,89,88.99052668,2,3,2224513167,2225013167,5548632.078288001,6160013.924950263,random5_k9,9,0.07693127202161645
cleanStatic,holdout,89,88.99141332,3,20,2224535333,2225035333,5546737.220997999,2251017.8927264307,dense_two_source_glrt,187,0.635933513590771
cleanStatic,holdout,89,88.99141332,3,20,2224535333,2225035333,5546737.220997999,2251017.8927264307,dense_one_source_residual,187,3.0910362848729593
cleanStatic,holdout,89,88.99141332,3,20,2224535333,2225035333,5546737.220997999,2251017.8927264307,raw_power_only,0,5546737.220997999
cleanStatic,holdout,89,88.99141332,3,20,2224535333,2225035333,5546737.220997999,2251017.8927264307,analytic_sparse_k3,3,2.932174755449718
cleanStatic,holdout,89,88.99141332,3,20,2224535333,2225035333,5546737.220997999,2251017.8927264307,uniform_k3,3,2.843630339941002
cleanStatic,holdout,89,88.99141332,3,20,2224535333,2225035333,5546737.220997999,2251017.8927264307,shuffled_k3,3,1.4733496372165078
cleanStatic,holdout,89,88.99141332,3,20,2224535333,2225035333,5546737.220997999,2251017.8927264307,analytic_sparse_k5,5,2.5072759945164806
cleanStatic,holdout,89,88.99141332,3,20,2224535333,2225035333,5546737.220997999,2251017.8927264307,uniform_k5,5,2.6204839884617224
cleanStatic,holdout,89,88.99141332,3,20,2224535333,2225035333,5546737.220997999,2251017.8927264307,shuffled_k5,5,1.10194081091661
cleanStatic,holdout,89,88.99141332,3,20,2224535333,2225035333,5546737.220997999,2251017.8927264307,analytic_sparse_k9,9,1.593465356240178
cleanStatic,holdout,89,88.99141332,3,20,2224535333,2225035333,5546737.220997999,2251017.8927264307,uniform_k9,9,0.31521755224531606
cleanStatic,holdout,89,88.99141332,3,20,2224535333,2225035333,5546737.220997999,2251017.8927264307,shuffled_k9,9,1.5411566574134854
cleanStatic,holdout,89,88.99141332,3,20,2224535333,2225035333,5546737.220997999,2251017.8927264307,ai_sparse_k3,3,1.7652651320493498
cleanStatic,holdout,89,88.99141332,3,20,2224535333,2225035333,5546737.220997999,2251017.8927264307,pg_scc_k3,3,3.724877517512678
cleanStatic,holdout,89,88.99141332,3,20,2224535333,2225035333,5546737.220997999,2251017.8927264307,ai_sparse_k5,5,2.010177422804211
cleanStatic,holdout,89,88.99141332,3,20,2224535333,2225035333,5546737.220997999,2251017.8927264307,pg_scc_k5,5,0.9714937813174916
cleanStatic,holdout,89,88.99141332,3,20,2224535333,2225035333,5546737.220997999,2251017.8927264307,ai_sparse_k9,9,2.4040774058046472
cleanStatic,holdout,89,88.99141332,3,20,2224535333,2225035333,5546737.220997999,2251017.8927264307,pg_scc_k9,9,1.3701709492642473
cleanStatic,holdout,89,88.99141332,3,20,2224535333,2225035333,5546737.220997999,2251017.8927264307,epl3,3,1.3244290820840503
cleanStatic,holdout,89,88.99141332,3,20,2224535333,2225035333,5546737.220997999,2251017.8927264307,fixed9,9,1.1721366989585793
cleanStatic,holdout,89,88.99141332,3,20,2224535333,2225035333,5546737.220997999,2251017.8927264307,random1_k3,3,1.3785410060534498
cleanStatic,holdout,89,88.99141332,3,20,2224535333,2225035333,5546737.220997999,2251017.8927264307,random2_k3,3,2.2883460673800844
cleanStatic,holdout,89,88.99141332,3,20,2224535333,2225035333,5546737.220997999,2251017.8927264307,random3_k3,3,0.4685173711809351
cleanStatic,holdout,89,88.99141332,3,20,2224535333,2225035333,5546737.220997999,2251017.8927264307,random4_k3,3,2.445379646376613
cleanStatic,holdout,89,88.99141332,3,20,2224535333,2225035333,5546737.220997999,2251017.8927264307,random5_k3,3,1.7434734843743191
cleanStatic,holdout,89,88.99141332,3,20,2224535333,2225035333,5546737.220997999,2251017.8927264307,random1_k5,5,0.8473573757637153
cleanStatic,holdout,89,88.99141332,3,20,2224535333,2225035333,5546737.220997999,2251017.8927264307,random2_k5,5,0.4857354212989865
cleanStatic,holdout,89,88.99141332,3,20,2224535333,2225035333,5546737.220997999,2251017.8927264307,random3_k5,5,0.7113867432431308
cleanStatic,holdout,89,88.99141332,3,20,2224535333,2225035333,5546737.220997999,2251017.8927264307,random4_k5,5,0.9838013361578559
cleanStatic,holdout,89,88.99141332,3,20,2224535333,2225035333,5546737.220997999,2251017.8927264307,random5_k5,5,0.8926382589377241
cleanStatic,holdout,89,88.99141332,3,20,2224535333,2225035333,5546737.220997999,2251017.8927264307,random1_k9,9,0.596706883174603
cleanStatic,holdout,89,88.99141332,3,20,2224535333,2225035333,5546737.220997999,2251017.8927264307,random2_k9,9,0.8692416547279392
cleanStatic,holdout,89,88.99141332,3,20,2224535333,2225035333,5546737.220997999,2251017.8927264307,random3_k9,9,0.6254548099992417
cleanStatic,holdout,89,88.99141332,3,20,2224535333,2225035333,5546737.220997999,2251017.8927264307,random4_k9,9,0.6414142700215874
cleanStatic,holdout,89,88.99141332,3,20,2224535333,2225035333,5546737.220997999,2251017.8927264307,random5_k9,9,0.6197481555187684
cleanStatic,holdout,89,89.2447314,4,30,2230868285,2231368285,5535909.447406,2466774.5960804825,dense_two_source_glrt,187,0.7653996319382351
cleanStatic,holdout,89,89.2447314,4,30,2230868285,2231368285,5535909.447406,2466774.5960804825,dense_one_source_residual,187,3.305904774674674
cleanStatic,holdout,89,89.2447314,4,30,2230868285,2231368285,5535909.447406,2466774.5960804825,raw_power_only,0,5535909.447406
cleanStatic,holdout,89,89.2447314,4,30,2230868285,2231368285,5535909.447406,2466774.5960804825,analytic_sparse_k3,3,0.782521558382678
cleanStatic,holdout,89,89.2447314,4,30,2230868285,2231368285,5535909.447406,2466774.5960804825,uniform_k3,3,4.719212335569628
cleanStatic,holdout,89,89.2447314,4,30,2230868285,2231368285,5535909.447406,2466774.5960804825,shuffled_k3,3,1.236980027702504
cleanStatic,holdout,89,89.2447314,4,30,2230868285,2231368285,5535909.447406,2466774.5960804825,analytic_sparse_k5,5,1.3950185520408889
cleanStatic,holdout,89,89.2447314,4,30,2230868285,2231368285,5535909.447406,2466774.5960804825,uniform_k5,5,3.166739077187878
cleanStatic,holdout,89,89.2447314,4,30,2230868285,2231368285,5535909.447406,2466774.5960804825,shuffled_k5,5,2.553289957977158
cleanStatic,holdout,89,89.2447314,4,30,2230868285,2231368285,5535909.447406,2466774.5960804825,analytic_sparse_k9,9,1.8793823880926896
cleanStatic,holdout,89,89.2447314,4,30,2230868285,2231368285,5535909.447406,2466774.5960804825,uniform_k9,9,0.4161668924600741
cleanStatic,holdout,89,89.2447314,4,30,2230868285,2231368285,5535909.447406,2466774.5960804825,shuffled_k9,9,1.2451183087026791
cleanStatic,holdout,89,89.2447314,4,30,2230868285,2231368285,5535909.447406,2466774.5960804825,ai_sparse_k3,3,3.087505833455154
cleanStatic,holdout,89,89.2447314,4,30,2230868285,2231368285,5535909.447406,2466774.5960804825,pg_scc_k3,3,2.5230405681092285
cleanStatic,holdout,89,89.2447314,4,30,2230868285,2231368285,5535909.447406,2466774.5960804825,ai_sparse_k5,5,3.1617692713544367
cleanStatic,holdout,89,89.2447314,4,30,2230868285,2231368285,5535909.447406,2466774.5960804825,pg_scc_k5,5,2.358499518833031
cleanStatic,holdout,89,89.2447314,4,30,2230868285,2231368285,5535909.447406,2466774.5960804825,ai_sparse_k9,9,1.208813842118632
cleanStatic,holdout,89,89.2447314,4,30,2230868285,2231368285,5535909.447406,2466774.5960804825,pg_scc_k9,9,1.5677245673242406
cleanStatic,holdout,89,89.2447314,4,30,2230868285,2231368285,5535909.447406,2466774.5960804825,epl3,3,1.6404027255706353
cleanStatic,holdout,89,89.2447314,4,30,2230868285,2231368285,5535909.447406,2466774.5960804825,fixed9,9,1.2549246928658049
cleanStatic,holdout,89,89.2447314,4,30,2230868285,2231368285,5535909.447406,2466774.5960804825,random1_k3,3,1.2032668625968055
cleanStatic,holdout,89,89.2447314,4,30,2230868285,2231368285,5535909.447406,2466774.5960804825,random2_k3,3,0.399210848802986
cleanStatic,holdout,89,89.2447314,4,30,2230868285,2231368285,5535909.447406,2466774.5960804825,random3_k3,3,2.9566930047506923
cleanStatic,holdout,89,89.2447314,4,30,2230868285,2231368285,5535909.447406,2466774.5960804825,random4_k3,3,1.1388498178779343
cleanStatic,holdout,89,89.2447314,4,30,2230868285,2231368285,5535909.447406,2466774.5960804825,random5_k3,3,0.7660302003240492
cleanStatic,holdout,89,89.2447314,4,30,2230868285,2231368285,5535909.447406,2466774.5960804825,random1_k5,5,1.7865925625288845
cleanStatic,holdout,89,89.2447314,4,30,2230868285,2231368285,5535909.447406,2466774.5960804825,random2_k5,5,2.446658745980743
cleanStatic,holdout,89,89.2447314,4,30,2230868285,2231368285,5535909.447406,2466774.5960804825,random3_k5,5,3.4011193516100464
cleanStatic,holdout,89,89.2447314,4,30,2230868285,2231368285,5535909.447406,2466774.5960804825,random4_k5,5,1.6018481507697455
cleanStatic,holdout,89,89.2447314,4,30,2230868285,2231368285,5535909.447406,2466774.5960804825,random5_k5,5,0.6748604203128001
cleanStatic,holdout,89,89.2447314,4,30,2230868285,2231368285,5535909.447406,2466774.5960804825,random1_k9,9,2.200642820522018
cleanStatic,holdout,89,89.2447314,4,30,2230868285,2231368285,5535909.447406,2466774.5960804825,random2_k9,9,0.7564610240130788
cleanStatic,holdout,89,89.2447314,4,30,2230868285,2231368285,5535909.447406,2466774.5960804825,random3_k9,9,0.4114379689441097
cleanStatic,holdout,89,89.2447314,4,30,2230868285,2231368285,5535909.447406,2466774.5960804825,random4_k9,9,0.6739710208886568
cleanStatic,holdout,89,89.2447314,4,30,2230868285,2231368285,5535909.447406,2466774.5960804825,random5_k9,9,0.39642125082754376
cleanStatic,holdout,89,88.99067188,5,6,2224516797,2225016797,5547948.7025879985,4583218.56340527,dense_two_source_glrt,187,0.10128191408409026
cleanStatic,holdout,89,88.99067188,5,6,2224516797,2225016797,5547948.7025879985,4583218.56340527,dense_one_source_residual,187,0.4290612382631321
cleanStatic,holdout,89,88.99067188,5,6,2224516797,2225016797,5547948.7025879985,4583218.56340527,raw_power_only,0,5547948.7025879985
cleanStatic,holdout,89,88.99067188,5,6,2224516797,2225016797,5547948.7025879985,4583218.56340527,analytic_sparse_k3,3,0.2339546304717677
cleanStatic,holdout,89,88.99067188,5,6,2224516797,2225016797,5547948.7025879985,4583218.56340527,uniform_k3,3,0.11819808842767092
cleanStatic,holdout,89,88.99067188,5,6,2224516797,2225016797,5547948.7025879985,4583218.56340527,shuffled_k3,3,0.04690966275082558
cleanStatic,holdout,89,88.99067188,5,6,2224516797,2225016797,5547948.7025879985,4583218.56340527,analytic_sparse_k5,5,0.25238109967261113
cleanStatic,holdout,89,88.99067188,5,6,2224516797,2225016797,5547948.7025879985,4583218.56340527,uniform_k5,5,0.14563339903007372
cleanStatic,holdout,89,88.99067188,5,6,2224516797,2225016797,5547948.7025879985,4583218.56340527,shuffled_k5,5,0.1993877328232251
cleanStatic,holdout,89,88.99067188,5,6,2224516797,2225016797,5547948.7025879985,4583218.56340527,analytic_sparse_k9,9,0.19814564633565623
cleanStatic,holdout,89,88.99067188,5,6,2224516797,2225016797,5547948.7025879985,4583218.56340527,uniform_k9,9,0.07345833479279802
cleanStatic,holdout,89,88.99067188,5,6,2224516797,2225016797,5547948.7025879985,4583218.56340527,shuffled_k9,9,0.12048986812368037
cleanStatic,holdout,89,88.99067188,5,6,2224516797,2225016797,5547948.7025879985,4583218.56340527,ai_sparse_k3,3,0.3773603555255797
cleanStatic,holdout,89,88.99067188,5,6,2224516797,2225016797,5547948.7025879985,4583218.56340527,pg_scc_k3,3,0.5388187241435783
cleanStatic,holdout,89,88.99067188,5,6,2224516797,2225016797,5547948.7025879985,4583218.56340527,ai_sparse_k5,5,0.2739437563328676
cleanStatic,holdout,89,88.99067188,5,6,2224516797,2225016797,5547948.7025879985,4583218.56340527,pg_scc_k5,5,0.29972865097013424
cleanStatic,holdout,89,88.99067188,5,6,2224516797,2225016797,5547948.7025879985,4583218.56340527,ai_sparse_k9,9,0.260068100415326
cleanStatic,holdout,89,88.99067188,5,6,2224516797,2225016797,5547948.7025879985,4583218.56340527,pg_scc_k9,9,0.3550237468150002
cleanStatic,holdout,89,88.99067188,5,6,2224516797,2225016797,5547948.7025879985,4583218.56340527,epl3,3,0.1400185068483659
cleanStatic,holdout,89,88.99067188,5,6,2224516797,2225016797,5547948.7025879985,4583218.56340527,fixed9,9,0.17168515738072596
cleanStatic,holdout,89,88.99067188,5,6,2224516797,2225016797,5547948.7025879985,4583218.56340527,random1_k3,3,0.3191232089389748
cleanStatic,holdout,89,88.99067188,5,6,2224516797,2225016797,5547948.7025879985,4583218.56340527,random2_k3,3,0.35254056562335306
cleanStatic,holdout,89,88.99067188,5,6,2224516797,2225016797,5547948.7025879985,4583218.56340527,random3_k3,3,0.18882515229162058
cleanStatic,holdout,89,88.99067188,5,6,2224516797,2225016797,5547948.7025879985,4583218.56340527,random4_k3,3,0.263042069573591
cleanStatic,holdout,89,88.99067188,5,6,2224516797,2225016797,5547948.7025879985,4583218.56340527,random5_k3,3,0.27799248926703424
cleanStatic,holdout,89,88.99067188,5,6,2224516797,2225016797,5547948.7025879985,4583218.56340527,random1_k5,5,0.13409000921018527
cleanStatic,holdout,89,88.99067188,5,6,2224516797,2225016797,5547948.7025879985,4583218.56340527,random2_k5,5,0.05213603187636813
cleanStatic,holdout,89,88.99067188,5,6,2224516797,2225016797,5547948.7025879985,4583218.56340527,random3_k5,5,0.12204729374249612
cleanStatic,holdout,89,88.99067188,5,6,2224516797,2225016797,5547948.7025879985,4583218.56340527,random4_k5,5,0.11511893579696178
cleanStatic,holdout,89,88.99067188,5,6,2224516797,2225016797,5547948.7025879985,4583218.56340527,random5_k5,5,0.25772324260968693
cleanStatic,holdout,89,88.99067188,5,6,2224516797,2225016797,5547948.7025879985,4583218.56340527,random1_k9,9,0.03739110988846764
cleanStatic,holdout,89,88.99067188,5,6,2224516797,2225016797,5547948.7025879985,4583218.56340527,random2_k9,9,0.2255289268845994
cleanStatic,holdout,89,88.99067188,5,6,2224516797,2225016797,5547948.7025879985,4583218.56340527,random3_k9,9,0.09118288923088981
cleanStatic,holdout,89,88.99067188,5,6,2224516797,2225016797,5547948.7025879985,4583218.56340527,random4_k9,9,0.3126595199448308
cleanStatic,holdout,89,88.99067188,5,6,2224516797,2225016797,5547948.7025879985,4583218.56340527,random5_k9,9,0.19588576882775388
cleanStatic,holdout,89,88.99015288,6,7,2224503822,2225003822,5550127.371030001,4311353.731963312,dense_two_source_glrt,187,0.14984345894448434
cleanStatic,holdout,89,88.99015288,6,7,2224503822,2225003822,5550127.371030001,4311353.731963312,dense_one_source_residual,187,1.2979359721218469
cleanStatic,holdout,89,88.99015288,6,7,2224503822,2225003822,5550127.371030001,4311353.731963312,raw_power_only,0,5550127.371030001
cleanStatic,holdout,89,88.99015288,6,7,2224503822,2225003822,5550127.371030001,4311353.731963312,analytic_sparse_k3,3,0.5318392213580968
cleanStatic,holdout,89,88.99015288,6,7,2224503822,2225003822,5550127.371030001,4311353.731963312,uniform_k3,3,0.9435890703674588
cleanStatic,holdout,89,88.99015288,6,7,2224503822,2225003822,5550127.371030001,4311353.731963312,shuffled_k3,3,0.32083270052830226
cleanStatic,holdout,89,88.99015288,6,7,2224503822,2225003822,5550127.371030001,4311353.731963312,analytic_sparse_k5,5,0.5972728844197048
cleanStatic,holdout,89,88.99015288,6,7,2224503822,2225003822,5550127.371030001,4311353.731963312,uniform_k5,5,0.4520214963329646
cleanStatic,holdout,89,88.99015288,6,7,2224503822,2225003822,5550127.371030001,4311353.731963312,shuffled_k5,5,0.6490809796866892
cleanStatic,holdout,89,88.99015288,6,7,2224503822,2225003822,5550127.371030001,4311353.731963312,analytic_sparse_k9,9,0.3109852754222626
cleanStatic,holdout,89,88.99015288,6,7,2224503822,2225003822,5550127.371030001,4311353.731963312,uniform_k9,9,0.07106370378896365
cleanStatic,holdout,89,88.99015288,6,7,2224503822,2225003822,5550127.371030001,4311353.731963312,shuffled_k9,9,0.5496120730159235
cleanStatic,holdout,89,88.99015288,6,7,2224503822,2225003822,5550127.371030001,4311353.731963312,ai_sparse_k3,3,0.15945390666354328
cleanStatic,holdout,89,88.99015288,6,7,2224503822,2225003822,5550127.371030001,4311353.731963312,pg_scc_k3,3,0.06554196150297688
cleanStatic,holdout,89,88.99015288,6,7,2224503822,2225003822,5550127.371030001,4311353.731963312,ai_sparse_k5,5,0.10434451126530639
cleanStatic,holdout,89,88.99015288,6,7,2224503822,2225003822,5550127.371030001,4311353.731963312,pg_scc_k5,5,0.12680770656203513
cleanStatic,holdout,89,88.99015288,6,7,2224503822,2225003822,5550127.371030001,4311353.731963312,ai_sparse_k9,9,0.14816956939699108
cleanStatic,holdout,89,88.99015288,6,7,2224503822,2225003822,5550127.371030001,4311353.731963312,pg_scc_k9,9,0.0953803851136213
cleanStatic,holdout,89,88.99015288,6,7,2224503822,2225003822,5550127.371030001,4311353.731963312,epl3,3,0.5195295221048127
cleanStatic,holdout,89,88.99015288,6,7,2224503822,2225003822,5550127.371030001,4311353.731963312,fixed9,9,0.0900752041909984
cleanStatic,holdout,89,88.99015288,6,7,2224503822,2225003822,5550127.371030001,4311353.731963312,random1_k3,3,0.9644791521420543
cleanStatic,holdout,89,88.99015288,6,7,2224503822,2225003822,5550127.371030001,4311353.731963312,random2_k3,3,0.8879791088207772
cleanStatic,holdout,89,88.99015288,6,7,2224503822,2225003822,5550127.371030001,4311353.731963312,random3_k3,3,0.4414518121917131
cleanStatic,holdout,89,88.99015288,6,7,2224503822,2225003822,5550127.371030001,4311353.731963312,random4_k3,3,1.455361428408181
cleanStatic,holdout,89,88.99015288,6,7,2224503822,2225003822,5550127.371030001,4311353.731963312,random5_k3,3,0.3451110007124527
cleanStatic,holdout,89,88.99015288,6,7,2224503822,2225003822,5550127.371030001,4311353.731963312,random1_k5,5,0.439350891074856
cleanStatic,holdout,89,88.99015288,6,7,2224503822,2225003822,5550127.371030001,4311353.731963312,random2_k5,5,0.39704443542948303
cleanStatic,holdout,89,88.99015288,6,7,2224503822,2225003822,5550127.371030001,4311353.731963312,random3_k5,5,1.047339177580827
cleanStatic,holdout,89,88.99015288,6,7,2224503822,2225003822,5550127.371030001,4311353.731963312,random4_k5,5,0.38005505510079407
cleanStatic,holdout,89,88.99015288,6,7,2224503822,2225003822,5550127.371030001,4311353.731963312,random5_k5,5,1.325521288154177
cleanStatic,holdout,89,88.99015288,6,7,2224503822,2225003822,5550127.371030001,4311353.731963312,random1_k9,9,0.29262970749529493
cleanStatic,holdout,89,88.99015288,6,7,2224503822,2225003822,5550127.371030001,4311353.731963312,random2_k9,9,0.15973256623702506
cleanStatic,holdout,89,88.99015288,6,7,2224503822,2225003822,5550127.371030001,4311353.731963312,random3_k9,9,0.8401466788449586
cleanStatic,holdout,89,88.99015288,6,7,2224503822,2225003822,5550127.371030001,4311353.731963312,random4_k9,9,0.37669619365945173
cleanStatic,holdout,89,88.99015288,6,7,2224503822,2225003822,5550127.371030001,4311353.731963312,random5_k9,9,0.3585571564379488
cleanStatic,holdout,89,89.00236052,7,10,2224809013,2225309013,5549773.179776,2443904.0432227966,dense_two_source_glrt,187,0.6636663527978235
cleanStatic,holdout,89,89.00236052,7,10,2224809013,2225309013,5549773.179776,2443904.0432227966,dense_one_source_residual,187,2.633485506859678
cleanStatic,holdout,89,89.00236052,7,10,2224809013,2225309013,5549773.179776,2443904.0432227966,raw_power_only,0,5549773.179776
cleanStatic,holdout,89,89.00236052,7,10,2224809013,2225309013,5549773.179776,2443904.0432227966,analytic_sparse_k3,3,1.014522596966813
cleanStatic,holdout,89,89.00236052,7,10,2224809013,2225309013,5549773.179776,2443904.0432227966,uniform_k3,3,2.6912842634765437
cleanStatic,holdout,89,89.00236052,7,10,2224809013,2225309013,5549773.179776,2443904.0432227966,shuffled_k3,3,2.4108054499026657
cleanStatic,holdout,89,89.00236052,7,10,2224809013,2225309013,5549773.179776,2443904.0432227966,analytic_sparse_k5,5,1.4914248074991072
cleanStatic,holdout,89,89.00236052,7,10,2224809013,2225309013,5549773.179776,2443904.0432227966,uniform_k5,5,3.0197556779295307
cleanStatic,holdout,89,89.00236052,7,10,2224809013,2225309013,5549773.179776,2443904.0432227966,shuffled_k5,5,1.1249386578927711
cleanStatic,holdout,89,89.00236052,7,10,2224809013,2225309013,5549773.179776,2443904.0432227966,analytic_sparse_k9,9,1.3186314232936034
cleanStatic,holdout,89,89.00236052,7,10,2224809013,2225309013,5549773.179776,2443904.0432227966,uniform_k9,9,0.5906240244046441
cleanStatic,holdout,89,89.00236052,7,10,2224809013,2225309013,5549773.179776,2443904.0432227966,shuffled_k9,9,1.0923490270040301
cleanStatic,holdout,89,89.00236052,7,10,2224809013,2225309013,5549773.179776,2443904.0432227966,ai_sparse_k3,3,0.9168048325438014
cleanStatic,holdout,89,89.00236052,7,10,2224809013,2225309013,5549773.179776,2443904.0432227966,pg_scc_k3,3,1.2951258160137382
cleanStatic,holdout,89,89.00236052,7,10,2224809013,2225309013,5549773.179776,2443904.0432227966,ai_sparse_k5,5,0.9551777775717898
cleanStatic,holdout,89,89.00236052,7,10,2224809013,2225309013,5549773.179776,2443904.0432227966,pg_scc_k5,5,0.20243230816659138
cleanStatic,holdout,89,89.00236052,7,10,2224809013,2225309013,5549773.179776,2443904.0432227966,ai_sparse_k9,9,0.5859199963073222
cleanStatic,holdout,89,89.00236052,7,10,2224809013,2225309013,5549773.179776,2443904.0432227966,pg_scc_k9,9,0.27852708370770074
cleanStatic,holdout,89,89.00236052,7,10,2224809013,2225309013,5549773.179776,2443904.0432227966,epl3,3,1.937753837156422
cleanStatic,holdout,89,89.00236052,7,10,2224809013,2225309013,5549773.179776,2443904.0432227966,fixed9,9,0.987908973385693
cleanStatic,holdout,89,89.00236052,7,10,2224809013,2225309013,5549773.179776,2443904.0432227966,random1_k3,3,1.7358080848328676
cleanStatic,holdout,89,89.00236052,7,10,2224809013,2225309013,5549773.179776,2443904.0432227966,random2_k3,3,1.4224703715772835
cleanStatic,holdout,89,89.00236052,7,10,2224809013,2225309013,5549773.179776,2443904.0432227966,random3_k3,3,0.0854336014879686
cleanStatic,holdout,89,89.00236052,7,10,2224809013,2225309013,5549773.179776,2443904.0432227966,random4_k3,3,2.2657663588498567
cleanStatic,holdout,89,89.00236052,7,10,2224809013,2225309013,5549773.179776,2443904.0432227966,random5_k3,3,1.4643912768582217
cleanStatic,holdout,89,89.00236052,7,10,2224809013,2225309013,5549773.179776,2443904.0432227966,random1_k5,5,1.412567407051864
cleanStatic,holdout,89,89.00236052,7,10,2224809013,2225309013,5549773.179776,2443904.0432227966,random2_k5,5,0.5356789447338567
cleanStatic,holdout,89,89.00236052,7,10,2224809013,2225309013,5549773.179776,2443904.0432227966,random3_k5,5,0.4266159480953773
cleanStatic,holdout,89,89.00236052,7,10,2224809013,2225309013,5549773.179776,2443904.0432227966,random4_k5,5,0.9464944466313238
cleanStatic,holdout,89,89.00236052,7,10,2224809013,2225309013,5549773.179776,2443904.0432227966,random5_k5,5,1.7006353109618737
cleanStatic,holdout,89,89.00236052,7,10,2224809013,2225309013,5549773.179776,2443904.0432227966,random1_k9,9,0.29733931684699816
cleanStatic,holdout,89,89.00236052,7,10,2224809013,2225309013,5549773.179776,2443904.0432227966,random2_k9,9,0.9230886349026597
cleanStatic,holdout,89,89.00236052,7,10,2224809013,2225309013,5549773.179776,2443904.0432227966,random3_k9,9,0.6458606259284407
cleanStatic,holdout,89,89.00236052,7,10,2224809013,2225309013,5549773.179776,2443904.0432227966,random4_k9,9,2.0137064557576156
cleanStatic,holdout,89,89.00236052,7,10,2224809013,2225309013,5549773.179776,2443904.0432227966,random5_k9,9,0.2515731019583583
cleanStatic,holdout,89,88.9936304,8,13,2224590760,2225090760,5545091.047576,6242809.410306434,dense_two_source_glrt,187,0.03235040308033526
cleanStatic,holdout,89,88.9936304,8,13,2224590760,2225090760,5545091.047576,6242809.410306434,dense_one_source_residual,187,0.23199988594623988
cleanStatic,holdout,89,88.9936304,8,13,2224590760,2225090760,5545091.047576,6242809.410306434,raw_power_only,0,5545091.047576
cleanStatic,holdout,89,88.9936304,8,13,2224590760,2225090760,5545091.047576,6242809.410306434,analytic_sparse_k3,3,0.10211328683820124
cleanStatic,holdout,89,88.9936304,8,13,2224590760,2225090760,5545091.047576,6242809.410306434,uniform_k3,3,0.2739063217384893
cleanStatic,holdout,89,88.9936304,8,13,2224590760,2225090760,5545091.047576,6242809.410306434,shuffled_k3,3,0.16515095897412443
cleanStatic,holdout,89,88.9936304,8,13,2224590760,2225090760,5545091.047576,6242809.410306434,analytic_sparse_k5,5,0.10699155575307129
cleanStatic,holdout,89,88.9936304,8,13,2224590760,2225090760,5545091.047576,6242809.410306434,uniform_k5,5,0.06941072271707793
cleanStatic,holdout,89,88.9936304,8,13,2224590760,2225090760,5545091.047576,6242809.410306434,shuffled_k5,5,0.049723187510472236
cleanStatic,holdout,89,88.9936304,8,13,2224590760,2225090760,5545091.047576,6242809.410306434,analytic_sparse_k9,9,0.05277895116061342
cleanStatic,holdout,89,88.9936304,8,13,2224590760,2225090760,5545091.047576,6242809.410306434,uniform_k9,9,0.028678068491742283
cleanStatic,holdout,89,88.9936304,8,13,2224590760,2225090760,5545091.047576,6242809.410306434,shuffled_k9,9,0.1436047709073499
cleanStatic,holdout,89,88.9936304,8,13,2224590760,2225090760,5545091.047576,6242809.410306434,ai_sparse_k3,3,0.07210184881058544
cleanStatic,holdout,89,88.9936304,8,13,2224590760,2225090760,5545091.047576,6242809.410306434,pg_scc_k3,3,0.14965547900273457
cleanStatic,holdout,89,88.9936304,8,13,2224590760,2225090760,5545091.047576,6242809.410306434,ai_sparse_k5,5,0.06230549712659574
cleanStatic,holdout,89,88.9936304,8,13,2224590760,2225090760,5545091.047576,6242809.410306434,pg_scc_k5,5,0.06442268786831003
cleanStatic,holdout,89,88.9936304,8,13,2224590760,2225090760,5545091.047576,6242809.410306434,ai_sparse_k9,9,0.05026141835610192
cleanStatic,holdout,89,88.9936304,8,13,2224590760,2225090760,5545091.047576,6242809.410306434,pg_scc_k9,9,0.051457749695810434
cleanStatic,holdout,89,88.9936304,8,13,2224590760,2225090760,5545091.047576,6242809.410306434,epl3,3,0.3404052174728718
cleanStatic,holdout,89,88.9936304,8,13,2224590760,2225090760,5545091.047576,6242809.410306434,fixed9,9,0.17814723150337194
cleanStatic,holdout,89,88.9936304,8,13,2224590760,2225090760,5545091.047576,6242809.410306434,random1_k3,3,0.09851879116944119
cleanStatic,holdout,89,88.9936304,8,13,2224590760,2225090760,5545091.047576,6242809.410306434,random2_k3,3,0.06032463993052664
cleanStatic,holdout,89,88.9936304,8,13,2224590760,2225090760,5545091.047576,6242809.410306434,random3_k3,3,0.2234054825617211
cleanStatic,holdout,89,88.9936304,8,13,2224590760,2225090760,5545091.047576,6242809.410306434,random4_k3,3,0.047021102435220695
cleanStatic,holdout,89,88.9936304,8,13,2224590760,2225090760,5545091.047576,6242809.410306434,random5_k3,3,0.04095028897730219
cleanStatic,holdout,89,88.9936304,8,13,2224590760,2225090760,5545091.047576,6242809.410306434,random1_k5,5,0.103135975254061
cleanStatic,holdout,89,88.9936304,8,13,2224590760,2225090760,5545091.047576,6242809.410306434,random2_k5,5,0.040809357228053886
cleanStatic,holdout,89,88.9936304,8,13,2224590760,2225090760,5545091.047576,6242809.410306434,random3_k5,5,0.18048936449027347
cleanStatic,holdout,89,88.9936304,8,13,2224590760,2225090760,5545091.047576,6242809.410306434,random4_k5,5,0.08145872523800689
cleanStatic,holdout,89,88.9936304,8,13,2224590760,2225090760,5545091.047576,6242809.410306434,random5_k5,5,0.06105270455419215
cleanStatic,holdout,89,88.9936304,8,13,2224590760,2225090760,5545091.047576,6242809.410306434,random1_k9,9,0.1477570420204361
cleanStatic,holdout,89,88.9936304,8,13,2224590760,2225090760,5545091.047576,6242809.410306434,random2_k9,9,0.07991784056866758
cleanStatic,holdout,89,88.9936304,8,13,2224590760,2225090760,5545091.047576,6242809.410306434,random3_k9,9,0.05498828362086932
cleanStatic,holdout,89,88.9936304,8,13,2224590760,2225090760,5545091.047576,6242809.410306434,random4_k9,9,0.0715460603970594
cleanStatic,holdout,89,88.9936304,8,13,2224590760,2225090760,5545091.047576,6242809.410306434,random5_k9,9,0.04505304643159769
cleanStatic,holdout,89,88.99844784,9,19,2224711196,2225211196,5546456.2977559995,4742651.397857613,dense_two_source_glrt,187,0.11832347724779667
cleanStatic,holdout,89,88.99844784,9,19,2224711196,2225211196,5546456.2977559995,4742651.397857613,dense_one_source_residual,187,0.48169915034579625
cleanStatic,holdout,89,88.99844784,9,19,2224711196,2225211196,5546456.2977559995,4742651.397857613,raw_power_only,0,5546456.2977559995
cleanStatic,holdout,89,88.99844784,9,19,2224711196,2225211196,5546456.2977559995,4742651.397857613,analytic_sparse_k3,3,0.12490006034834171
cleanStatic,holdout,89,88.99844784,9,19,2224711196,2225211196,5546456.2977559995,4742651.397857613,uniform_k3,3,0.3674390917814186
cleanStatic,holdout,89,88.99844784,9,19,2224711196,2225211196,5546456.2977559995,4742651.397857613,shuffled_k3,3,0.01565462189155715
cleanStatic,holdout,89,88.99844784,9,19,2224711196,2225211196,5546456.2977559995,4742651.397857613,analytic_sparse_k5,5,0.11515819375413856
cleanStatic,holdout,89,88.99844784,9,19,2224711196,2225211196,5546456.2977559995,4742651.397857613,uniform_k5,5,0.19468883330812553
cleanStatic,holdout,89,88.99844784,9,19,2224711196,2225211196,5546456.2977559995,4742651.397857613,shuffled_k5,5,0.2542600903054864
cleanStatic,holdout,89,88.99844784,9,19,2224711196,2225211196,5546456.2977559995,4742651.397857613,analytic_sparse_k9,9,0.39424865327688546
cleanStatic,holdout,89,88.99844784,9,19,2224711196,2225211196,5546456.2977559995,4742651.397857613,uniform_k9,9,0.13880273791610293
cleanStatic,holdout,89,88.99844784,9,19,2224711196,2225211196,5546456.2977559995,4742651.397857613,shuffled_k9,9,0.24411139818028385
cleanStatic,holdout,89,88.99844784,9,19,2224711196,2225211196,5546456.2977559995,4742651.397857613,ai_sparse_k3,3,0.41327233601757535
cleanStatic,holdout,89,88.99844784,9,19,2224711196,2225211196,5546456.2977559995,4742651.397857613,pg_scc_k3,3,0.7319771584210554
cleanStatic,holdout,89,88.99844784,9,19,2224711196,2225211196,5546456.2977559995,4742651.397857613,ai_sparse_k5,5,0.20589554866389567
cleanStatic,holdout,89,88.99844784,9,19,2224711196,2225211196,5546456.2977559995,4742651.397857613,pg_scc_k5,5,0.35666414545719405
cleanStatic,holdout,89,88.99844784,9,19,2224711196,2225211196,5546456.2977559995,4742651.397857613,ai_sparse_k9,9,0.23646045625586
cleanStatic,holdout,89,88.99844784,9,19,2224711196,2225211196,5546456.2977559995,4742651.397857613,pg_scc_k9,9,0.2559111898366367
cleanStatic,holdout,89,88.99844784,9,19,2224711196,2225211196,5546456.2977559995,4742651.397857613,epl3,3,0.5221679589473398
cleanStatic,holdout,89,88.99844784,9,19,2224711196,2225211196,5546456.2977559995,4742651.397857613,fixed9,9,0.25369606521790167
cleanStatic,holdout,89,88.99844784,9,19,2224711196,2225211196,5546456.2977559995,4742651.397857613,random1_k3,3,0.12815035728159002
cleanStatic,holdout,89,88.99844784,9,19,2224711196,2225211196,5546456.2977559995,4742651.397857613,random2_k3,3,0.1635717108306403
cleanStatic,holdout,89,88.99844784,9,19,2224711196,2225211196,5546456.2977559995,4742651.397857613,random3_k3,3,0.6505088942794757
cleanStatic,holdout,89,88.99844784,9,19,2224711196,2225211196,5546456.2977559995,4742651.397857613,random4_k3,3,0.18559602198971795
cleanStatic,holdout,89,88.99844784,9,19,2224711196,2225211196,5546456.2977559995,4742651.397857613,random5_k3,3,0.1571367937260617
cleanStatic,holdout,89,88.99844784,9,19,2224711196,2225211196,5546456.2977559995,4742651.397857613,random1_k5,5,0.34750735572724634
cleanStatic,holdout,89,88.99844784,9,19,2224711196,2225211196,5546456.2977559995,4742651.397857613,random2_k5,5,0.46763386642718474
cleanStatic,holdout,89,88.99844784,9,19,2224711196,2225211196,5546456.2977559995,4742651.397857613,random3_k5,5,0.4087664511724644
cleanStatic,holdout,89,88.99844784,9,19,2224711196,2225211196,5546456.2977559995,4742651.397857613,random4_k5,5,0.448697766289071
cleanStatic,holdout,89,88.99844784,9,19,2224711196,2225211196,5546456.2977559995,4742651.397857613,random5_k5,5,0.13408267062689636
cleanStatic,holdout,89,88.99844784,9,19,2224711196,2225211196,5546456.2977559995,4742651.397857613,random1_k9,9,0.35936338517152155
cleanStatic,holdout,89,88.99844784,9,19,2224711196,2225211196,5546456.2977559995,4742651.397857613,random2_k9,9,0.21444057742457406
cleanStatic,holdout,89,88.99844784,9,19,2224711196,2225211196,5546456.2977559995,4742651.397857613,random3_k9,9,0.214853589777784
cleanStatic,holdout,89,88.99844784,9,19,2224711196,2225211196,5546456.2977559995,4742651.397857613,random4_k9,9,0.23213413041105443
cleanStatic,holdout,89,88.99844784,9,19,2224711196,2225211196,5546456.2977559995,4742651.397857613,random5_k9,9,0.222069375064221
cleanStatic,holdout,89,88.99062656,10,23,2224515664,2225015664,5548003.468087999,6715154.25675456,dense_two_source_glrt,187,0.015933585522019518
cleanStatic,holdout,89,88.99062656,10,23,2224515664,2225015664,5548003.468087999,6715154.25675456,dense_one_source_residual,187,0.3126943892981469
cleanStatic,holdout,89,88.99062656,10,23,2224515664,2225015664,5548003.468087999,6715154.25675456,raw_power_only,0,5548003.468087999
cleanStatic,holdout,89,88.99062656,10,23,2224515664,2225015664,5548003.468087999,6715154.25675456,analytic_sparse_k3,3,0.060027991636712914
cleanStatic,holdout,89,88.99062656,10,23,2224515664,2225015664,5548003.468087999,6715154.25675456,uniform_k3,3,0.21248071515844683
cleanStatic,holdout,89,88.99062656,10,23,2224515664,2225015664,5548003.468087999,6715154.25675456,shuffled_k3,3,0.11854683652099855
cleanStatic,holdout,89,88.99062656,10,23,2224515664,2225015664,5548003.468087999,6715154.25675456,analytic_sparse_k5,5,0.08045876842046858
cleanStatic,holdout,89,88.99062656,10,23,2224515664,2225015664,5548003.468087999,6715154.25675456,uniform_k5,5,0.21313689912199366
cleanStatic,holdout,89,88.99062656,10,23,2224515664,2225015664,5548003.468087999,6715154.25675456,shuffled_k5,5,0.0733134520240761
cleanStatic,holdout,89,88.99062656,10,23,2224515664,2225015664,5548003.468087999,6715154.25675456,analytic_sparse_k9,9,0.055672880861411485
cleanStatic,holdout,89,88.99062656,10,23,2224515664,2225015664,5548003.468087999,6715154.25675456,uniform_k9,9,0.07601259530876872
cleanStatic,holdout,89,88.99062656,10,23,2224515664,2225015664,5548003.468087999,6715154.25675456,shuffled_k9,9,0.037462007197590186
cleanStatic,holdout,89,88.99062656,10,23,2224515664,2225015664,5548003.468087999,6715154.25675456,ai_sparse_k3,3,0.027188268075930985
cleanStatic,holdout,89,88.99062656,10,23,2224515664,2225015664,5548003.468087999,6715154.25675456,pg_scc_k3,3,0.10038544163524
cleanStatic,holdout,89,88.99062656,10,23,2224515664,2225015664,5548003.468087999,6715154.25675456,ai_sparse_k5,5,0.02129636515824509
cleanStatic,holdout,89,88.99062656,10,23,2224515664,2225015664,5548003.468087999,6715154.25675456,pg_scc_k5,5,0.0829615586712028
cleanStatic,holdout,89,88.99062656,10,23,2224515664,2225015664,5548003.468087999,6715154.25675456,ai_sparse_k9,9,0.07684696891372983
cleanStatic,holdout,89,88.99062656,10,23,2224515664,2225015664,5548003.468087999,6715154.25675456,pg_scc_k9,9,0.05426232362883665
cleanStatic,holdout,89,88.99062656,10,23,2224515664,2225015664,5548003.468087999,6715154.25675456,epl3,3,0.2054887584781996
cleanStatic,holdout,89,88.99062656,10,23,2224515664,2225015664,5548003.468087999,6715154.25675456,fixed9,9,0.06646550628097485
cleanStatic,holdout,89,88.99062656,10,23,2224515664,2225015664,5548003.468087999,6715154.25675456,random1_k3,3,0.1609558079051661
cleanStatic,holdout,89,88.99062656,10,23,2224515664,2225015664,5548003.468087999,6715154.25675456,random2_k3,3,0.2443075408672486
cleanStatic,holdout,89,88.99062656,10,23,2224515664,2225015664,5548003.468087999,6715154.25675456,random3_k3,3,0.103373998238236
cleanStatic,holdout,89,88.99062656,10,23,2224515664,2225015664,5548003.468087999,6715154.25675456,random4_k3,3,0.16457551413019053
cleanStatic,holdout,89,88.99062656,10,23,2224515664,2225015664,5548003.468087999,6715154.25675456,random5_k3,3,0.19325576530100053
cleanStatic,holdout,89,88.99062656,10,23,2224515664,2225015664,5548003.468087999,6715154.25675456,random1_k5,5,0.07059019912760842
cleanStatic,holdout,89,88.99062656,10,23,2224515664,2225015664,5548003.468087999,6715154.25675456,random2_k5,5,0.06977056167399773
cleanStatic,holdout,89,88.99062656,10,23,2224515664,2225015664,5548003.468087999,6715154.25675456,random3_k5,5,0.08900559159130714
cleanStatic,holdout,89,88.99062656,10,23,2224515664,2225015664,5548003.468087999,6715154.25675456,random4_k5,5,0.10374389016927824
cleanStatic,holdout,89,88.99062656,10,23,2224515664,2225015664,5548003.468087999,6715154.25675456,random5_k5,5,0.19173662517384066
cleanStatic,holdout,89,88.99062656,10,23,2224515664,2225015664,5548003.468087999,6715154.25675456,random1_k9,9,0.06637598207879604
cleanStatic,holdout,89,88.99062656,10,23,2224515664,2225015664,5548003.468087999,6715154.25675456,random2_k9,9,0.09255192431400808
cleanStatic,holdout,89,88.99062656,10,23,2224515664,2225015664,5548003.468087999,6715154.25675456,random3_k9,9,0.13359519331538852
cleanStatic,holdout,89,88.99062656,10,23,2224515664,2225015664,5548003.468087999,6715154.25675456,random4_k9,9,0.2072608307898395
cleanStatic,holdout,89,88.99062656,10,23,2224515664,2225015664,5548003.468087999,6715154.25675456,random5_k9,9,0.06614584179728017
cleanStatic,holdout,90,89.99736352,0,16,2249684088,2250184088,5487454.30662,5225386.877041366,dense_two_source_glrt,187,0.01788765747599123
cleanStatic,holdout,90,89.99736352,0,16,2249684088,2250184088,5487454.30662,5225386.877041366,dense_one_source_residual,187,0.19781797353060745
cleanStatic,holdout,90,89.99736352,0,16,2249684088,2250184088,5487454.30662,5225386.877041366,raw_power_only,0,5487454.30662
cleanStatic,holdout,90,89.99736352,0,16,2249684088,2250184088,5487454.30662,5225386.877041366,analytic_sparse_k3,3,0.06978845140672464
cleanStatic,holdout,90,89.99736352,0,16,2249684088,2250184088,5487454.30662,5225386.877041366,uniform_k3,3,0.16011324910022884
cleanStatic,holdout,90,89.99736352,0,16,2249684088,2250184088,5487454.30662,5225386.877041366,shuffled_k3,3,0.10424086664741607
cleanStatic,holdout,90,89.99736352,0,16,2249684088,2250184088,5487454.30662,5225386.877041366,analytic_sparse_k5,5,0.06781323846547356
cleanStatic,holdout,90,89.99736352,0,16,2249684088,2250184088,5487454.30662,5225386.877041366,uniform_k5,5,0.0831787637001359
cleanStatic,holdout,90,89.99736352,0,16,2249684088,2250184088,5487454.30662,5225386.877041366,shuffled_k5,5,0.11247246149292009
cleanStatic,holdout,90,89.99736352,0,16,2249684088,2250184088,5487454.30662,5225386.877041366,analytic_sparse_k9,9,0.08394338380018909
cleanStatic,holdout,90,89.99736352,0,16,2249684088,2250184088,5487454.30662,5225386.877041366,uniform_k9,9,0.010560283159012264
cleanStatic,holdout,90,89.99736352,0,16,2249684088,2250184088,5487454.30662,5225386.877041366,shuffled_k9,9,0.048158264064146444
cleanStatic,holdout,90,89.99736352,0,16,2249684088,2250184088,5487454.30662,5225386.877041366,ai_sparse_k3,3,0.22090519233913244
cleanStatic,holdout,90,89.99736352,0,16,2249684088,2250184088,5487454.30662,5225386.877041366,pg_scc_k3,3,0.21723029223503432
cleanStatic,holdout,90,89.99736352,0,16,2249684088,2250184088,5487454.30662,5225386.877041366,ai_sparse_k5,5,0.09101519369229163
cleanStatic,holdout,90,89.99736352,0,16,2249684088,2250184088,5487454.30662,5225386.877041366,pg_scc_k5,5,0.12318887375662772
cleanStatic,holdout,90,89.99736352,0,16,2249684088,2250184088,5487454.30662,5225386.877041366,ai_sparse_k9,9,0.09012273591561182
cleanStatic,holdout,90,89.99736352,0,16,2249684088,2250184088,5487454.30662,5225386.877041366,pg_scc_k9,9,0.09885427999636175
cleanStatic,holdout,90,89.99736352,0,16,2249684088,2250184088,5487454.30662,5225386.877041366,epl3,3,0.08164065337293298
cleanStatic,holdout,90,89.99736352,0,16,2249684088,2250184088,5487454.30662,5225386.877041366,fixed9,9,0.037923362598142996
cleanStatic,holdout,90,89.99736352,0,16,2249684088,2250184088,5487454.30662,5225386.877041366,random1_k3,3,0.0743839205896181
cleanStatic,holdout,90,89.99736352,0,16,2249684088,2250184088,5487454.30662,5225386.877041366,random2_k3,3,0.1104512571562077
cleanStatic,holdout,90,89.99736352,0,16,2249684088,2250184088,5487454.30662,5225386.877041366,random3_k3,3,0.11471266617147002
cleanStatic,holdout,90,89.99736352,0,16,2249684088,2250184088,5487454.30662,5225386.877041366,random4_k3,3,0.19631323053372288
cleanStatic,holdout,90,89.99736352,0,16,2249684088,2250184088,5487454.30662,5225386.877041366,random5_k3,3,0.01098691321496284
cleanStatic,holdout,90,89.99736352,0,16,2249684088,2250184088,5487454.30662,5225386.877041366,random1_k5,5,0.07449711481925818
cleanStatic,holdout,90,89.99736352,0,16,2249684088,2250184088,5487454.30662,5225386.877041366,random2_k5,5,0.016216166550890865
cleanStatic,holdout,90,89.99736352,0,16,2249684088,2250184088,5487454.30662,5225386.877041366,random3_k5,5,0.025037563233542514
cleanStatic,holdout,90,89.99736352,0,16,2249684088,2250184088,5487454.30662,5225386.877041366,random4_k5,5,0.11027660257327077
cleanStatic,holdout,90,89.99736352,0,16,2249684088,2250184088,5487454.30662,5225386.877041366,random5_k5,5,0.07497939304687731
cleanStatic,holdout,90,89.99736352,0,16,2249684088,2250184088,5487454.30662,5225386.877041366,random1_k9,9,0.03266479868292397
cleanStatic,holdout,90,89.99736352,0,16,2249684088,2250184088,5487454.30662,5225386.877041366,random2_k9,9,0.017485756034999318
cleanStatic,holdout,90,89.99736352,0,16,2249684088,2250184088,5487454.30662,5225386.877041366,random3_k9,9,0.06732349369972729
cleanStatic,holdout,90,89.99736352,0,16,2249684088,2250184088,5487454.30662,5225386.877041366,random4_k9,9,0.06211901713822432
cleanStatic,holdout,90,89.99736352,0,16,2249684088,2250184088,5487454.30662,5225386.877041366,random5_k9,9,0.042222428646015504
cleanStatic,holdout,90,90.00417088,1,8,2249854272,2250354272,5489578.827783999,1790235.4640295107,dense_two_source_glrt,187,0.3195034598182725
cleanStatic,holdout,90,90.00417088,1,8,2249854272,2250354272,5489578.827783999,1790235.4640295107,dense_one_source_residual,187,2.1497073373019817
cleanStatic,holdout,90,90.00417088,1,8,2249854272,2250354272,5489578.827783999,1790235.4640295107,raw_power_only,0,5489578.827783999
cleanStatic,holdout,90,90.00417088,1,8,2249854272,2250354272,5489578.827783999,1790235.4640295107,analytic_sparse_k3,3,1.3238763296069829
cleanStatic,holdout,90,90.00417088,1,8,2249854272,2250354272,5489578.827783999,1790235.4640295107,uniform_k3,3,1.2489860897931166
cleanStatic,holdout,90,90.00417088,1,8,2249854272,2250354272,5489578.827783999,1790235.4640295107,shuffled_k3,3,1.3976699276562778
cleanStatic,holdout,90,90.00417088,1,8,2249854272,2250354272,5489578.827783999,1790235.4640295107,analytic_sparse_k5,5,1.6511998478112346
cleanStatic,holdout,90,90.00417088,1,8,2249854272,2250354272,5489578.827783999,1790235.4640295107,uniform_k5,5,0.41535168888412244
cleanStatic,holdout,90,90.00417088,1,8,2249854272,2250354272,5489578.827783999,1790235.4640295107,shuffled_k5,5,1.2913585189456414
cleanStatic,holdout,90,90.00417088,1,8,2249854272,2250354272,5489578.827783999,1790235.4640295107,analytic_sparse_k9,9,0.7481318304408795
cleanStatic,holdout,90,90.00417088,1,8,2249854272,2250354272,5489578.827783999,1790235.4640295107,uniform_k9,9,0.35794485215216987
cleanStatic,holdout,90,90.00417088,1,8,2249854272,2250354272,5489578.827783999,1790235.4640295107,shuffled_k9,9,0.2645829398637088
cleanStatic,holdout,90,90.00417088,1,8,2249854272,2250354272,5489578.827783999,1790235.4640295107,ai_sparse_k3,3,1.3485887387113904
cleanStatic,holdout,90,90.00417088,1,8,2249854272,2250354272,5489578.827783999,1790235.4640295107,pg_scc_k3,3,0.1585844932664222
cleanStatic,holdout,90,90.00417088,1,8,2249854272,2250354272,5489578.827783999,1790235.4640295107,ai_sparse_k5,5,0.2247797474382903
cleanStatic,holdout,90,90.00417088,1,8,2249854272,2250354272,5489578.827783999,1790235.4640295107,pg_scc_k5,5,0.2432286189394251
cleanStatic,holdout,90,90.00417088,1,8,2249854272,2250354272,5489578.827783999,1790235.4640295107,ai_sparse_k9,9,0.3623890632606908
cleanStatic,holdout,90,90.00417088,1,8,2249854272,2250354272,5489578.827783999,1790235.4640295107,pg_scc_k9,9,0.12722918592404397
cleanStatic,holdout,90,90.00417088,1,8,2249854272,2250354272,5489578.827783999,1790235.4640295107,epl3,3,0.9794029656248986
cleanStatic,holdout,90,90.00417088,1,8,2249854272,2250354272,5489578.827783999,1790235.4640295107,fixed9,9,0.5596789358710839
cleanStatic,holdout,90,90.00417088,1,8,2249854272,2250354272,5489578.827783999,1790235.4640295107,random1_k3,3,1.5432450341138306
cleanStatic,holdout,90,90.00417088,1,8,2249854272,2250354272,5489578.827783999,1790235.4640295107,random2_k3,3,1.3873346678872414
cleanStatic,holdout,90,90.00417088,1,8,2249854272,2250354272,5489578.827783999,1790235.4640295107,random3_k3,3,0.9115431837535225
cleanStatic,holdout,90,90.00417088,1,8,2249854272,2250354272,5489578.827783999,1790235.4640295107,random4_k3,3,3.2738783374559524
cleanStatic,holdout,90,90.00417088,1,8,2249854272,2250354272,5489578.827783999,1790235.4640295107,random5_k3,3,0.7259288303256449
cleanStatic,holdout,90,90.00417088,1,8,2249854272,2250354272,5489578.827783999,1790235.4640295107,random1_k5,5,0.8022326197906844
cleanStatic,holdout,90,90.00417088,1,8,2249854272,2250354272,5489578.827783999,1790235.4640295107,random2_k5,5,2.0353109568968053
cleanStatic,holdout,90,90.00417088,1,8,2249854272,2250354272,5489578.827783999,1790235.4640295107,random3_k5,5,0.7620570068365344
cleanStatic,holdout,90,90.00417088,1,8,2249854272,2250354272,5489578.827783999,1790235.4640295107,random4_k5,5,0.7385585136261863
cleanStatic,holdout,90,90.00417088,1,8,2249854272,2250354272,5489578.827783999,1790235.4640295107,random5_k5,5,1.0858505522438588
cleanStatic,holdout,90,90.00417088,1,8,2249854272,2250354272,5489578.827783999,1790235.4640295107,random1_k9,9,0.6657651982919349
cleanStatic,holdout,90,90.00417088,1,8,2249854272,2250354272,5489578.827783999,1790235.4640295107,random2_k9,9,1.0026223041875597
cleanStatic,holdout,90,90.00417088,1,8,2249854272,2250354272,5489578.827783999,1790235.4640295107,random3_k9,9,0.6240390612101043
cleanStatic,holdout,90,90.00417088,1,8,2249854272,2250354272,5489578.827783999,1790235.4640295107,random4_k9,9,0.5514098003734311
cleanStatic,holdout,90,90.00417088,1,8,2249854272,2250354272,5489578.827783999,1790235.4640295107,random5_k9,9,0.1465602361052475
cleanStatic,holdout,90,89.9905262,2,3,2249513155,2250013155,5491377.642444,6142537.711306627,dense_two_source_glrt,187,0.033397942069631974
cleanStatic,holdout,90,89.9905262,2,3,2249513155,2250013155,5491377.642444,6142537.711306627,dense_one_source_residual,187,0.2555562139825335
cleanStatic,holdout,90,89.9905262,2,3,2249513155,2250013155,5491377.642444,6142537.711306627,raw_power_only,0,5491377.642444
cleanStatic,holdout,90,89.9905262,2,3,2249513155,2250013155,5491377.642444,6142537.711306627,analytic_sparse_k3,3,0.07626225081335976
cleanStatic,holdout,90,89.9905262,2,3,2249513155,2250013155,5491377.642444,6142537.711306627,uniform_k3,3,0.16223081306034134
cleanStatic,holdout,90,89.9905262,2,3,2249513155,2250013155,5491377.642444,6142537.711306627,shuffled_k3,3,0.11410382989759249
cleanStatic,holdout,90,89.9905262,2,3,2249513155,2250013155,5491377.642444,6142537.711306627,analytic_sparse_k5,5,0.14080189488928413
cleanStatic,holdout,90,89.9905262,2,3,2249513155,2250013155,5491377.642444,6142537.711306627,uniform_k5,5,0.12429568670424647
cleanStatic,holdout,90,89.9905262,2,3,2249513155,2250013155,5491377.642444,6142537.711306627,shuffled_k5,5,0.10596033889368991
cleanStatic,holdout,90,89.9905262,2,3,2249513155,2250013155,5491377.642444,6142537.711306627,analytic_sparse_k9,9,0.14056777181263003
cleanStatic,holdout,90,89.9905262,2,3,2249513155,2250013155,5491377.642444,6142537.711306627,uniform_k9,9,0.031179670374640263
cleanStatic,holdout,90,89.9905262,2,3,2249513155,2250013155,5491377.642444,6142537.711306627,shuffled_k9,9,0.10821531870560148
cleanStatic,holdout,90,89.9905262,2,3,2249513155,2250013155,5491377.642444,6142537.711306627,ai_sparse_k3,3,0.22423984838611175
cleanStatic,holdout,90,89.9905262,2,3,2249513155,2250013155,5491377.642444,6142537.711306627,pg_scc_k3,3,0.058811016401882875
cleanStatic,holdout,90,89.9905262,2,3,2249513155,2250013155,5491377.642444,6142537.711306627,ai_sparse_k5,5,0.24076889376264093
cleanStatic,holdout,90,89.9905262,2,3,2249513155,2250013155,5491377.642444,6142537.711306627,pg_scc_k5,5,0.058903761418613775
cleanStatic,holdout,90,89.9905262,2,3,2249513155,2250013155,5491377.642444,6142537.711306627,ai_sparse_k9,9,0.10199326561630234
cleanStatic,holdout,90,89.9905262,2,3,2249513155,2250013155,5491377.642444,6142537.711306627,pg_scc_k9,9,0.023847681740165258
cleanStatic,holdout,90,89.9905262,2,3,2249513155,2250013155,5491377.642444,6142537.711306627,epl3,3,0.06787812483423783
cleanStatic,holdout,90,89.9905262,2,3,2249513155,2250013155,5491377.642444,6142537.711306627,fixed9,9,0.09441775861875462
cleanStatic,holdout,90,89.9905262,2,3,2249513155,2250013155,5491377.642444,6142537.711306627,random1_k3,3,0.26991972856464924
cleanStatic,holdout,90,89.9905262,2,3,2249513155,2250013155,5491377.642444,6142537.711306627,random2_k3,3,0.3626228951843365
cleanStatic,holdout,90,89.9905262,2,3,2249513155,2250013155,5491377.642444,6142537.711306627,random3_k3,3,0.08635335740770166
cleanStatic,holdout,90,89.9905262,2,3,2249513155,2250013155,5491377.642444,6142537.711306627,random4_k3,3,0.031496640434530015
cleanStatic,holdout,90,89.9905262,2,3,2249513155,2250013155,5491377.642444,6142537.711306627,random5_k3,3,0.3871990688384534
cleanStatic,holdout,90,89.9905262,2,3,2249513155,2250013155,5491377.642444,6142537.711306627,random1_k5,5,0.16782509940553134
cleanStatic,holdout,90,89.9905262,2,3,2249513155,2250013155,5491377.642444,6142537.711306627,random2_k5,5,0.05925568450673659
cleanStatic,holdout,90,89.9905262,2,3,2249513155,2250013155,5491377.642444,6142537.711306627,random3_k5,5,0.19893796813282918
cleanStatic,holdout,90,89.9905262,2,3,2249513155,2250013155,5491377.642444,6142537.711306627,random4_k5,5,0.07643566956483372
cleanStatic,holdout,90,89.9905262,2,3,2249513155,2250013155,5491377.642444,6142537.711306627,random5_k5,5,0.11645226668115449
cleanStatic,holdout,90,89.9905262,2,3,2249513155,2250013155,5491377.642444,6142537.711306627,random1_k9,9,0.15571663278604467
cleanStatic,holdout,90,89.9905262,2,3,2249513155,2250013155,5491377.642444,6142537.711306627,random2_k9,9,0.067820759527907
cleanStatic,holdout,90,89.9905262,2,3,2249513155,2250013155,5491377.642444,6142537.711306627,random3_k9,9,0.0807718814525024
cleanStatic,holdout,90,89.9905262,2,3,2249513155,2250013155,5491377.642444,6142537.711306627,random4_k9,9,0.042023966264331386
cleanStatic,holdout,90,89.9905262,2,3,2249513155,2250013155,5491377.642444,6142537.711306627,random5_k9,9,0.12416775901072308
cleanStatic,holdout,90,89.9904152,3,20,2249510380,2250010380,5491409.308995999,2279856.61061643,dense_two_source_glrt,187,0.26282138687370565
cleanStatic,holdout,90,89.9904152,3,20,2249510380,2250010380,5491409.308995999,2279856.61061643,dense_one_source_residual,187,1.678966940418856
cleanStatic,holdout,90,89.9904152,3,20,2249510380,2250010380,5491409.308995999,2279856.61061643,raw_power_only,0,5491409.308995999
cleanStatic,holdout,90,89.9904152,3,20,2249510380,2250010380,5491409.308995999,2279856.61061643,analytic_sparse_k3,3,0.6206807212594915
cleanStatic,holdout,90,89.9904152,3,20,2249510380,2250010380,5491409.308995999,2279856.61061643,uniform_k3,3,0.4874838838676006
cleanStatic,holdout,90,89.9904152,3,20,2249510380,2250010380,5491409.308995999,2279856.61061643,shuffled_k3,3,1.280552646242187
cleanStatic,holdout,90,89.9904152,3,20,2249510380,2250010380,5491409.308995999,2279856.61061643,analytic_sparse_k5,5,0.7877159527896644
cleanStatic,holdout,90,89.9904152,3,20,2249510380,2250010380,5491409.308995999,2279856.61061643,uniform_k5,5,0.4694928311806324
cleanStatic,holdout,90,89.9904152,3,20,2249510380,2250010380,5491409.308995999,2279856.61061643,shuffled_k5,5,1.2273320301501243
cleanStatic,holdout,90,89.9904152,3,20,2249510380,2250010380,5491409.308995999,2279856.61061643,analytic_sparse_k9,9,0.4188877940463964
cleanStatic,holdout,90,89.9904152,3,20,2249510380,2250010380,5491409.308995999,2279856.61061643,uniform_k9,9,0.1156259353816284
cleanStatic,holdout,90,89.9904152,3,20,2249510380,2250010380,5491409.308995999,2279856.61061643,shuffled_k9,9,0.22899549546394316
cleanStatic,holdout,90,89.9904152,3,20,2249510380,2250010380,5491409.308995999,2279856.61061643,ai_sparse_k3,3,1.5569031981587678
cleanStatic,holdout,90,89.9904152,3,20,2249510380,2250010380,5491409.308995999,2279856.61061643,pg_scc_k3,3,0.4604737009593683
cleanStatic,holdout,90,89.9904152,3,20,2249510380,2250010380,5491409.308995999,2279856.61061643,ai_sparse_k5,5,1.3625456415225847
cleanStatic,holdout,90,89.9904152,3,20,2249510380,2250010380,5491409.308995999,2279856.61061643,pg_scc_k5,5,1.1715076410336642
cleanStatic,holdout,90,89.9904152,3,20,2249510380,2250010380,5491409.308995999,2279856.61061643,ai_sparse_k9,9,0.8619215784935997
cleanStatic,holdout,90,89.9904152,3,20,2249510380,2250010380,5491409.308995999,2279856.61061643,pg_scc_k9,9,0.6940892172867685
cleanStatic,holdout,90,89.9904152,3,20,2249510380,2250010380,5491409.308995999,2279856.61061643,epl3,3,1.0665087990741984
cleanStatic,holdout,90,89.9904152,3,20,2249510380,2250010380,5491409.308995999,2279856.61061643,fixed9,9,0.646397940902284
cleanStatic,holdout,90,89.9904152,3,20,2249510380,2250010380,5491409.308995999,2279856.61061643,random1_k3,3,1.8770378620843722
cleanStatic,holdout,90,89.9904152,3,20,2249510380,2250010380,5491409.308995999,2279856.61061643,random2_k3,3,2.7948618208892086
cleanStatic,holdout,90,89.9904152,3,20,2249510380,2250010380,5491409.308995999,2279856.61061643,random3_k3,3,0.4701185417532608
cleanStatic,holdout,90,89.9904152,3,20,2249510380,2250010380,5491409.308995999,2279856.61061643,random4_k3,3,0.9434101141757059
cleanStatic,holdout,90,89.9904152,3,20,2249510380,2250010380,5491409.308995999,2279856.61061643,random5_k3,3,1.0110260719013813
cleanStatic,holdout,90,89.9904152,3,20,2249510380,2250010380,5491409.308995999,2279856.61061643,random1_k5,5,0.40202504114086723
cleanStatic,holdout,90,89.9904152,3,20,2249510380,2250010380,5491409.308995999,2279856.61061643,random2_k5,5,0.7791658912008289
cleanStatic,holdout,90,89.9904152,3,20,2249510380,2250010380,5491409.308995999,2279856.61061643,random3_k5,5,0.7134815139220502
cleanStatic,holdout,90,89.9904152,3,20,2249510380,2250010380,5491409.308995999,2279856.61061643,random4_k5,5,0.5294138574285785
cleanStatic,holdout,90,89.9904152,3,20,2249510380,2250010380,5491409.308995999,2279856.61061643,random5_k5,5,0.5848788514442509
cleanStatic,holdout,90,89.9904152,3,20,2249510380,2250010380,5491409.308995999,2279856.61061643,random1_k9,9,0.8019837468779486
cleanStatic,holdout,90,89.9904152,3,20,2249510380,2250010380,5491409.308995999,2279856.61061643,random2_k9,9,0.3561631185244934
cleanStatic,holdout,90,89.9904152,3,20,2249510380,2250010380,5491409.308995999,2279856.61061643,random3_k9,9,0.7094258303220867
cleanStatic,holdout,90,89.9904152,3,20,2249510380,2250010380,5491409.308995999,2279856.61061643,random4_k9,9,0.557183486898004
cleanStatic,holdout,90,89.9904152,3,20,2249510380,2250010380,5491409.308995999,2279856.61061643,random5_k9,9,0.23192687214063934
cleanStatic,holdout,90,90.17673336,4,30,2254168334,2254668334,5493665.998518,2569347.311875985,dense_two_source_glrt,187,0.25155511640706296
cleanStatic,holdout,90,90.17673336,4,30,2254168334,2254668334,5493665.998518,2569347.311875985,dense_one_source_residual,187,1.6483270267164492
cleanStatic,holdout,90,90.17673336,4,30,2254168334,2254668334,5493665.998518,2569347.311875985,raw_power_only,0,5493665.998518
cleanStatic,holdout,90,90.17673336,4,30,2254168334,2254668334,5493665.998518,2569347.311875985,analytic_sparse_k3,3,0.49010143025339586
cleanStatic,holdout,90,90.17673336,4,30,2254168334,2254668334,5493665.998518,2569347.311875985,uniform_k3,3,0.8811596485432488
cleanStatic,holdout,90,90.17673336,4,30,2254168334,2254668334,5493665.998518,2569347.311875985,shuffled_k3,3,1.5500109216379274
cleanStatic,holdout,90,90.17673336,4,30,2254168334,2254668334,5493665.998518,2569347.311875985,analytic_sparse_k5,5,0.4578048408196514
cleanStatic,holdout,90,90.17673336,4,30,2254168334,2254668334,5493665.998518,2569347.311875985,uniform_k5,5,1.212876581717848
cleanStatic,holdout,90,90.17673336,4,30,2254168334,2254668334,5493665.998518,2569347.311875985,shuffled_k5,5,0.44432183739228226
cleanStatic,holdout,90,90.17673336,4,30,2254168334,2254668334,5493665.998518,2569347.311875985,analytic_sparse_k9,9,0.20849054540498782
cleanStatic,holdout,90,90.17673336,4,30,2254168334,2254668334,5493665.998518,2569347.311875985,uniform_k9,9,0.330449609034816
cleanStatic,holdout,90,90.17673336,4,30,2254168334,2254668334,5493665.998518,2569347.311875985,shuffled_k9,9,0.47074843179223197
cleanStatic,holdout,90,90.17673336,4,30,2254168334,2254668334,5493665.998518,2569347.311875985,ai_sparse_k3,3,0.5257406715821844
cleanStatic,holdout,90,90.17673336,4,30,2254168334,2254668334,5493665.998518,2569347.311875985,pg_scc_k3,3,0.2633692633424708
cleanStatic,holdout,90,90.17673336,4,30,2254168334,2254668334,5493665.998518,2569347.311875985,ai_sparse_k5,5,0.5140572740174335
cleanStatic,holdout,90,90.17673336,4,30,2254168334,2254668334,5493665.998518,2569347.311875985,pg_scc_k5,5,0.1629015369060501
cleanStatic,holdout,90,90.17673336,4,30,2254168334,2254668334,5493665.998518,2569347.311875985,ai_sparse_k9,9,0.19116055059191822
cleanStatic,holdout,90,90.17673336,4,30,2254168334,2254668334,5493665.998518,2569347.311875985,pg_scc_k9,9,0.0668753481223407
cleanStatic,holdout,90,90.17673336,4,30,2254168334,2254668334,5493665.998518,2569347.311875985,epl3,3,0.9557092740371359
cleanStatic,holdout,90,90.17673336,4,30,2254168334,2254668334,5493665.998518,2569347.311875985,fixed9,9,0.18761686572340963
cleanStatic,holdout,90,90.17673336,4,30,2254168334,2254668334,5493665.998518,2569347.311875985,random1_k3,3,1.8840840887711945
cleanStatic,holdout,90,90.17673336,4,30,2254168334,2254668334,5493665.998518,2569347.311875985,random2_k3,3,1.08474990680292
cleanStatic,holdout,90,90.17673336,4,30,2254168334,2254668334,5493665.998518,2569347.311875985,random3_k3,3,0.2004963068828501
cleanStatic,holdout,90,90.17673336,4,30,2254168334,2254668334,5493665.998518,2569347.311875985,random4_k3,3,0.752483563602009
cleanStatic,holdout,90,90.17673336,4,30,2254168334,2254668334,5493665.998518,2569347.311875985,random5_k3,3,0.44615139199146764
cleanStatic,holdout,90,90.17673336,4,30,2254168334,2254668334,5493665.998518,2569347.311875985,random1_k5,5,0.20491373038634056
cleanStatic,holdout,90,90.17673336,4,30,2254168334,2254668334,5493665.998518,2569347.311875985,random2_k5,5,0.6360843282549976
cleanStatic,holdout,90,90.17673336,4,30,2254168334,2254668334,5493665.998518,2569347.311875985,random3_k5,5,1.6003335223051447
cleanStatic,holdout,90,90.17673336,4,30,2254168334,2254668334,5493665.998518,2569347.311875985,random4_k5,5,0.22360263090319776
cleanStatic,holdout,90,90.17673336,4,30,2254168334,2254668334,5493665.998518,2569347.311875985,random5_k5,5,0.6631917041644044
cleanStatic,holdout,90,90.17673336,4,30,2254168334,2254668334,5493665.998518,2569347.311875985,random1_k9,9,0.6871750297774879
cleanStatic,holdout,90,90.17673336,4,30,2254168334,2254668334,5493665.998518,2569347.311875985,random2_k9,9,0.28709629002703707
cleanStatic,holdout,90,90.17673336,4,30,2254168334,2254668334,5493665.998518,2569347.311875985,random3_k9,9,0.47308096333508115
cleanStatic,holdout,90,90.17673336,4,30,2254168334,2254668334,5493665.998518,2569347.311875985,random4_k9,9,0.8080073980528734
cleanStatic,holdout,90,90.17673336,4,30,2254168334,2254668334,5493665.998518,2569347.311875985,random5_k9,9,0.44632192217784666
cleanStatic,holdout,90,89.99067224,5,6,2249516806,2250016806,5489127.987726,4587931.062283841,dense_two_source_glrt,187,0.06780767053014142
cleanStatic,holdout,90,89.99067224,5,6,2249516806,2250016806,5489127.987726,4587931.062283841,dense_one_source_residual,187,0.3336540176656304
cleanStatic,holdout,90,89.99067224,5,6,2249516806,2250016806,5489127.987726,4587931.062283841,raw_power_only,0,5489127.987726
cleanStatic,holdout,90,89.99067224,5,6,2249516806,2250016806,5489127.987726,4587931.062283841,analytic_sparse_k3,3,0.14846075094214975
cleanStatic,holdout,90,89.99067224,5,6,2249516806,2250016806,5489127.987726,4587931.062283841,uniform_k3,3,0.2605576578124607
cleanStatic,holdout,90,89.99067224,5,6,2249516806,2250016806,5489127.987726,4587931.062283841,shuffled_k3,3,0.044224011279889265
cleanStatic,holdout,90,89.99067224,5,6,2249516806,2250016806,5489127.987726,4587931.062283841,analytic_sparse_k5,5,0.17571163987943708
cleanStatic,holdout,90,89.99067224,5,6,2249516806,2250016806,5489127.987726,4587931.062283841,uniform_k5,5,0.11041672950312527
cleanStatic,holdout,90,89.99067224,5,6,2249516806,2250016806,5489127.987726,4587931.062283841,shuffled_k5,5,0.13018506217960255
cleanStatic,holdout,90,89.99067224,5,6,2249516806,2250016806,5489127.987726,4587931.062283841,analytic_sparse_k9,9,0.12350813634096257
cleanStatic,holdout,90,89.99067224,5,6,2249516806,2250016806,5489127.987726,4587931.062283841,uniform_k9,9,0.05307129629805699
cleanStatic,holdout,90,89.99067224,5,6,2249516806,2250016806,5489127.987726,4587931.062283841,shuffled_k9,9,0.10362769724881964
cleanStatic,holdout,90,89.99067224,5,6,2249516806,2250016806,5489127.987726,4587931.062283841,ai_sparse_k3,3,0.09363227344991708
cleanStatic,holdout,90,89.99067224,5,6,2249516806,2250016806,5489127.987726,4587931.062283841,pg_scc_k3,3,0.37116615272976633
cleanStatic,holdout,90,89.99067224,5,6,2249516806,2250016806,5489127.987726,4587931.062283841,ai_sparse_k5,5,0.11432246300109228
cleanStatic,holdout,90,89.99067224,5,6,2249516806,2250016806,5489127.987726,4587931.062283841,pg_scc_k5,5,0.34428988552388234
cleanStatic,holdout,90,89.99067224,5,6,2249516806,2250016806,5489127.987726,4587931.062283841,ai_sparse_k9,9,0.22279217823793035
cleanStatic,holdout,90,89.99067224,5,6,2249516806,2250016806,5489127.987726,4587931.062283841,pg_scc_k9,9,0.3049250389333061
cleanStatic,holdout,90,89.99067224,5,6,2249516806,2250016806,5489127.987726,4587931.062283841,epl3,3,0.07631488020670725
cleanStatic,holdout,90,89.99067224,5,6,2249516806,2250016806,5489127.987726,4587931.062283841,fixed9,9,0.17302418965348573
cleanStatic,holdout,90,89.99067224,5,6,2249516806,2250016806,5489127.987726,4587931.062283841,random1_k3,3,0.4237592694717987
cleanStatic,holdout,90,89.99067224,5,6,2249516806,2250016806,5489127.987726,4587931.062283841,random2_k3,3,0.1806429827017386
cleanStatic,holdout,90,89.99067224,5,6,2249516806,2250016806,5489127.987726,4587931.062283841,random3_k3,3,0.29979350381076303
cleanStatic,holdout,90,89.99067224,5,6,2249516806,2250016806,5489127.987726,4587931.062283841,random4_k3,3,0.16669740923756401
cleanStatic,holdout,90,89.99067224,5,6,2249516806,2250016806,5489127.987726,4587931.062283841,random5_k3,3,0.0930290714396552
cleanStatic,holdout,90,89.99067224,5,6,2249516806,2250016806,5489127.987726,4587931.062283841,random1_k5,5,0.03223346019597686
cleanStatic,holdout,90,89.99067224,5,6,2249516806,2250016806,5489127.987726,4587931.062283841,random2_k5,5,0.05200151576565999
cleanStatic,holdout,90,89.99067224,5,6,2249516806,2250016806,5489127.987726,4587931.062283841,random3_k5,5,0.04224159245595651
cleanStatic,holdout,90,89.99067224,5,6,2249516806,2250016806,5489127.987726,4587931.062283841,random4_k5,5,0.040600525441914795
cleanStatic,holdout,90,89.99067224,5,6,2249516806,2250016806,5489127.987726,4587931.062283841,random5_k5,5,0.0890479197641048
cleanStatic,holdout,90,89.99067224,5,6,2249516806,2250016806,5489127.987726,4587931.062283841,random1_k9,9,0.046420033984748504
cleanStatic,holdout,90,89.99067224,5,6,2249516806,2250016806,5489127.987726,4587931.062283841,random2_k9,9,0.16096233101373109
cleanStatic,holdout,90,89.99067224,5,6,2249516806,2250016806,5489127.987726,4587931.062283841,random3_k9,9,0.11376231914030657
cleanStatic,holdout,90,89.99067224,5,6,2249516806,2250016806,5489127.987726,4587931.062283841,random4_k9,9,0.143090143830927
cleanStatic,holdout,90,89.99067224,5,6,2249516806,2250016806,5489127.987726,4587931.062283841,random5_k9,9,0.2821673397433791
cleanStatic,holdout,90,90.00415168,6,7,2249853792,2250353792,5489471.948336001,4265602.43405805,dense_two_source_glrt,187,0.03901685753288666
cleanStatic,holdout,90,90.00415168,6,7,2249853792,2250353792,5489471.948336001,4265602.43405805,dense_one_source_residual,187,0.753782426249371
cleanStatic,holdout,90,90.00415168,6,7,2249853792,2250353792,5489471.948336001,4265602.43405805,raw_power_only,0,5489471.948336001
cleanStatic,holdout,90,90.00415168,6,7,2249853792,2250353792,5489471.948336001,4265602.43405805,analytic_sparse_k3,3,0.07062688895721513
cleanStatic,holdout,90,90.00415168,6,7,2249853792,2250353792,5489471.948336001,4265602.43405805,uniform_k3,3,1.043012271663316
cleanStatic,holdout,90,90.00415168,6,7,2249853792,2250353792,5489471.948336001,4265602.43405805,shuffled_k3,3,0.3188738569156585
cleanStatic,holdout,90,90.00415168,6,7,2249853792,2250353792,5489471.948336001,4265602.43405805,analytic_sparse_k5,5,0.2129191996858757
cleanStatic,holdout,90,90.00415168,6,7,2249853792,2250353792,5489471.948336001,4265602.43405805,uniform_k5,5,0.6084638056779905
cleanStatic,holdout,90,90.00415168,6,7,2249853792,2250353792,5489471.948336001,4265602.43405805,shuffled_k5,5,0.37542299127032563
cleanStatic,holdout,90,90.00415168,6,7,2249853792,2250353792,5489471.948336001,4265602.43405805,analytic_sparse_k9,9,0.083456156761286
cleanStatic,holdout,90,90.00415168,6,7,2249853792,2250353792,5489471.948336001,4265602.43405805,uniform_k9,9,0.12254747941387557
cleanStatic,holdout,90,90.00415168,6,7,2249853792,2250353792,5489471.948336001,4265602.43405805,shuffled_k9,9,0.2629504066522259
cleanStatic,holdout,90,90.00415168,6,7,2249853792,2250353792,5489471.948336001,4265602.43405805,ai_sparse_k3,3,0.34669120955487576
cleanStatic,holdout,90,90.00415168,6,7,2249853792,2250353792,5489471.948336001,4265602.43405805,pg_scc_k3,3,0.2993767691004414
cleanStatic,holdout,90,90.00415168,6,7,2249853792,2250353792,5489471.948336001,4265602.43405805,ai_sparse_k5,5,0.31208820969989814
cleanStatic,holdout,90,90.00415168,6,7,2249853792,2250353792,5489471.948336001,4265602.43405805,pg_scc_k5,5,0.16202810427805206
cleanStatic,holdout,90,90.00415168,6,7,2249853792,2250353792,5489471.948336001,4265602.43405805,ai_sparse_k9,9,0.18215107374337633
cleanStatic,holdout,90,90.00415168,6,7,2249853792,2250353792,5489471.948336001,4265602.43405805,pg_scc_k9,9,0.08278269830439314
cleanStatic,holdout,90,90.00415168,6,7,2249853792,2250353792,5489471.948336001,4265602.43405805,epl3,3,0.2660341321898523
cleanStatic,holdout,90,90.00415168,6,7,2249853792,2250353792,5489471.948336001,4265602.43405805,fixed9,9,0.26278941858242294
cleanStatic,holdout,90,90.00415168,6,7,2249853792,2250353792,5489471.948336001,4265602.43405805,random1_k3,3,0.7957012827220145
cleanStatic,holdout,90,90.00415168,6,7,2249853792,2250353792,5489471.948336001,4265602.43405805,random2_k3,3,0.24513857610190803
cleanStatic,holdout,90,90.00415168,6,7,2249853792,2250353792,5489471.948336001,4265602.43405805,random3_k3,3,0.4297995805752907
cleanStatic,holdout,90,90.00415168,6,7,2249853792,2250353792,5489471.948336001,4265602.43405805,random4_k3,3,0.3003035634460018
cleanStatic,holdout,90,90.00415168,6,7,2249853792,2250353792,5489471.948336001,4265602.43405805,random5_k3,3,0.1206047409631763
cleanStatic,holdout,90,90.00415168,6,7,2249853792,2250353792,5489471.948336001,4265602.43405805,random1_k5,5,0.4596649457989187
cleanStatic,holdout,90,90.00415168,6,7,2249853792,2250353792,5489471.948336001,4265602.43405805,random2_k5,5,0.34876078595867205
cleanStatic,holdout,90,90.00415168,6,7,2249853792,2250353792,5489471.948336001,4265602.43405805,random3_k5,5,0.28613633685592443
cleanStatic,holdout,90,90.00415168,6,7,2249853792,2250353792,5489471.948336001,4265602.43405805,random4_k5,5,0.33703114211501867
cleanStatic,holdout,90,90.00415168,6,7,2249853792,2250353792,5489471.948336001,4265602.43405805,random5_k5,5,0.2104918983023595
cleanStatic,holdout,90,90.00415168,6,7,2249853792,2250353792,5489471.948336001,4265602.43405805,random1_k9,9,0.19971875930110178
cleanStatic,holdout,90,90.00415168,6,7,2249853792,2250353792,5489471.948336001,4265602.43405805,random2_k9,9,0.06663520291230027
cleanStatic,holdout,90,90.00415168,6,7,2249853792,2250353792,5489471.948336001,4265602.43405805,random3_k9,9,0.14746813785951662
cleanStatic,holdout,90,90.00415168,6,7,2249853792,2250353792,5489471.948336001,4265602.43405805,random4_k9,9,0.29086949129571477
cleanStatic,holdout,90,90.00415168,6,7,2249853792,2250353792,5489471.948336001,4265602.43405805,random5_k9,9,0.5452807438941578
cleanStatic,holdout,90,89.99036016,7,10,2249509004,2250009004,5492291.532513999,2360641.7222967898,dense_two_source_glrt,187,0.3818650919394335
cleanStatic,holdout,90,89.99036016,7,10,2249509004,2250009004,5492291.532513999,2360641.7222967898,dense_one_source_residual,187,2.7846910212599107
cleanStatic,holdout,90,89.99036016,7,10,2249509004,2250009004,5492291.532513999,2360641.7222967898,raw_power_only,0,5492291.532513999
cleanStatic,holdout,90,89.99036016,7,10,2249509004,2250009004,5492291.532513999,2360641.7222967898,analytic_sparse_k3,3,0.968387065748343
cleanStatic,holdout,90,89.99036016,7,10,2249509004,2250009004,5492291.532513999,2360641.7222967898,uniform_k3,3,0.947120569526206
cleanStatic,holdout,90,89.99036016,7,10,2249509004,2250009004,5492291.532513999,2360641.7222967898,shuffled_k3,3,2.3533425987873886
cleanStatic,holdout,90,89.99036016,7,10,2249509004,2250009004,5492291.532513999,2360641.7222967898,analytic_sparse_k5,5,1.731265305624555
cleanStatic,holdout,90,89.99036016,7,10,2249509004,2250009004,5492291.532513999,2360641.7222967898,uniform_k5,5,0.7069773754243535
cleanStatic,holdout,90,89.99036016,7,10,2249509004,2250009004,5492291.532513999,2360641.7222967898,shuffled_k5,5,1.1364116880353923
cleanStatic,holdout,90,89.99036016,7,10,2249509004,2250009004,5492291.532513999,2360641.7222967898,analytic_sparse_k9,9,1.6493745974738523
cleanStatic,holdout,90,89.99036016,7,10,2249509004,2250009004,5492291.532513999,2360641.7222967898,uniform_k9,9,0.3109766277106506
cleanStatic,holdout,90,89.99036016,7,10,2249509004,2250009004,5492291.532513999,2360641.7222967898,shuffled_k9,9,0.9371247827166462
cleanStatic,holdout,90,89.99036016,7,10,2249509004,2250009004,5492291.532513999,2360641.7222967898,ai_sparse_k3,3,1.6599321113369978
cleanStatic,holdout,90,89.99036016,7,10,2249509004,2250009004,5492291.532513999,2360641.7222967898,pg_scc_k3,3,1.3369367188528798
cleanStatic,holdout,90,89.99036016,7,10,2249509004,2250009004,5492291.532513999,2360641.7222967898,ai_sparse_k5,5,1.0001219840816395
cleanStatic,holdout,90,89.99036016,7,10,2249509004,2250009004,5492291.532513999,2360641.7222967898,pg_scc_k5,5,0.4247584954632396
cleanStatic,holdout,90,89.99036016,7,10,2249509004,2250009004,5492291.532513999,2360641.7222967898,ai_sparse_k9,9,0.4794381688653837
cleanStatic,holdout,90,89.99036016,7,10,2249509004,2250009004,5492291.532513999,2360641.7222967898,pg_scc_k9,9,0.4152199312568958
cleanStatic,holdout,90,89.99036016,7,10,2249509004,2250009004,5492291.532513999,2360641.7222967898,epl3,3,2.6477836018784155
cleanStatic,holdout,90,89.99036016,7,10,2249509004,2250009004,5492291.532513999,2360641.7222967898,fixed9,9,1.4368803128822125
cleanStatic,holdout,90,89.99036016,7,10,2249509004,2250009004,5492291.532513999,2360641.7222967898,random1_k3,3,2.526891763710961
cleanStatic,holdout,90,89.99036016,7,10,2249509004,2250009004,5492291.532513999,2360641.7222967898,random2_k3,3,1.8551839758312612
cleanStatic,holdout,90,89.99036016,7,10,2249509004,2250009004,5492291.532513999,2360641.7222967898,random3_k3,3,0.7506662912494466
cleanStatic,holdout,90,89.99036016,7,10,2249509004,2250009004,5492291.532513999,2360641.7222967898,random4_k3,3,2.261952670316204
cleanStatic,holdout,90,89.99036016,7,10,2249509004,2250009004,5492291.532513999,2360641.7222967898,random5_k3,3,0.48375241292972965
cleanStatic,holdout,90,89.99036016,7,10,2249509004,2250009004,5492291.532513999,2360641.7222967898,random1_k5,5,0.45608515106602426
cleanStatic,holdout,90,89.99036016,7,10,2249509004,2250009004,5492291.532513999,2360641.7222967898,random2_k5,5,0.25337690105858
cleanStatic,holdout,90,89.99036016,7,10,2249509004,2250009004,5492291.532513999,2360641.7222967898,random3_k5,5,1.0392314114795458
cleanStatic,holdout,90,89.99036016,7,10,2249509004,2250009004,5492291.532513999,2360641.7222967898,random4_k5,5,1.3242773356608772
cleanStatic,holdout,90,89.99036016,7,10,2249509004,2250009004,5492291.532513999,2360641.7222967898,random5_k5,5,1.2945561474752425
cleanStatic,holdout,90,89.99036016,7,10,2249509004,2250009004,5492291.532513999,2360641.7222967898,random1_k9,9,0.26470638107454847
cleanStatic,holdout,90,89.99036016,7,10,2249509004,2250009004,5492291.532513999,2360641.7222967898,random2_k9,9,0.80622660304097
cleanStatic,holdout,90,89.99036016,7,10,2249509004,2250009004,5492291.532513999,2360641.7222967898,random3_k9,9,0.7185011416212022
cleanStatic,holdout,90,89.99036016,7,10,2249509004,2250009004,5492291.532513999,2360641.7222967898,random4_k9,9,0.8817248944458027
cleanStatic,holdout,90,89.99036016,7,10,2249509004,2250009004,5492291.532513999,2360641.7222967898,random5_k9,9,0.7782866902915104
cleanStatic,holdout,90,90.00662924,8,13,2249915731,2250415731,5489350.591142001,6119263.4626441095,dense_two_source_glrt,187,0.11084998227103822
cleanStatic,holdout,90,90.00662924,8,13,2249915731,2250415731,5489350.591142001,6119263.4626441095,dense_one_source_residual,187,0.33365887572961406
cleanStatic,holdout,90,90.00662924,8,13,2249915731,2250415731,5489350.591142001,6119263.4626441095,raw_power_only,0,5489350.591142001
cleanStatic,holdout,90,90.00662924,8,13,2249915731,2250415731,5489350.591142001,6119263.4626441095,analytic_sparse_k3,3,0.20567408510297644
cleanStatic,holdout,90,90.00662924,8,13,2249915731,2250415731,5489350.591142001,6119263.4626441095,uniform_k3,3,0.05758592454098033
cleanStatic,holdout,90,90.00662924,8,13,2249915731,2250415731,5489350.591142001,6119263.4626441095,shuffled_k3,3,0.5984342553671695
cleanStatic,holdout,90,90.00662924,8,13,2249915731,2250415731,5489350.591142001,6119263.4626441095,analytic_sparse_k5,5,0.2528221838189128
cleanStatic,holdout,90,90.00662924,8,13,2249915731,2250415731,5489350.591142001,6119263.4626441095,uniform_k5,5,0.058586830825069394
cleanStatic,holdout,90,90.00662924,8,13,2249915731,2250415731,5489350.591142001,6119263.4626441095,shuffled_k5,5,0.3746022758618094
cleanStatic,holdout,90,90.00662924,8,13,2249915731,2250415731,5489350.591142001,6119263.4626441095,analytic_sparse_k9,9,0.2326844693529352
cleanStatic,holdout,90,90.00662924,8,13,2249915731,2250415731,5489350.591142001,6119263.4626441095,uniform_k9,9,0.08612329056638098
cleanStatic,holdout,90,90.00662924,8,13,2249915731,2250415731,5489350.591142001,6119263.4626441095,shuffled_k9,9,0.10940083204395282
cleanStatic,holdout,90,90.00662924,8,13,2249915731,2250415731,5489350.591142001,6119263.4626441095,ai_sparse_k3,3,0.18686480053934085
cleanStatic,holdout,90,90.00662924,8,13,2249915731,2250415731,5489350.591142001,6119263.4626441095,pg_scc_k3,3,0.269948827382785
cleanStatic,holdout,90,90.00662924,8,13,2249915731,2250415731,5489350.591142001,6119263.4626441095,ai_sparse_k5,5,0.24297277828272362
cleanStatic,holdout,90,90.00662924,8,13,2249915731,2250415731,5489350.591142001,6119263.4626441095,pg_scc_k5,5,0.14606346890712735
cleanStatic,holdout,90,90.00662924,8,13,2249915731,2250415731,5489350.591142001,6119263.4626441095,ai_sparse_k9,9,0.197856956998244
cleanStatic,holdout,90,90.00662924,8,13,2249915731,2250415731,5489350.591142001,6119263.4626441095,pg_scc_k9,9,0.16568638057117221
cleanStatic,holdout,90,90.00662924,8,13,2249915731,2250415731,5489350.591142001,6119263.4626441095,epl3,3,0.271552067614256
cleanStatic,holdout,90,90.00662924,8,13,2249915731,2250415731,5489350.591142001,6119263.4626441095,fixed9,9,0.18978132443978993
cleanStatic,holdout,90,90.00662924,8,13,2249915731,2250415731,5489350.591142001,6119263.4626441095,random1_k3,3,0.21755601166759464
cleanStatic,holdout,90,90.00662924,8,13,2249915731,2250415731,5489350.591142001,6119263.4626441095,random2_k3,3,0.213494616262739
cleanStatic,holdout,90,90.00662924,8,13,2249915731,2250415731,5489350.591142001,6119263.4626441095,random3_k3,3,0.3833956386605164
cleanStatic,holdout,90,90.00662924,8,13,2249915731,2250415731,5489350.591142001,6119263.4626441095,random4_k3,3,0.46729124701538427
cleanStatic,holdout,90,90.00662924,8,13,2249915731,2250415731,5489350.591142001,6119263.4626441095,random5_k3,3,0.11527750313513914
cleanStatic,holdout,90,90.00662924,8,13,2249915731,2250415731,5489350.591142001,6119263.4626441095,random1_k5,5,0.06007813631922099
cleanStatic,holdout,90,90.00662924,8,13,2249915731,2250415731,5489350.591142001,6119263.4626441095,random2_k5,5,0.15054870792432365
cleanStatic,holdout,90,90.00662924,8,13,2249915731,2250415731,5489350.591142001,6119263.4626441095,random3_k5,5,0.11219016798581313
cleanStatic,holdout,90,90.00662924,8,13,2249915731,2250415731,5489350.591142001,6119263.4626441095,random4_k5,5,0.10236155897712199
cleanStatic,holdout,90,90.00662924,8,13,2249915731,2250415731,5489350.591142001,6119263.4626441095,random5_k5,5,0.11252391886722606
cleanStatic,holdout,90,90.00662924,8,13,2249915731,2250415731,5489350.591142001,6119263.4626441095,random1_k9,9,0.07512705110716728
cleanStatic,holdout,90,90.00662924,8,13,2249915731,2250415731,5489350.591142001,6119263.4626441095,random2_k9,9,0.07537654285921283
cleanStatic,holdout,90,90.00662924,8,13,2249915731,2250415731,5489350.591142001,6119263.4626441095,random3_k9,9,0.047897420306278055
cleanStatic,holdout,90,90.00662924,8,13,2249915731,2250415731,5489350.591142001,6119263.4626441095,random4_k9,9,0.126994202577592
cleanStatic,holdout,90,90.00662924,8,13,2249915731,2250415731,5489350.591142001,6119263.4626441095,random5_k9,9,0.13634714861367994
cleanStatic,holdout,90,89.9954462,9,19,2249636155,2250136155,5486840.7043119995,4785576.215417295,dense_two_source_glrt,187,0.07800266140637105
cleanStatic,holdout,90,89.9954462,9,19,2249636155,2250136155,5486840.7043119995,4785576.215417295,dense_one_source_residual,187,0.3671693145132585
cleanStatic,holdout,90,89.9954462,9,19,2249636155,2250136155,5486840.7043119995,4785576.215417295,raw_power_only,0,5486840.7043119995
cleanStatic,holdout,90,89.9954462,9,19,2249636155,2250136155,5486840.7043119995,4785576.215417295,analytic_sparse_k3,3,0.10896158916259426
cleanStatic,holdout,90,89.9954462,9,19,2249636155,2250136155,5486840.7043119995,4785576.215417295,uniform_k3,3,0.3630905052157467
cleanStatic,holdout,90,89.9954462,9,19,2249636155,2250136155,5486840.7043119995,4785576.215417295,shuffled_k3,3,0.07704718074192352
cleanStatic,holdout,90,89.9954462,9,19,2249636155,2250136155,5486840.7043119995,4785576.215417295,analytic_sparse_k5,5,0.04769064367003293
cleanStatic,holdout,90,89.9954462,9,19,2249636155,2250136155,5486840.7043119995,4785576.215417295,uniform_k5,5,0.25659996761589443
cleanStatic,holdout,90,89.9954462,9,19,2249636155,2250136155,5486840.7043119995,4785576.215417295,shuffled_k5,5,0.1737425032842978
cleanStatic,holdout,90,89.9954462,9,19,2249636155,2250136155,5486840.7043119995,4785576.215417295,analytic_sparse_k9,9,0.05780241863189898
cleanStatic,holdout,90,89.9954462,9,19,2249636155,2250136155,5486840.7043119995,4785576.215417295,uniform_k9,9,0.0764000030745776
cleanStatic,holdout,90,89.9954462,9,19,2249636155,2250136155,5486840.7043119995,4785576.215417295,shuffled_k9,9,0.16617897341245202
cleanStatic,holdout,90,89.9954462,9,19,2249636155,2250136155,5486840.7043119995,4785576.215417295,ai_sparse_k3,3,0.20827370963620653
cleanStatic,holdout,90,89.9954462,9,19,2249636155,2250136155,5486840.7043119995,4785576.215417295,pg_scc_k3,3,0.2566947113178883
cleanStatic,holdout,90,89.9954462,9,19,2249636155,2250136155,5486840.7043119995,4785576.215417295,ai_sparse_k5,5,0.31023454952926843
cleanStatic,holdout,90,89.9954462,9,19,2249636155,2250136155,5486840.7043119995,4785576.215417295,pg_scc_k5,5,0.1041423899367957
cleanStatic,holdout,90,89.9954462,9,19,2249636155,2250136155,5486840.7043119995,4785576.215417295,ai_sparse_k9,9,0.46213407545346424
cleanStatic,holdout,90,89.9954462,9,19,2249636155,2250136155,5486840.7043119995,4785576.215417295,pg_scc_k9,9,0.07313823300905968
cleanStatic,holdout,90,89.9954462,9,19,2249636155,2250136155,5486840.7043119995,4785576.215417295,epl3,3,0.12836215669019077
cleanStatic,holdout,90,89.9954462,9,19,2249636155,2250136155,5486840.7043119995,4785576.215417295,fixed9,9,0.27839551166180815
cleanStatic,holdout,90,89.9954462,9,19,2249636155,2250136155,5486840.7043119995,4785576.215417295,random1_k3,3,0.3377526068042462
cleanStatic,holdout,90,89.9954462,9,19,2249636155,2250136155,5486840.7043119995,4785576.215417295,random2_k3,3,0.3544851571346666
cleanStatic,holdout,90,89.9954462,9,19,2249636155,2250136155,5486840.7043119995,4785576.215417295,random3_k3,3,0.20326221697421487
cleanStatic,holdout,90,89.9954462,9,19,2249636155,2250136155,5486840.7043119995,4785576.215417295,random4_k3,3,0.34729436131523755
cleanStatic,holdout,90,89.9954462,9,19,2249636155,2250136155,5486840.7043119995,4785576.215417295,random5_k3,3,0.16036508404437697
cleanStatic,holdout,90,89.9954462,9,19,2249636155,2250136155,5486840.7043119995,4785576.215417295,random1_k5,5,0.18961618390566032
cleanStatic,holdout,90,89.9954462,9,19,2249636155,2250136155,5486840.7043119995,4785576.215417295,random2_k5,5,0.12391674826360363
cleanStatic,holdout,90,89.9954462,9,19,2249636155,2250136155,5486840.7043119995,4785576.215417295,random3_k5,5,0.10838848525378675
cleanStatic,holdout,90,89.9954462,9,19,2249636155,2250136155,5486840.7043119995,4785576.215417295,random4_k5,5,0.2748192372802561
cleanStatic,holdout,90,89.9954462,9,19,2249636155,2250136155,5486840.7043119995,4785576.215417295,random5_k5,5,0.15470025599627057
cleanStatic,holdout,90,89.9954462,9,19,2249636155,2250136155,5486840.7043119995,4785576.215417295,random1_k9,9,0.1594138130668268
cleanStatic,holdout,90,89.9954462,9,19,2249636155,2250136155,5486840.7043119995,4785576.215417295,random2_k9,9,0.055447438382022166
cleanStatic,holdout,90,89.9954462,9,19,2249636155,2250136155,5486840.7043119995,4785576.215417295,random3_k9,9,0.14995110390479915
cleanStatic,holdout,90,89.9954462,9,19,2249636155,2250136155,5486840.7043119995,4785576.215417295,random4_k9,9,0.15348628533103836
cleanStatic,holdout,90,89.9954462,9,19,2249636155,2250136155,5486840.7043119995,4785576.215417295,random5_k9,9,0.049133268998654084
cleanStatic,holdout,90,89.99062688,10,23,2249515672,2250015672,5490291.0517420005,6673797.698071566,dense_two_source_glrt,187,0.028785853531366454
cleanStatic,holdout,90,89.99062688,10,23,2249515672,2250015672,5490291.0517420005,6673797.698071566,dense_one_source_residual,187,0.18175438158005486
cleanStatic,holdout,90,89.99062688,10,23,2249515672,2250015672,5490291.0517420005,6673797.698071566,raw_power_only,0,5490291.0517420005
cleanStatic,holdout,90,89.99062688,10,23,2249515672,2250015672,5490291.0517420005,6673797.698071566,analytic_sparse_k3,3,0.09821397306472253
cleanStatic,holdout,90,89.99062688,10,23,2249515672,2250015672,5490291.0517420005,6673797.698071566,uniform_k3,3,0.08987699063116338
cleanStatic,holdout,90,89.99062688,10,23,2249515672,2250015672,5490291.0517420005,6673797.698071566,shuffled_k3,3,0.06343270149448958
cleanStatic,holdout,90,89.99062688,10,23,2249515672,2250015672,5490291.0517420005,6673797.698071566,analytic_sparse_k5,5,0.09252857586501362
cleanStatic,holdout,90,89.99062688,10,23,2249515672,2250015672,5490291.0517420005,6673797.698071566,uniform_k5,5,0.042689783199662615
cleanStatic,holdout,90,89.99062688,10,23,2249515672,2250015672,5490291.0517420005,6673797.698071566,shuffled_k5,5,0.08748677244845811
cleanStatic,holdout,90,89.99062688,10,23,2249515672,2250015672,5490291.0517420005,6673797.698071566,analytic_sparse_k9,9,0.048357892091912325
cleanStatic,holdout,90,89.99062688,10,23,2249515672,2250015672,5490291.0517420005,6673797.698071566,uniform_k9,9,0.010059948820842454
cleanStatic,holdout,90,89.99062688,10,23,2249515672,2250015672,5490291.0517420005,6673797.698071566,shuffled_k9,9,0.045710290212720744
cleanStatic,holdout,90,89.99062688,10,23,2249515672,2250015672,5490291.0517420005,6673797.698071566,ai_sparse_k3,3,0.05957395600389495
cleanStatic,holdout,90,89.99062688,10,23,2249515672,2250015672,5490291.0517420005,6673797.698071566,pg_scc_k3,3,0.08768280272504292
cleanStatic,holdout,90,89.99062688,10,23,2249515672,2250015672,5490291.0517420005,6673797.698071566,ai_sparse_k5,5,0.010191769404772105
cleanStatic,holdout,90,89.99062688,10,23,2249515672,2250015672,5490291.0517420005,6673797.698071566,pg_scc_k5,5,0.05836398205081537
cleanStatic,holdout,90,89.99062688,10,23,2249515672,2250015672,5490291.0517420005,6673797.698071566,ai_sparse_k9,9,0.055662812438972614
cleanStatic,holdout,90,89.99062688,10,23,2249515672,2250015672,5490291.0517420005,6673797.698071566,pg_scc_k9,9,0.07011236481672935
cleanStatic,holdout,90,89.99062688,10,23,2249515672,2250015672,5490291.0517420005,6673797.698071566,epl3,3,0.1078557739086416
cleanStatic,holdout,90,89.99062688,10,23,2249515672,2250015672,5490291.0517420005,6673797.698071566,fixed9,9,0.028391440238695047
cleanStatic,holdout,90,89.99062688,10,23,2249515672,2250015672,5490291.0517420005,6673797.698071566,random1_k3,3,0.07210404732070473
cleanStatic,holdout,90,89.99062688,10,23,2249515672,2250015672,5490291.0517420005,6673797.698071566,random2_k3,3,0.13214885039606764
cleanStatic,holdout,90,89.99062688,10,23,2249515672,2250015672,5490291.0517420005,6673797.698071566,random3_k3,3,0.1516564160641971
cleanStatic,holdout,90,89.99062688,10,23,2249515672,2250015672,5490291.0517420005,6673797.698071566,random4_k3,3,0.18463632131569804
cleanStatic,holdout,90,89.99062688,10,23,2249515672,2250015672,5490291.0517420005,6673797.698071566,random5_k3,3,0.05131069355658569
cleanStatic,holdout,90,89.99062688,10,23,2249515672,2250015672,5490291.0517420005,6673797.698071566,random1_k5,5,0.0865012217209731
cleanStatic,holdout,90,89.99062688,10,23,2249515672,2250015672,5490291.0517420005,6673797.698071566,random2_k5,5,0.05226432462885679
cleanStatic,holdout,90,89.99062688,10,23,2249515672,2250015672,5490291.0517420005,6673797.698071566,random3_k5,5,0.058992015712977255
cleanStatic,holdout,90,89.99062688,10,23,2249515672,2250015672,5490291.0517420005,6673797.698071566,random4_k5,5,0.05081746515833578
cleanStatic,holdout,90,89.99062688,10,23,2249515672,2250015672,5490291.0517420005,6673797.698071566,random5_k5,5,0.14962270950945827
cleanStatic,holdout,90,89.99062688,10,23,2249515672,2250015672,5490291.0517420005,6673797.698071566,random1_k9,9,0.041899972981635975
cleanStatic,holdout,90,89.99062688,10,23,2249515672,2250015672,5490291.0517420005,6673797.698071566,random2_k9,9,0.12094978722435462
cleanStatic,holdout,90,89.99062688,10,23,2249515672,2250015672,5490291.0517420005,6673797.698071566,random3_k9,9,0.05225782222126924
cleanStatic,holdout,90,89.99062688,10,23,2249515672,2250015672,5490291.0517420005,6673797.698071566,random4_k9,9,0.1216273224861826
cleanStatic,holdout,90,89.99062688,10,23,2249515672,2250015672,5490291.0517420005,6673797.698071566,random5_k9,9,0.07594582821559985
cleanStatic,holdout,92,91.99236708,0,16,2299559177,2300059177,5529297.386412,5004590.685743855,dense_two_source_glrt,187,0.11674430991146177
cleanStatic,holdout,92,91.99236708,0,16,2299559177,2300059177,5529297.386412,5004590.685743855,dense_one_source_residual,187,0.5115052132220179
cleanStatic,holdout,92,91.99236708,0,16,2299559177,2300059177,5529297.386412,5004590.685743855,raw_power_only,0,5529297.386412
cleanStatic,holdout,92,91.99236708,0,16,2299559177,2300059177,5529297.386412,5004590.685743855,analytic_sparse_k3,3,0.027076465761663473
cleanStatic,holdout,92,91.99236708,0,16,2299559177,2300059177,5529297.386412,5004590.685743855,uniform_k3,3,0.5658913701912546
cleanStatic,holdout,92,91.99236708,0,16,2299559177,2300059177,5529297.386412,5004590.685743855,shuffled_k3,3,0.28112713395314975
cleanStatic,holdout,92,91.99236708,0,16,2299559177,2300059177,5529297.386412,5004590.685743855,analytic_sparse_k5,5,0.13942173589496654
cleanStatic,holdout,92,91.99236708,0,16,2299559177,2300059177,5529297.386412,5004590.685743855,uniform_k5,5,0.23627024265854643
cleanStatic,holdout,92,91.99236708,0,16,2299559177,2300059177,5529297.386412,5004590.685743855,shuffled_k5,5,0.2419756841947974
cleanStatic,holdout,92,91.99236708,0,16,2299559177,2300059177,5529297.386412,5004590.685743855,analytic_sparse_k9,9,0.08110001569927544
cleanStatic,holdout,92,91.99236708,0,16,2299559177,2300059177,5529297.386412,5004590.685743855,uniform_k9,9,0.058308855215795714
cleanStatic,holdout,92,91.99236708,0,16,2299559177,2300059177,5529297.386412,5004590.685743855,shuffled_k9,9,0.3005023254529646
cleanStatic,holdout,92,91.99236708,0,16,2299559177,2300059177,5529297.386412,5004590.685743855,ai_sparse_k3,3,0.4207965770017768
cleanStatic,holdout,92,91.99236708,0,16,2299559177,2300059177,5529297.386412,5004590.685743855,pg_scc_k3,3,0.4217851745665353
cleanStatic,holdout,92,91.99236708,0,16,2299559177,2300059177,5529297.386412,5004590.685743855,ai_sparse_k5,5,0.46840063419192324
cleanStatic,holdout,92,91.99236708,0,16,2299559177,2300059177,5529297.386412,5004590.685743855,pg_scc_k5,5,0.15804865977362717
cleanStatic,holdout,92,91.99236708,0,16,2299559177,2300059177,5529297.386412,5004590.685743855,ai_sparse_k9,9,0.3165845229800575
cleanStatic,holdout,92,91.99236708,0,16,2299559177,2300059177,5529297.386412,5004590.685743855,pg_scc_k9,9,0.17684863415044175
cleanStatic,holdout,92,91.99236708,0,16,2299559177,2300059177,5529297.386412,5004590.685743855,epl3,3,0.6888344572604961
cleanStatic,holdout,92,91.99236708,0,16,2299559177,2300059177,5529297.386412,5004590.685743855,fixed9,9,0.4205969694106796
cleanStatic,holdout,92,91.99236708,0,16,2299559177,2300059177,5529297.386412,5004590.685743855,random1_k3,3,0.2429672043812291
cleanStatic,holdout,92,91.99236708,0,16,2299559177,2300059177,5529297.386412,5004590.685743855,random2_k3,3,0.710919480426838
cleanStatic,holdout,92,91.99236708,0,16,2299559177,2300059177,5529297.386412,5004590.685743855,random3_k3,3,0.35694423589820706
cleanStatic,holdout,92,91.99236708,0,16,2299559177,2300059177,5529297.386412,5004590.685743855,random4_k3,3,0.08841762354928769
cleanStatic,holdout,92,91.99236708,0,16,2299559177,2300059177,5529297.386412,5004590.685743855,random5_k3,3,0.29943027158043944
cleanStatic,holdout,92,91.99236708,0,16,2299559177,2300059177,5529297.386412,5004590.685743855,random1_k5,5,0.2761790852815288
cleanStatic,holdout,92,91.99236708,0,16,2299559177,2300059177,5529297.386412,5004590.685743855,random2_k5,5,0.21205707121509193
cleanStatic,holdout,92,91.99236708,0,16,2299559177,2300059177,5529297.386412,5004590.685743855,random3_k5,5,0.21430989880480694
cleanStatic,holdout,92,91.99236708,0,16,2299559177,2300059177,5529297.386412,5004590.685743855,random4_k5,5,0.1328133872481927
cleanStatic,holdout,92,91.99236708,0,16,2299559177,2300059177,5529297.386412,5004590.685743855,random5_k5,5,0.2801832125609162
cleanStatic,holdout,92,91.99236708,0,16,2299559177,2300059177,5529297.386412,5004590.685743855,random1_k9,9,0.30575313098242063
cleanStatic,holdout,92,91.99236708,0,16,2299559177,2300059177,5529297.386412,5004590.685743855,random2_k9,9,0.22082932349391982
cleanStatic,holdout,92,91.99236708,0,16,2299559177,2300059177,5529297.386412,5004590.685743855,random3_k9,9,0.2686747673957315
cleanStatic,holdout,92,91.99236708,0,16,2299559177,2300059177,5529297.386412,5004590.685743855,random4_k9,9,0.18724245094287573
cleanStatic,holdout,92,91.99236708,0,16,2299559177,2300059177,5529297.386412,5004590.685743855,random5_k9,9,0.1778770298796971
cleanStatic,holdout,92,91.99916816,1,8,2299729204,2300229204,5505383.2811859995,1927475.2434395596,dense_two_source_glrt,187,1.2025975768579797
cleanStatic,holdout,92,91.99916816,1,8,2299729204,2300229204,5505383.2811859995,1927475.2434395596,dense_one_source_residual,187,3.1341890716624494
cleanStatic,holdout,92,91.99916816,1,8,2299729204,2300229204,5505383.2811859995,1927475.2434395596,raw_power_only,0,5505383.2811859995
cleanStatic,holdout,92,91.99916816,1,8,2299729204,2300229204,5505383.2811859995,1927475.2434395596,analytic_sparse_k3,3,1.5204342727991402
cleanStatic,holdout,92,91.99916816,1,8,2299729204,2300229204,5505383.2811859995,1927475.2434395596,uniform_k3,3,3.237862730912999
cleanStatic,holdout,92,91.99916816,1,8,2299729204,2300229204,5505383.2811859995,1927475.2434395596,shuffled_k3,3,0.4832043483732709
cleanStatic,holdout,92,91.99916816,1,8,2299729204,2300229204,5505383.2811859995,1927475.2434395596,analytic_sparse_k5,5,1.4057074383893613
cleanStatic,holdout,92,91.99916816,1,8,2299729204,2300229204,5505383.2811859995,1927475.2434395596,uniform_k5,5,1.41228656085409
cleanStatic,holdout,92,91.99916816,1,8,2299729204,2300229204,5505383.2811859995,1927475.2434395596,shuffled_k5,5,1.0023780700050948
cleanStatic,holdout,92,91.99916816,1,8,2299729204,2300229204,5505383.2811859995,1927475.2434395596,analytic_sparse_k9,9,1.3011808432667367
cleanStatic,holdout,92,91.99916816,1,8,2299729204,2300229204,5505383.2811859995,1927475.2434395596,uniform_k9,9,0.8151991583445055
cleanStatic,holdout,92,91.99916816,1,8,2299729204,2300229204,5505383.2811859995,1927475.2434395596,shuffled_k9,9,2.1048993739613087
cleanStatic,holdout,92,91.99916816,1,8,2299729204,2300229204,5505383.2811859995,1927475.2434395596,ai_sparse_k3,3,1.9665099439734695
cleanStatic,holdout,92,91.99916816,1,8,2299729204,2300229204,5505383.2811859995,1927475.2434395596,pg_scc_k3,3,2.5217120269960303
cleanStatic,holdout,92,91.99916816,1,8,2299729204,2300229204,5505383.2811859995,1927475.2434395596,ai_sparse_k5,5,0.9717826577737366
cleanStatic,holdout,92,91.99916816,1,8,2299729204,2300229204,5505383.2811859995,1927475.2434395596,pg_scc_k5,5,0.5397866777644594
cleanStatic,holdout,92,91.99916816,1,8,2299729204,2300229204,5505383.2811859995,1927475.2434395596,ai_sparse_k9,9,0.9607637378137883
cleanStatic,holdout,92,91.99916816,1,8,2299729204,2300229204,5505383.2811859995,1927475.2434395596,pg_scc_k9,9,0.39606835485863573
cleanStatic,holdout,92,91.99916816,1,8,2299729204,2300229204,5505383.2811859995,1927475.2434395596,epl3,3,2.64778129454946
cleanStatic,holdout,92,91.99916816,1,8,2299729204,2300229204,5505383.2811859995,1927475.2434395596,fixed9,9,2.360208899029585
cleanStatic,holdout,92,91.99916816,1,8,2299729204,2300229204,5505383.2811859995,1927475.2434395596,random1_k3,3,1.7663469519228663
cleanStatic,holdout,92,91.99916816,1,8,2299729204,2300229204,5505383.2811859995,1927475.2434395596,random2_k3,3,1.5058164029304988
cleanStatic,holdout,92,91.99916816,1,8,2299729204,2300229204,5505383.2811859995,1927475.2434395596,random3_k3,3,4.276739718262118
cleanStatic,holdout,92,91.99916816,1,8,2299729204,2300229204,5505383.2811859995,1927475.2434395596,random4_k3,3,1.7278100510153835
cleanStatic,holdout,92,91.99916816,1,8,2299729204,2300229204,5505383.2811859995,1927475.2434395596,random5_k3,3,3.5202736339929612
cleanStatic,holdout,92,91.99916816,1,8,2299729204,2300229204,5505383.2811859995,1927475.2434395596,random1_k5,5,1.4855346957263733
cleanStatic,holdout,92,91.99916816,1,8,2299729204,2300229204,5505383.2811859995,1927475.2434395596,random2_k5,5,1.4924469993897078
cleanStatic,holdout,92,91.99916816,1,8,2299729204,2300229204,5505383.2811859995,1927475.2434395596,random3_k5,5,0.6316608653125281
cleanStatic,holdout,92,91.99916816,1,8,2299729204,2300229204,5505383.2811859995,1927475.2434395596,random4_k5,5,0.9311532219154379
cleanStatic,holdout,92,91.99916816,1,8,2299729204,2300229204,5505383.2811859995,1927475.2434395596,random5_k5,5,1.9609140394762914
cleanStatic,holdout,92,91.99916816,1,8,2299729204,2300229204,5505383.2811859995,1927475.2434395596,random1_k9,9,1.6600241719976983
cleanStatic,holdout,92,91.99916816,1,8,2299729204,2300229204,5505383.2811859995,1927475.2434395596,random2_k9,9,1.233038450892479
cleanStatic,holdout,92,91.99916816,1,8,2299729204,2300229204,5505383.2811859995,1927475.2434395596,random3_k9,9,0.9780203151037631
cleanStatic,holdout,92,91.99916816,1,8,2299729204,2300229204,5505383.2811859995,1927475.2434395596,random4_k9,9,1.1470893756842373
cleanStatic,holdout,92,91.99916816,1,8,2299729204,2300229204,5505383.2811859995,1927475.2434395596,random5_k9,9,1.4404468929713579
cleanStatic,holdout,92,91.99152528,2,3,2299538132,2300038132,5532654.4814019995,6017873.458408874,dense_two_source_glrt,187,0.04254322394291292
cleanStatic,holdout,92,91.99152528,2,3,2299538132,2300038132,5532654.4814019995,6017873.458408874,dense_one_source_residual,187,0.25378580277565727
cleanStatic,holdout,92,91.99152528,2,3,2299538132,2300038132,5532654.4814019995,6017873.458408874,raw_power_only,0,5532654.4814019995
cleanStatic,holdout,92,91.99152528,2,3,2299538132,2300038132,5532654.4814019995,6017873.458408874,analytic_sparse_k3,3,0.016107777373631265
cleanStatic,holdout,92,91.99152528,2,3,2299538132,2300038132,5532654.4814019995,6017873.458408874,uniform_k3,3,0.26826161801165077
cleanStatic,holdout,92,91.99152528,2,3,2299538132,2300038132,5532654.4814019995,6017873.458408874,shuffled_k3,3,0.11692045245753463
cleanStatic,holdout,92,91.99152528,2,3,2299538132,2300038132,5532654.4814019995,6017873.458408874,analytic_sparse_k5,5,0.04150579879436163
cleanStatic,holdout,92,91.99152528,2,3,2299538132,2300038132,5532654.4814019995,6017873.458408874,uniform_k5,5,0.20476556633349938
cleanStatic,holdout,92,91.99152528,2,3,2299538132,2300038132,5532654.4814019995,6017873.458408874,shuffled_k5,5,0.11145940368085146
cleanStatic,holdout,92,91.99152528,2,3,2299538132,2300038132,5532654.4814019995,6017873.458408874,analytic_sparse_k9,9,0.03152140491007305
cleanStatic,holdout,92,91.99152528,2,3,2299538132,2300038132,5532654.4814019995,6017873.458408874,uniform_k9,9,0.06769600911484572
cleanStatic,holdout,92,91.99152528,2,3,2299538132,2300038132,5532654.4814019995,6017873.458408874,shuffled_k9,9,0.0433771666080475
cleanStatic,holdout,92,91.99152528,2,3,2299538132,2300038132,5532654.4814019995,6017873.458408874,ai_sparse_k3,3,0.12877482989984232
cleanStatic,holdout,92,91.99152528,2,3,2299538132,2300038132,5532654.4814019995,6017873.458408874,pg_scc_k3,3,0.007771364818940377
cleanStatic,holdout,92,91.99152528,2,3,2299538132,2300038132,5532654.4814019995,6017873.458408874,ai_sparse_k5,5,0.09977425635144224
cleanStatic,holdout,92,91.99152528,2,3,2299538132,2300038132,5532654.4814019995,6017873.458408874,pg_scc_k5,5,0.08244241287855
cleanStatic,holdout,92,91.99152528,2,3,2299538132,2300038132,5532654.4814019995,6017873.458408874,ai_sparse_k9,9,0.04097218305955619
cleanStatic,holdout,92,91.99152528,2,3,2299538132,2300038132,5532654.4814019995,6017873.458408874,pg_scc_k9,9,0.04740047857386603
cleanStatic,holdout,92,91.99152528,2,3,2299538132,2300038132,5532654.4814019995,6017873.458408874,epl3,3,0.1106404418074949
cleanStatic,holdout,92,91.99152528,2,3,2299538132,2300038132,5532654.4814019995,6017873.458408874,fixed9,9,0.0566923940809452
cleanStatic,holdout,92,91.99152528,2,3,2299538132,2300038132,5532654.4814019995,6017873.458408874,random1_k3,3,0.032079792362525145
cleanStatic,holdout,92,91.99152528,2,3,2299538132,2300038132,5532654.4814019995,6017873.458408874,random2_k3,3,0.12914235417168324
cleanStatic,holdout,92,91.99152528,2,3,2299538132,2300038132,5532654.4814019995,6017873.458408874,random3_k3,3,0.002194008137762276
cleanStatic,holdout,92,91.99152528,2,3,2299538132,2300038132,5532654.4814019995,6017873.458408874,random4_k3,3,0.1858349213481454
cleanStatic,holdout,92,91.99152528,2,3,2299538132,2300038132,5532654.4814019995,6017873.458408874,random5_k3,3,0.1573869229790734
cleanStatic,holdout,92,91.99152528,2,3,2299538132,2300038132,5532654.4814019995,6017873.458408874,random1_k5,5,0.0681709644563171
cleanStatic,holdout,92,91.99152528,2,3,2299538132,2300038132,5532654.4814019995,6017873.458408874,random2_k5,5,0.13653525662692373
cleanStatic,holdout,92,91.99152528,2,3,2299538132,2300038132,5532654.4814019995,6017873.458408874,random3_k5,5,0.06506372016676205
cleanStatic,holdout,92,91.99152528,2,3,2299538132,2300038132,5532654.4814019995,6017873.458408874,random4_k5,5,0.07700332718573288
cleanStatic,holdout,92,91.99152528,2,3,2299538132,2300038132,5532654.4814019995,6017873.458408874,random5_k5,5,0.24103729548491057
cleanStatic,holdout,92,91.99152528,2,3,2299538132,2300038132,5532654.4814019995,6017873.458408874,random1_k9,9,0.06924044874256241
cleanStatic,holdout,92,91.99152528,2,3,2299538132,2300038132,5532654.4814019995,6017873.458408874,random2_k9,9,0.0420991798304648
cleanStatic,holdout,92,91.99152528,2,3,2299538132,2300038132,5532654.4814019995,6017873.458408874,random3_k9,9,0.1553220865607494
cleanStatic,holdout,92,91.99152528,2,3,2299538132,2300038132,5532654.4814019995,6017873.458408874,random4_k9,9,0.04660651341130798
cleanStatic,holdout,92,91.99152528,2,3,2299538132,2300038132,5532654.4814019995,6017873.458408874,random5_k9,9,0.08002359108684609
cleanStatic,holdout,92,92.009419,3,20,2299985475,2300485475,5531402.438983999,2152616.5613984508,dense_two_source_glrt,187,0.24527776322126416
cleanStatic,holdout,92,92.009419,3,20,2299985475,2300485475,5531402.438983999,2152616.5613984508,dense_one_source_residual,187,1.7423159392986833
cleanStatic,holdout,92,92.009419,3,20,2299985475,2300485475,5531402.438983999,2152616.5613984508,raw_power_only,0,5531402.438983999
cleanStatic,holdout,92,92.009419,3,20,2299985475,2300485475,5531402.438983999,2152616.5613984508,analytic_sparse_k3,3,0.2700796573192534
cleanStatic,holdout,92,92.009419,3,20,2299985475,2300485475,5531402.438983999,2152616.5613984508,uniform_k3,3,2.4485313241868485
cleanStatic,holdout,92,92.009419,3,20,2299985475,2300485475,5531402.438983999,2152616.5613984508,shuffled_k3,3,0.47982913972399444
cleanStatic,holdout,92,92.009419,3,20,2299985475,2300485475,5531402.438983999,2152616.5613984508,analytic_sparse_k5,5,0.31033387332772333
cleanStatic,holdout,92,92.009419,3,20,2299985475,2300485475,5531402.438983999,2152616.5613984508,uniform_k5,5,0.6611431801260043
cleanStatic,holdout,92,92.009419,3,20,2299985475,2300485475,5531402.438983999,2152616.5613984508,shuffled_k5,5,0.8836260983696362
cleanStatic,holdout,92,92.009419,3,20,2299985475,2300485475,5531402.438983999,2152616.5613984508,analytic_sparse_k9,9,0.09898626717160476
cleanStatic,holdout,92,92.009419,3,20,2299985475,2300485475,5531402.438983999,2152616.5613984508,uniform_k9,9,0.17777224818776854
cleanStatic,holdout,92,92.009419,3,20,2299985475,2300485475,5531402.438983999,2152616.5613984508,shuffled_k9,9,0.3827359703796975
cleanStatic,holdout,92,92.009419,3,20,2299985475,2300485475,5531402.438983999,2152616.5613984508,ai_sparse_k3,3,1.099314086116791
cleanStatic,holdout,92,92.009419,3,20,2299985475,2300485475,5531402.438983999,2152616.5613984508,pg_scc_k3,3,2.6149401833064494
cleanStatic,holdout,92,92.009419,3,20,2299985475,2300485475,5531402.438983999,2152616.5613984508,ai_sparse_k5,5,1.5601736849091765
cleanStatic,holdout,92,92.009419,3,20,2299985475,2300485475,5531402.438983999,2152616.5613984508,pg_scc_k5,5,0.9317437468215719
cleanStatic,holdout,92,92.009419,3,20,2299985475,2300485475,5531402.438983999,2152616.5613984508,ai_sparse_k9,9,1.0177485937261892
cleanStatic,holdout,92,92.009419,3,20,2299985475,2300485475,5531402.438983999,2152616.5613984508,pg_scc_k9,9,1.0280743014177647
cleanStatic,holdout,92,92.009419,3,20,2299985475,2300485475,5531402.438983999,2152616.5613984508,epl3,3,0.24558359166115762
cleanStatic,holdout,92,92.009419,3,20,2299985475,2300485475,5531402.438983999,2152616.5613984508,fixed9,9,0.8918313069229902
cleanStatic,holdout,92,92.009419,3,20,2299985475,2300485475,5531402.438983999,2152616.5613984508,random1_k3,3,0.5170588436614495
cleanStatic,holdout,92,92.009419,3,20,2299985475,2300485475,5531402.438983999,2152616.5613984508,random2_k3,3,1.2153000634490174
cleanStatic,holdout,92,92.009419,3,20,2299985475,2300485475,5531402.438983999,2152616.5613984508,random3_k3,3,0.8522112169712658
cleanStatic,holdout,92,92.009419,3,20,2299985475,2300485475,5531402.438983999,2152616.5613984508,random4_k3,3,0.8625564710554299
cleanStatic,holdout,92,92.009419,3,20,2299985475,2300485475,5531402.438983999,2152616.5613984508,random5_k3,3,0.6914953725935814
cleanStatic,holdout,92,92.009419,3,20,2299985475,2300485475,5531402.438983999,2152616.5613984508,random1_k5,5,0.5500475789309084
cleanStatic,holdout,92,92.009419,3,20,2299985475,2300485475,5531402.438983999,2152616.5613984508,random2_k5,5,0.6872915500514557
cleanStatic,holdout,92,92.009419,3,20,2299985475,2300485475,5531402.438983999,2152616.5613984508,random3_k5,5,0.5969837419512547
cleanStatic,holdout,92,92.009419,3,20,2299985475,2300485475,5531402.438983999,2152616.5613984508,random4_k5,5,1.397471269494187
cleanStatic,holdout,92,92.009419,3,20,2299985475,2300485475,5531402.438983999,2152616.5613984508,random5_k5,5,0.8289014757587179
cleanStatic,holdout,92,92.009419,3,20,2299985475,2300485475,5531402.438983999,2152616.5613984508,random1_k9,9,0.48265997961893287
cleanStatic,holdout,92,92.009419,3,20,2299985475,2300485475,5531402.438983999,2152616.5613984508,random2_k9,9,0.5138720900375636
cleanStatic,holdout,92,92.009419,3,20,2299985475,2300485475,5531402.438983999,2152616.5613984508,random3_k9,9,0.4863306602318287
cleanStatic,holdout,92,92.009419,3,20,2299985475,2300485475,5531402.438983999,2152616.5613984508,random4_k9,9,0.8050225618113055
cleanStatic,holdout,92,92.009419,3,20,2299985475,2300485475,5531402.438983999,2152616.5613984508,random5_k9,9,0.0913541669794091
cleanStatic,holdout,92,92.05473732,4,30,2301118433,2301618433,5506155.357743999,2252112.400202484,dense_two_source_glrt,187,0.3707634695545659
cleanStatic,holdout,92,92.05473732,4,30,2301118433,2301618433,5506155.357743999,2252112.400202484,dense_one_source_residual,187,2.28557306859877
cleanStatic,holdout,92,92.05473732,4,30,2301118433,2301618433,5506155.357743999,2252112.400202484,raw_power_only,0,5506155.357743999
cleanStatic,holdout,92,92.05473732,4,30,2301118433,2301618433,5506155.357743999,2252112.400202484,analytic_sparse_k3,3,0.3178254697677728
cleanStatic,holdout,92,92.05473732,4,30,2301118433,2301618433,5506155.357743999,2252112.400202484,uniform_k3,3,0.5286260559109931
cleanStatic,holdout,92,92.05473732,4,30,2301118433,2301618433,5506155.357743999,2252112.400202484,shuffled_k3,3,1.6047814854060227
cleanStatic,holdout,92,92.05473732,4,30,2301118433,2301618433,5506155.357743999,2252112.400202484,analytic_sparse_k5,5,0.2690489394032552
cleanStatic,holdout,92,92.05473732,4,30,2301118433,2301618433,5506155.357743999,2252112.400202484,uniform_k5,5,0.5703671087183941
cleanStatic,holdout,92,92.05473732,4,30,2301118433,2301618433,5506155.357743999,2252112.400202484,shuffled_k5,5,0.7778722578973719
cleanStatic,holdout,92,92.05473732,4,30,2301118433,2301618433,5506155.357743999,2252112.400202484,analytic_sparse_k9,9,0.6135302458407972
cleanStatic,holdout,92,92.05473732,4,30,2301118433,2301618433,5506155.357743999,2252112.400202484,uniform_k9,9,0.2107835675385397
cleanStatic,holdout,92,92.05473732,4,30,2301118433,2301618433,5506155.357743999,2252112.400202484,shuffled_k9,9,1.3220833468045683
cleanStatic,holdout,92,92.05473732,4,30,2301118433,2301618433,5506155.357743999,2252112.400202484,ai_sparse_k3,3,1.6143343189931565
cleanStatic,holdout,92,92.05473732,4,30,2301118433,2301618433,5506155.357743999,2252112.400202484,pg_scc_k3,3,1.388460034105271
cleanStatic,holdout,92,92.05473732,4,30,2301118433,2301618433,5506155.357743999,2252112.400202484,ai_sparse_k5,5,0.28830924618209297
cleanStatic,holdout,92,92.05473732,4,30,2301118433,2301618433,5506155.357743999,2252112.400202484,pg_scc_k5,5,0.3785361398861996
cleanStatic,holdout,92,92.05473732,4,30,2301118433,2301618433,5506155.357743999,2252112.400202484,ai_sparse_k9,9,0.645112471016009
cleanStatic,holdout,92,92.05473732,4,30,2301118433,2301618433,5506155.357743999,2252112.400202484,pg_scc_k9,9,0.2912121910573629
cleanStatic,holdout,92,92.05473732,4,30,2301118433,2301618433,5506155.357743999,2252112.400202484,epl3,3,1.886313974722121
cleanStatic,holdout,92,92.05473732,4,30,2301118433,2301618433,5506155.357743999,2252112.400202484,fixed9,9,1.813397778195852
cleanStatic,holdout,92,92.05473732,4,30,2301118433,2301618433,5506155.357743999,2252112.400202484,random1_k3,3,0.37819801320757446
cleanStatic,holdout,92,92.05473732,4,30,2301118433,2301618433,5506155.357743999,2252112.400202484,random2_k3,3,1.299941082728589
cleanStatic,holdout,92,92.05473732,4,30,2301118433,2301618433,5506155.357743999,2252112.400202484,random3_k3,3,1.4181938304031803
cleanStatic,holdout,92,92.05473732,4,30,2301118433,2301618433,5506155.357743999,2252112.400202484,random4_k3,3,1.7312536343961449
cleanStatic,holdout,92,92.05473732,4,30,2301118433,2301618433,5506155.357743999,2252112.400202484,random5_k3,3,0.2512953499630211
cleanStatic,holdout,92,92.05473732,4,30,2301118433,2301618433,5506155.357743999,2252112.400202484,random1_k5,5,1.5470375865461836
cleanStatic,holdout,92,92.05473732,4,30,2301118433,2301618433,5506155.357743999,2252112.400202484,random2_k5,5,0.2951095285867892
cleanStatic,holdout,92,92.05473732,4,30,2301118433,2301618433,5506155.357743999,2252112.400202484,random3_k5,5,0.547787766505651
cleanStatic,holdout,92,92.05473732,4,30,2301118433,2301618433,5506155.357743999,2252112.400202484,random4_k5,5,1.2403122001762612
cleanStatic,holdout,92,92.05473732,4,30,2301118433,2301618433,5506155.357743999,2252112.400202484,random5_k5,5,1.2179290616481744
cleanStatic,holdout,92,92.05473732,4,30,2301118433,2301618433,5506155.357743999,2252112.400202484,random1_k9,9,0.35018988234885556
cleanStatic,holdout,92,92.05473732,4,30,2301118433,2301618433,5506155.357743999,2252112.400202484,random2_k9,9,0.9266359227917472
cleanStatic,holdout,92,92.05473732,4,30,2301118433,2301618433,5506155.357743999,2252112.400202484,random3_k9,9,2.200887344619246
cleanStatic,holdout,92,92.05473732,4,30,2301118433,2301618433,5506155.357743999,2252112.400202484,random4_k9,9,1.0746865299146107
cleanStatic,holdout,92,92.05473732,4,30,2301118433,2301618433,5506155.357743999,2252112.400202484,random5_k9,9,0.5815237239702166
cleanStatic,holdout,92,91.99067296,5,6,2299516824,2300016824,5535943.738272,4608777.525685849,dense_two_source_glrt,187,0.053963990974622865
cleanStatic,holdout,92,91.99067296,5,6,2299516824,2300016824,5535943.738272,4608777.525685849,dense_one_source_residual,187,0.28057897567402085
cleanStatic,holdout,92,91.99067296,5,6,2299516824,2300016824,5535943.738272,4608777.525685849,raw_power_only,0,5535943.738272
cleanStatic,holdout,92,91.99067296,5,6,2299516824,2300016824,5535943.738272,4608777.525685849,analytic_sparse_k3,3,0.0621134915029146
cleanStatic,holdout,92,91.99067296,5,6,2299516824,2300016824,5535943.738272,4608777.525685849,uniform_k3,3,0.11144622680163191
cleanStatic,holdout,92,91.99067296,5,6,2299516824,2300016824,5535943.738272,4608777.525685849,shuffled_k3,3,0.28296326345884765
cleanStatic,holdout,92,91.99067296,5,6,2299516824,2300016824,5535943.738272,4608777.525685849,analytic_sparse_k5,5,0.11695282780803958
cleanStatic,holdout,92,91.99067296,5,6,2299516824,2300016824,5535943.738272,4608777.525685849,uniform_k5,5,0.07439235982231165
cleanStatic,holdout,92,91.99067296,5,6,2299516824,2300016824,5535943.738272,4608777.525685849,shuffled_k5,5,0.16065201990465958
cleanStatic,holdout,92,91.99067296,5,6,2299516824,2300016824,5535943.738272,4608777.525685849,analytic_sparse_k9,9,0.11175206803304409
cleanStatic,holdout,92,91.99067296,5,6,2299516824,2300016824,5535943.738272,4608777.525685849,uniform_k9,9,0.018486857052946074
cleanStatic,holdout,92,91.99067296,5,6,2299516824,2300016824,5535943.738272,4608777.525685849,shuffled_k9,9,0.16010683121717723
cleanStatic,holdout,92,91.99067296,5,6,2299516824,2300016824,5535943.738272,4608777.525685849,ai_sparse_k3,3,0.16851921990401
cleanStatic,holdout,92,91.99067296,5,6,2299516824,2300016824,5535943.738272,4608777.525685849,pg_scc_k3,3,0.32026124509702314
cleanStatic,holdout,92,91.99067296,5,6,2299516824,2300016824,5535943.738272,4608777.525685849,ai_sparse_k5,5,0.17326814935475807
cleanStatic,holdout,92,91.99067296,5,6,2299516824,2300016824,5535943.738272,4608777.525685849,pg_scc_k5,5,0.08701055779389733
cleanStatic,holdout,92,91.99067296,5,6,2299516824,2300016824,5535943.738272,4608777.525685849,ai_sparse_k9,9,0.1934199208615944
cleanStatic,holdout,92,91.99067296,5,6,2299516824,2300016824,5535943.738272,4608777.525685849,pg_scc_k9,9,0.0736667181339033
cleanStatic,holdout,92,91.99067296,5,6,2299516824,2300016824,5535943.738272,4608777.525685849,epl3,3,0.28443209569084865
cleanStatic,holdout,92,91.99067296,5,6,2299516824,2300016824,5535943.738272,4608777.525685849,fixed9,9,0.27370292390060874
cleanStatic,holdout,92,91.99067296,5,6,2299516824,2300016824,5535943.738272,4608777.525685849,random1_k3,3,0.1713629635692376
cleanStatic,holdout,92,91.99067296,5,6,2299516824,2300016824,5535943.738272,4608777.525685849,random2_k3,3,0.10486436879573031
cleanStatic,holdout,92,91.99067296,5,6,2299516824,2300016824,5535943.738272,4608777.525685849,random3_k3,3,0.09348687674040562
cleanStatic,holdout,92,91.99067296,5,6,2299516824,2300016824,5535943.738272,4608777.525685849,random4_k3,3,0.13388531172158846
cleanStatic,holdout,92,91.99067296,5,6,2299516824,2300016824,5535943.738272,4608777.525685849,random5_k3,3,0.10791034132880183
cleanStatic,holdout,92,91.99067296,5,6,2299516824,2300016824,5535943.738272,4608777.525685849,random1_k5,5,0.05983814164577245
cleanStatic,holdout,92,91.99067296,5,6,2299516824,2300016824,5535943.738272,4608777.525685849,random2_k5,5,0.07407719423138222
cleanStatic,holdout,92,91.99067296,5,6,2299516824,2300016824,5535943.738272,4608777.525685849,random3_k5,5,0.1372836063766541
cleanStatic,holdout,92,91.99067296,5,6,2299516824,2300016824,5535943.738272,4608777.525685849,random4_k5,5,0.12475304757845247
cleanStatic,holdout,92,91.99067296,5,6,2299516824,2300016824,5535943.738272,4608777.525685849,random5_k5,5,0.0811856916162395
cleanStatic,holdout,92,91.99067296,5,6,2299516824,2300016824,5535943.738272,4608777.525685849,random1_k9,9,0.015470083039686285
cleanStatic,holdout,92,91.99067296,5,6,2299516824,2300016824,5535943.738272,4608777.525685849,random2_k9,9,0.03479598942127418
cleanStatic,holdout,92,91.99067296,5,6,2299516824,2300016824,5535943.738272,4608777.525685849,random3_k9,9,0.11170748637471631
cleanStatic,holdout,92,91.99067296,5,6,2299516824,2300016824,5535943.738272,4608777.525685849,random4_k9,9,0.049252493658831636
cleanStatic,holdout,92,91.99067296,5,6,2299516824,2300016824,5535943.738272,4608777.525685849,random5_k9,9,0.0425295166597937
cleanStatic,holdout,92,91.99014936,6,7,2299503734,2300003734,5537589.521176,4165633.0234260894,dense_two_source_glrt,187,0.07142880886874506
cleanStatic,holdout,92,91.99014936,6,7,2299503734,2300003734,5537589.521176,4165633.0234260894,dense_one_source_residual,187,0.7267725287705055
cleanStatic,holdout,92,91.99014936,6,7,2299503734,2300003734,5537589.521176,4165633.0234260894,raw_power_only,0,5537589.521176
cleanStatic,holdout,92,91.99014936,6,7,2299503734,2300003734,5537589.521176,4165633.0234260894,analytic_sparse_k3,3,0.4244519612185212
cleanStatic,holdout,92,91.99014936,6,7,2299503734,2300003734,5537589.521176,4165633.0234260894,uniform_k3,3,0.6911143793461205
cleanStatic,holdout,92,91.99014936,6,7,2299503734,2300003734,5537589.521176,4165633.0234260894,shuffled_k3,3,0.15454998293575112
cleanStatic,holdout,92,91.99014936,6,7,2299503734,2300003734,5537589.521176,4165633.0234260894,analytic_sparse_k5,5,0.5412352298764127
cleanStatic,holdout,92,91.99014936,6,7,2299503734,2300003734,5537589.521176,4165633.0234260894,uniform_k5,5,0.7000203958404796
cleanStatic,holdout,92,91.99014936,6,7,2299503734,2300003734,5537589.521176,4165633.0234260894,shuffled_k5,5,0.274057438298725
cleanStatic,holdout,92,91.99014936,6,7,2299503734,2300003734,5537589.521176,4165633.0234260894,analytic_sparse_k9,9,0.46921138569320714
cleanStatic,holdout,92,91.99014936,6,7,2299503734,2300003734,5537589.521176,4165633.0234260894,uniform_k9,9,0.05958429354575756
cleanStatic,holdout,92,91.99014936,6,7,2299503734,2300003734,5537589.521176,4165633.0234260894,shuffled_k9,9,0.14290230504533477
cleanStatic,holdout,92,91.99014936,6,7,2299503734,2300003734,5537589.521176,4165633.0234260894,ai_sparse_k3,3,0.46366786159738343
cleanStatic,holdout,92,91.99014936,6,7,2299503734,2300003734,5537589.521176,4165633.0234260894,pg_scc_k3,3,0.49306743354606336
cleanStatic,holdout,92,91.99014936,6,7,2299503734,2300003734,5537589.521176,4165633.0234260894,ai_sparse_k5,5,0.23258557970261232
cleanStatic,holdout,92,91.99014936,6,7,2299503734,2300003734,5537589.521176,4165633.0234260894,pg_scc_k5,5,0.3730065594157039
cleanStatic,holdout,92,91.99014936,6,7,2299503734,2300003734,5537589.521176,4165633.0234260894,ai_sparse_k9,9,0.18360749260064177
cleanStatic,holdout,92,91.99014936,6,7,2299503734,2300003734,5537589.521176,4165633.0234260894,pg_scc_k9,9,0.13048389122085455
cleanStatic,holdout,92,91.99014936,6,7,2299503734,2300003734,5537589.521176,4165633.0234260894,epl3,3,0.5004805590642057
cleanStatic,holdout,92,91.99014936,6,7,2299503734,2300003734,5537589.521176,4165633.0234260894,fixed9,9,0.15932411353159598
cleanStatic,holdout,92,91.99014936,6,7,2299503734,2300003734,5537589.521176,4165633.0234260894,random1_k3,3,0.8726201101684651
cleanStatic,holdout,92,91.99014936,6,7,2299503734,2300003734,5537589.521176,4165633.0234260894,random2_k3,3,0.5008712323212204
cleanStatic,holdout,92,91.99014936,6,7,2299503734,2300003734,5537589.521176,4165633.0234260894,random3_k3,3,0.3336204391592012
cleanStatic,holdout,92,91.99014936,6,7,2299503734,2300003734,5537589.521176,4165633.0234260894,random4_k3,3,0.2783756166522951
cleanStatic,holdout,92,91.99014936,6,7,2299503734,2300003734,5537589.521176,4165633.0234260894,random5_k3,3,0.10085299518118512
cleanStatic,holdout,92,91.99014936,6,7,2299503734,2300003734,5537589.521176,4165633.0234260894,random1_k5,5,0.09743756806525025
cleanStatic,holdout,92,91.99014936,6,7,2299503734,2300003734,5537589.521176,4165633.0234260894,random2_k5,5,0.14214748737852298
cleanStatic,holdout,92,91.99014936,6,7,2299503734,2300003734,5537589.521176,4165633.0234260894,random3_k5,5,0.10105088930889101
cleanStatic,holdout,92,91.99014936,6,7,2299503734,2300003734,5537589.521176,4165633.0234260894,random4_k5,5,0.15822180253639287
cleanStatic,holdout,92,91.99014936,6,7,2299503734,2300003734,5537589.521176,4165633.0234260894,random5_k5,5,0.44952746285541156
cleanStatic,holdout,92,91.99014936,6,7,2299503734,2300003734,5537589.521176,4165633.0234260894,random1_k9,9,0.10400387407611136
cleanStatic,holdout,92,91.99014936,6,7,2299503734,2300003734,5537589.521176,4165633.0234260894,random2_k9,9,0.27275969524287796
cleanStatic,holdout,92,91.99014936,6,7,2299503734,2300003734,5537589.521176,4165633.0234260894,random3_k9,9,0.11431000528173138
cleanStatic,holdout,92,91.99014936,6,7,2299503734,2300003734,5537589.521176,4165633.0234260894,random4_k9,9,0.3951151018555746
cleanStatic,holdout,92,91.99014936,6,7,2299503734,2300003734,5537589.521176,4165633.0234260894,random5_k9,9,0.2142908796533699
cleanStatic,holdout,92,91.9903594,7,10,2299508985,2300008985,5539521.246574,2322310.9978548903,dense_two_source_glrt,187,0.2760283769825635
cleanStatic,holdout,92,91.9903594,7,10,2299508985,2300008985,5539521.246574,2322310.9978548903,dense_one_source_residual,187,1.4752272455077642
cleanStatic,holdout,92,91.9903594,7,10,2299508985,2300008985,5539521.246574,2322310.9978548903,raw_power_only,0,5539521.246574
cleanStatic,holdout,92,91.9903594,7,10,2299508985,2300008985,5539521.246574,2322310.9978548903,analytic_sparse_k3,3,0.14872017980769078
cleanStatic,holdout,92,91.9903594,7,10,2299508985,2300008985,5539521.246574,2322310.9978548903,uniform_k3,3,1.2192959364296536
cleanStatic,holdout,92,91.9903594,7,10,2299508985,2300008985,5539521.246574,2322310.9978548903,shuffled_k3,3,1.4545721824372064
cleanStatic,holdout,92,91.9903594,7,10,2299508985,2300008985,5539521.246574,2322310.9978548903,analytic_sparse_k5,5,0.5037370322110408
cleanStatic,holdout,92,91.9903594,7,10,2299508985,2300008985,5539521.246574,2322310.9978548903,uniform_k5,5,0.6263036678353785
cleanStatic,holdout,92,91.9903594,7,10,2299508985,2300008985,5539521.246574,2322310.9978548903,shuffled_k5,5,0.9643747970330591
cleanStatic,holdout,92,91.9903594,7,10,2299508985,2300008985,5539521.246574,2322310.9978548903,analytic_sparse_k9,9,0.24515007669614697
cleanStatic,holdout,92,91.9903594,7,10,2299508985,2300008985,5539521.246574,2322310.9978548903,uniform_k9,9,0.16254808434016452
cleanStatic,holdout,92,91.9903594,7,10,2299508985,2300008985,5539521.246574,2322310.9978548903,shuffled_k9,9,0.40533553382319376
cleanStatic,holdout,92,91.9903594,7,10,2299508985,2300008985,5539521.246574,2322310.9978548903,ai_sparse_k3,3,0.30467793677003124
cleanStatic,holdout,92,91.9903594,7,10,2299508985,2300008985,5539521.246574,2322310.9978548903,pg_scc_k3,3,0.47501618442679217
cleanStatic,holdout,92,91.9903594,7,10,2299508985,2300008985,5539521.246574,2322310.9978548903,ai_sparse_k5,5,0.1502560760005225
cleanStatic,holdout,92,91.9903594,7,10,2299508985,2300008985,5539521.246574,2322310.9978548903,pg_scc_k5,5,0.15358470011422085
cleanStatic,holdout,92,91.9903594,7,10,2299508985,2300008985,5539521.246574,2322310.9978548903,ai_sparse_k9,9,0.2601431791831497
cleanStatic,holdout,92,91.9903594,7,10,2299508985,2300008985,5539521.246574,2322310.9978548903,pg_scc_k9,9,0.19197801702383366
cleanStatic,holdout,92,91.9903594,7,10,2299508985,2300008985,5539521.246574,2322310.9978548903,epl3,3,1.9266588903164863
cleanStatic,holdout,92,91.9903594,7,10,2299508985,2300008985,5539521.246574,2322310.9978548903,fixed9,9,0.5710904213100055
cleanStatic,holdout,92,91.9903594,7,10,2299508985,2300008985,5539521.246574,2322310.9978548903,random1_k3,3,1.236654550878229
cleanStatic,holdout,92,91.9903594,7,10,2299508985,2300008985,5539521.246574,2322310.9978548903,random2_k3,3,0.8338792302850058
cleanStatic,holdout,92,91.9903594,7,10,2299508985,2300008985,5539521.246574,2322310.9978548903,random3_k3,3,0.25311645626638707
cleanStatic,holdout,92,91.9903594,7,10,2299508985,2300008985,5539521.246574,2322310.9978548903,random4_k3,3,1.3377841639607129
cleanStatic,holdout,92,91.9903594,7,10,2299508985,2300008985,5539521.246574,2322310.9978548903,random5_k3,3,0.15020145376201724
cleanStatic,holdout,92,91.9903594,7,10,2299508985,2300008985,5539521.246574,2322310.9978548903,random1_k5,5,0.5218287082923782
cleanStatic,holdout,92,91.9903594,7,10,2299508985,2300008985,5539521.246574,2322310.9978548903,random2_k5,5,0.3353139159302868
cleanStatic,holdout,92,91.9903594,7,10,2299508985,2300008985,5539521.246574,2322310.9978548903,random3_k5,5,1.0743899780782893
cleanStatic,holdout,92,91.9903594,7,10,2299508985,2300008985,5539521.246574,2322310.9978548903,random4_k5,5,1.125365192802755
cleanStatic,holdout,92,91.9903594,7,10,2299508985,2300008985,5539521.246574,2322310.9978548903,random5_k5,5,0.1641223835224066
cleanStatic,holdout,92,91.9903594,7,10,2299508985,2300008985,5539521.246574,2322310.9978548903,random1_k9,9,0.4524179409780533
cleanStatic,holdout,92,91.9903594,7,10,2299508985,2300008985,5539521.246574,2322310.9978548903,random2_k9,9,0.07097693219496372
cleanStatic,holdout,92,91.9903594,7,10,2299508985,2300008985,5539521.246574,2322310.9978548903,random3_k9,9,0.21371985488523984
cleanStatic,holdout,92,91.9903594,7,10,2299508985,2300008985,5539521.246574,2322310.9978548903,random4_k9,9,0.6074373821420903
cleanStatic,holdout,92,91.9903594,7,10,2299508985,2300008985,5539521.246574,2322310.9978548903,random5_k9,9,0.44676429196985823
cleanStatic,holdout,92,91.99262696,8,13,2299565674,2300065674,5529599.617098,5986232.147016677,dense_two_source_glrt,187,0.02091976274980343
cleanStatic,holdout,92,91.99262696,8,13,2299565674,2300065674,5529599.617098,5986232.147016677,dense_one_source_residual,187,0.286588597986298
cleanStatic,holdout,92,91.99262696,8,13,2299565674,2300065674,5529599.617098,5986232.147016677,raw_power_only,0,5529599.617098
cleanStatic,holdout,92,91.99262696,8,13,2299565674,2300065674,5529599.617098,5986232.147016677,analytic_sparse_k3,3,0.042320287156159125
cleanStatic,holdout,92,91.99262696,8,13,2299565674,2300065674,5529599.617098,5986232.147016677,uniform_k3,3,0.06614204263219749
cleanStatic,holdout,92,91.99262696,8,13,2299565674,2300065674,5529599.617098,5986232.147016677,shuffled_k3,3,0.09744373055223861
cleanStatic,holdout,92,91.99262696,8,13,2299565674,2300065674,5529599.617098,5986232.147016677,analytic_sparse_k5,5,0.017625601541136394
cleanStatic,holdout,92,91.99262696,8,13,2299565674,2300065674,5529599.617098,5986232.147016677,uniform_k5,5,0.03566909068806399
cleanStatic,holdout,92,91.99262696,8,13,2299565674,2300065674,5529599.617098,5986232.147016677,shuffled_k5,5,0.2136196114381345
cleanStatic,holdout,92,91.99262696,8,13,2299565674,2300065674,5529599.617098,5986232.147016677,analytic_sparse_k9,9,0.08785221012082933
cleanStatic,holdout,92,91.99262696,8,13,2299565674,2300065674,5529599.617098,5986232.147016677,uniform_k9,9,0.02239495051075329
cleanStatic,holdout,92,91.99262696,8,13,2299565674,2300065674,5529599.617098,5986232.147016677,shuffled_k9,9,0.15544609205124266
cleanStatic,holdout,92,91.99262696,8,13,2299565674,2300065674,5529599.617098,5986232.147016677,ai_sparse_k3,3,0.41220848463196935
cleanStatic,holdout,92,91.99262696,8,13,2299565674,2300065674,5529599.617098,5986232.147016677,pg_scc_k3,3,0.24406438127168195
cleanStatic,holdout,92,91.99262696,8,13,2299565674,2300065674,5529599.617098,5986232.147016677,ai_sparse_k5,5,0.4613115780227578
cleanStatic,holdout,92,91.99262696,8,13,2299565674,2300065674,5529599.617098,5986232.147016677,pg_scc_k5,5,0.264355108178652
cleanStatic,holdout,92,91.99262696,8,13,2299565674,2300065674,5529599.617098,5986232.147016677,ai_sparse_k9,9,0.1626837081004297
cleanStatic,holdout,92,91.99262696,8,13,2299565674,2300065674,5529599.617098,5986232.147016677,pg_scc_k9,9,0.19579544599984947
cleanStatic,holdout,92,91.99262696,8,13,2299565674,2300065674,5529599.617098,5986232.147016677,epl3,3,0.4742294240956346
cleanStatic,holdout,92,91.99262696,8,13,2299565674,2300065674,5529599.617098,5986232.147016677,fixed9,9,0.23397772892257399
cleanStatic,holdout,92,91.99262696,8,13,2299565674,2300065674,5529599.617098,5986232.147016677,random1_k3,3,0.056369120107943406
cleanStatic,holdout,92,91.99262696,8,13,2299565674,2300065674,5529599.617098,5986232.147016677,random2_k3,3,0.3597507595003571
cleanStatic,holdout,92,91.99262696,8,13,2299565674,2300065674,5529599.617098,5986232.147016677,random3_k3,3,0.46301895397560494
cleanStatic,holdout,92,91.99262696,8,13,2299565674,2300065674,5529599.617098,5986232.147016677,random4_k3,3,0.004088616548482687
cleanStatic,holdout,92,91.99262696,8,13,2299565674,2300065674,5529599.617098,5986232.147016677,random5_k3,3,0.15292994350596437
cleanStatic,holdout,92,91.99262696,8,13,2299565674,2300065674,5529599.617098,5986232.147016677,random1_k5,5,0.07479893309902379
cleanStatic,holdout,92,91.99262696,8,13,2299565674,2300065674,5529599.617098,5986232.147016677,random2_k5,5,0.03316288476628406
cleanStatic,holdout,92,91.99262696,8,13,2299565674,2300065674,5529599.617098,5986232.147016677,random3_k5,5,0.16829467547779361
cleanStatic,holdout,92,91.99262696,8,13,2299565674,2300065674,5529599.617098,5986232.147016677,random4_k5,5,0.049868887881035794
cleanStatic,holdout,92,91.99262696,8,13,2299565674,2300065674,5529599.617098,5986232.147016677,random5_k5,5,0.08029776323498103
cleanStatic,holdout,92,91.99262696,8,13,2299565674,2300065674,5529599.617098,5986232.147016677,random1_k9,9,0.12777948034305484
cleanStatic,holdout,92,91.99262696,8,13,2299565674,2300065674,5529599.617098,5986232.147016677,random2_k9,9,0.05648659933646881
cleanStatic,holdout,92,91.99262696,8,13,2299565674,2300065674,5529599.617098,5986232.147016677,random3_k9,9,0.06218715852718325
cleanStatic,holdout,92,91.99262696,8,13,2299565674,2300065674,5529599.617098,5986232.147016677,random4_k9,9,0.04732204557273905
cleanStatic,holdout,92,91.99262696,8,13,2299565674,2300065674,5529599.617098,5986232.147016677,random5_k9,9,0.13276051685655882
cleanStatic,holdout,92,91.99044292,9,19,2299511073,2300011073,5538347.811681999,4558546.47321351,dense_two_source_glrt,187,0.04567475292223882
cleanStatic,holdout,92,91.99044292,9,19,2299511073,2300011073,5538347.811681999,4558546.47321351,dense_one_source_residual,187,0.3407172312874677
cleanStatic,holdout,92,91.99044292,9,19,2299511073,2300011073,5538347.811681999,4558546.47321351,raw_power_only,0,5538347.811681999
cleanStatic,holdout,92,91.99044292,9,19,2299511073,2300011073,5538347.811681999,4558546.47321351,analytic_sparse_k3,3,0.1173305728168907
cleanStatic,holdout,92,91.99044292,9,19,2299511073,2300011073,5538347.811681999,4558546.47321351,uniform_k3,3,0.32350382843599235
cleanStatic,holdout,92,91.99044292,9,19,2299511073,2300011073,5538347.811681999,4558546.47321351,shuffled_k3,3,0.17137298147697963
cleanStatic,holdout,92,91.99044292,9,19,2299511073,2300011073,5538347.811681999,4558546.47321351,analytic_sparse_k5,5,0.11994961770299592
cleanStatic,holdout,92,91.99044292,9,19,2299511073,2300011073,5538347.811681999,4558546.47321351,uniform_k5,5,0.18885828198361398
cleanStatic,holdout,92,91.99044292,9,19,2299511073,2300011073,5538347.811681999,4558546.47321351,shuffled_k5,5,0.21121510294587315
cleanStatic,holdout,92,91.99044292,9,19,2299511073,2300011073,5538347.811681999,4558546.47321351,analytic_sparse_k9,9,0.17980753854655931
cleanStatic,holdout,92,91.99044292,9,19,2299511073,2300011073,5538347.811681999,4558546.47321351,uniform_k9,9,0.030450055575086645
cleanStatic,holdout,92,91.99044292,9,19,2299511073,2300011073,5538347.811681999,4558546.47321351,shuffled_k9,9,0.1491004458480847
cleanStatic,holdout,92,91.99044292,9,19,2299511073,2300011073,5538347.811681999,4558546.47321351,ai_sparse_k3,3,0.7870529593497033
cleanStatic,holdout,92,91.99044292,9,19,2299511073,2300011073,5538347.811681999,4558546.47321351,pg_scc_k3,3,0.683417261393337
cleanStatic,holdout,92,91.99044292,9,19,2299511073,2300011073,5538347.811681999,4558546.47321351,ai_sparse_k5,5,0.4965917346588663
cleanStatic,holdout,92,91.99044292,9,19,2299511073,2300011073,5538347.811681999,4558546.47321351,pg_scc_k5,5,0.18206972228108348
cleanStatic,holdout,92,91.99044292,9,19,2299511073,2300011073,5538347.811681999,4558546.47321351,ai_sparse_k9,9,0.4617893122691103
cleanStatic,holdout,92,91.99044292,9,19,2299511073,2300011073,5538347.811681999,4558546.47321351,pg_scc_k9,9,0.21131309378069554
cleanStatic,holdout,92,91.99044292,9,19,2299511073,2300011073,5538347.811681999,4558546.47321351,epl3,3,0.1216944345497935
cleanStatic,holdout,92,91.99044292,9,19,2299511073,2300011073,5538347.811681999,4558546.47321351,fixed9,9,0.18485854055923212
cleanStatic,holdout,92,91.99044292,9,19,2299511073,2300011073,5538347.811681999,4558546.47321351,random1_k3,3,0.26794759956425696
cleanStatic,holdout,92,91.99044292,9,19,2299511073,2300011073,5538347.811681999,4558546.47321351,random2_k3,3,0.08254423244427272
cleanStatic,holdout,92,91.99044292,9,19,2299511073,2300011073,5538347.811681999,4558546.47321351,random3_k3,3,0.1577400283678866
cleanStatic,holdout,92,91.99044292,9,19,2299511073,2300011073,5538347.811681999,4558546.47321351,random4_k3,3,0.11532397617843447
cleanStatic,holdout,92,91.99044292,9,19,2299511073,2300011073,5538347.811681999,4558546.47321351,random5_k3,3,0.08296862497799516
cleanStatic,holdout,92,91.99044292,9,19,2299511073,2300011073,5538347.811681999,4558546.47321351,random1_k5,5,0.18190522723249467
cleanStatic,holdout,92,91.99044292,9,19,2299511073,2300011073,5538347.811681999,4558546.47321351,random2_k5,5,0.17452642983855876
cleanStatic,holdout,92,91.99044292,9,19,2299511073,2300011073,5538347.811681999,4558546.47321351,random3_k5,5,0.04853340238471424
cleanStatic,holdout,92,91.99044292,9,19,2299511073,2300011073,5538347.811681999,4558546.47321351,random4_k5,5,0.030656721219730464
cleanStatic,holdout,92,91.99044292,9,19,2299511073,2300011073,5538347.811681999,4558546.47321351,random5_k5,5,0.06391482961030873
cleanStatic,holdout,92,91.99044292,9,19,2299511073,2300011073,5538347.811681999,4558546.47321351,random1_k9,9,0.11788690304297747
cleanStatic,holdout,92,91.99044292,9,19,2299511073,2300011073,5538347.811681999,4558546.47321351,random2_k9,9,0.08862351788610844
cleanStatic,holdout,92,91.99044292,9,19,2299511073,2300011073,5538347.811681999,4558546.47321351,random3_k9,9,0.053793171237278704
cleanStatic,holdout,92,91.99044292,9,19,2299511073,2300011073,5538347.811681999,4558546.47321351,random4_k9,9,0.1209253280143628
cleanStatic,holdout,92,91.99044292,9,19,2299511073,2300011073,5538347.811681999,4558546.47321351,random5_k9,9,0.0732778333987686
cleanStatic,holdout,92,91.99062748,10,23,2299515687,2300015687,5536051.607674001,6689908.185794479,dense_two_source_glrt,187,0.00774537023199896
cleanStatic,holdout,92,91.99062748,10,23,2299515687,2300015687,5536051.607674001,6689908.185794479,dense_one_source_residual,187,0.10769936239717258
cleanStatic,holdout,92,91.99062748,10,23,2299515687,2300015687,5536051.607674001,6689908.185794479,raw_power_only,0,5536051.607674001
cleanStatic,holdout,92,91.99062748,10,23,2299515687,2300015687,5536051.607674001,6689908.185794479,analytic_sparse_k3,3,0.0632917443827717
cleanStatic,holdout,92,91.99062748,10,23,2299515687,2300015687,5536051.607674001,6689908.185794479,uniform_k3,3,0.028691580800098853
cleanStatic,holdout,92,91.99062748,10,23,2299515687,2300015687,5536051.607674001,6689908.185794479,shuffled_k3,3,0.031730680364071
cleanStatic,holdout,92,91.99062748,10,23,2299515687,2300015687,5536051.607674001,6689908.185794479,analytic_sparse_k5,5,0.03591609272009811
cleanStatic,holdout,92,91.99062748,10,23,2299515687,2300015687,5536051.607674001,6689908.185794479,uniform_k5,5,0.03414811070085997
cleanStatic,holdout,92,91.99062748,10,23,2299515687,2300015687,5536051.607674001,6689908.185794479,shuffled_k5,5,0.04218613514938485
cleanStatic,holdout,92,91.99062748,10,23,2299515687,2300015687,5536051.607674001,6689908.185794479,analytic_sparse_k9,9,0.016557407753455107
cleanStatic,holdout,92,91.99062748,10,23,2299515687,2300015687,5536051.607674001,6689908.185794479,uniform_k9,9,0.0027244383059320037
cleanStatic,holdout,92,91.99062748,10,23,2299515687,2300015687,5536051.607674001,6689908.185794479,shuffled_k9,9,0.021964186263551098
cleanStatic,holdout,92,91.99062748,10,23,2299515687,2300015687,5536051.607674001,6689908.185794479,ai_sparse_k3,3,0.034174098009038416
cleanStatic,holdout,92,91.99062748,10,23,2299515687,2300015687,5536051.607674001,6689908.185794479,pg_scc_k3,3,0.005561087974774168
cleanStatic,holdout,92,91.99062748,10,23,2299515687,2300015687,5536051.607674001,6689908.185794479,ai_sparse_k5,5,0.025733169837029453
cleanStatic,holdout,92,91.99062748,10,23,2299515687,2300015687,5536051.607674001,6689908.185794479,pg_scc_k5,5,0.012298219828412555
cleanStatic,holdout,92,91.99062748,10,23,2299515687,2300015687,5536051.607674001,6689908.185794479,ai_sparse_k9,9,0.038567894507167876
cleanStatic,holdout,92,91.99062748,10,23,2299515687,2300015687,5536051.607674001,6689908.185794479,pg_scc_k9,9,0.007767002179417244
cleanStatic,holdout,92,91.99062748,10,23,2299515687,2300015687,5536051.607674001,6689908.185794479,epl3,3,0.05840498307966035
cleanStatic,holdout,92,91.99062748,10,23,2299515687,2300015687,5536051.607674001,6689908.185794479,fixed9,9,0.04075619637389611
cleanStatic,holdout,92,91.99062748,10,23,2299515687,2300015687,5536051.607674001,6689908.185794479,random1_k3,3,0.022064238182319357
cleanStatic,holdout,92,91.99062748,10,23,2299515687,2300015687,5536051.607674001,6689908.185794479,random2_k3,3,0.06566768238400476
cleanStatic,holdout,92,91.99062748,10,23,2299515687,2300015687,5536051.607674001,6689908.185794479,random3_k3,3,0.09737507040778239
cleanStatic,holdout,92,91.99062748,10,23,2299515687,2300015687,5536051.607674001,6689908.185794479,random4_k3,3,0.03184891324278653
cleanStatic,holdout,92,91.99062748,10,23,2299515687,2300015687,5536051.607674001,6689908.185794479,random5_k3,3,0.15914085082177268
cleanStatic,holdout,92,91.99062748,10,23,2299515687,2300015687,5536051.607674001,6689908.185794479,random1_k5,5,0.035715562540584445
cleanStatic,holdout,92,91.99062748,10,23,2299515687,2300015687,5536051.607674001,6689908.185794479,random2_k5,5,0.01754923009647268
cleanStatic,holdout,92,91.99062748,10,23,2299515687,2300015687,5536051.607674001,6689908.185794479,random3_k5,5,0.05638054840931032
cleanStatic,holdout,92,91.99062748,10,23,2299515687,2300015687,5536051.607674001,6689908.185794479,random4_k5,5,0.07690681999469497
cleanStatic,holdout,92,91.99062748,10,23,2299515687,2300015687,5536051.607674001,6689908.185794479,random5_k5,5,0.041397422557384475
cleanStatic,holdout,92,91.99062748,10,23,2299515687,2300015687,5536051.607674001,6689908.185794479,random1_k9,9,0.039063214080076944
cleanStatic,holdout,92,91.99062748,10,23,2299515687,2300015687,5536051.607674001,6689908.185794479,random2_k9,9,0.048124675509711015
cleanStatic,holdout,92,91.99062748,10,23,2299515687,2300015687,5536051.607674001,6689908.185794479,random3_k9,9,0.01444801070032452
cleanStatic,holdout,92,91.99062748,10,23,2299515687,2300015687,5536051.607674001,6689908.185794479,random4_k9,9,0.05383985749935457
cleanStatic,holdout,92,91.99062748,10,23,2299515687,2300015687,5536051.607674001,6689908.185794479,random5_k9,9,0.024744412563359994
cleanStatic,holdout,93,92.99736888,0,16,2324684222,2325184222,5475664.011446,5015598.836548447,dense_two_source_glrt,187,0.050475094098501434
cleanStatic,holdout,93,92.99736888,0,16,2324684222,2325184222,5475664.011446,5015598.836548447,dense_one_source_residual,187,0.25532906182484527
cleanStatic,holdout,93,92.99736888,0,16,2324684222,2325184222,5475664.011446,5015598.836548447,raw_power_only,0,5475664.011446
cleanStatic,holdout,93,92.99736888,0,16,2324684222,2325184222,5475664.011446,5015598.836548447,analytic_sparse_k3,3,0.06913845743397588
cleanStatic,holdout,93,92.99736888,0,16,2324684222,2325184222,5475664.011446,5015598.836548447,uniform_k3,3,0.32974298380544814
cleanStatic,holdout,93,92.99736888,0,16,2324684222,2325184222,5475664.011446,5015598.836548447,shuffled_k3,3,0.11472931801824
cleanStatic,holdout,93,92.99736888,0,16,2324684222,2325184222,5475664.011446,5015598.836548447,analytic_sparse_k5,5,0.043384168169120184
cleanStatic,holdout,93,92.99736888,0,16,2324684222,2325184222,5475664.011446,5015598.836548447,uniform_k5,5,0.26207618288769935
cleanStatic,holdout,93,92.99736888,0,16,2324684222,2325184222,5475664.011446,5015598.836548447,shuffled_k5,5,0.05615023219860556
cleanStatic,holdout,93,92.99736888,0,16,2324684222,2325184222,5475664.011446,5015598.836548447,analytic_sparse_k9,9,0.04024333771361172
cleanStatic,holdout,93,92.99736888,0,16,2324684222,2325184222,5475664.011446,5015598.836548447,uniform_k9,9,0.15180196840230278
cleanStatic,holdout,93,92.99736888,0,16,2324684222,2325184222,5475664.011446,5015598.836548447,shuffled_k9,9,0.16163025696614908
cleanStatic,holdout,93,92.99736888,0,16,2324684222,2325184222,5475664.011446,5015598.836548447,ai_sparse_k3,3,0.08954232951647967
cleanStatic,holdout,93,92.99736888,0,16,2324684222,2325184222,5475664.011446,5015598.836548447,pg_scc_k3,3,0.07300744068426877
cleanStatic,holdout,93,92.99736888,0,16,2324684222,2325184222,5475664.011446,5015598.836548447,ai_sparse_k5,5,0.06754265825093171
cleanStatic,holdout,93,92.99736888,0,16,2324684222,2325184222,5475664.011446,5015598.836548447,pg_scc_k5,5,0.03099961467958683
cleanStatic,holdout,93,92.99736888,0,16,2324684222,2325184222,5475664.011446,5015598.836548447,ai_sparse_k9,9,0.01808043998831314
cleanStatic,holdout,93,92.99736888,0,16,2324684222,2325184222,5475664.011446,5015598.836548447,pg_scc_k9,9,0.03177189367575314
cleanStatic,holdout,93,92.99736888,0,16,2324684222,2325184222,5475664.011446,5015598.836548447,epl3,3,0.43258661168899065
cleanStatic,holdout,93,92.99736888,0,16,2324684222,2325184222,5475664.011446,5015598.836548447,fixed9,9,0.13934197582378957
cleanStatic,holdout,93,92.99736888,0,16,2324684222,2325184222,5475664.011446,5015598.836548447,random1_k3,3,0.04161118234681794
cleanStatic,holdout,93,92.99736888,0,16,2324684222,2325184222,5475664.011446,5015598.836548447,random2_k3,3,0.06315268397788325
cleanStatic,holdout,93,92.99736888,0,16,2324684222,2325184222,5475664.011446,5015598.836548447,random3_k3,3,0.07866185604068149
cleanStatic,holdout,93,92.99736888,0,16,2324684222,2325184222,5475664.011446,5015598.836548447,random4_k3,3,0.13780715767377286
cleanStatic,holdout,93,92.99736888,0,16,2324684222,2325184222,5475664.011446,5015598.836548447,random5_k3,3,0.21369950846872024
cleanStatic,holdout,93,92.99736888,0,16,2324684222,2325184222,5475664.011446,5015598.836548447,random1_k5,5,0.030246903980390132
cleanStatic,holdout,93,92.99736888,0,16,2324684222,2325184222,5475664.011446,5015598.836548447,random2_k5,5,0.09281711009161743
cleanStatic,holdout,93,92.99736888,0,16,2324684222,2325184222,5475664.011446,5015598.836548447,random3_k5,5,0.1459186216402362
cleanStatic,holdout,93,92.99736888,0,16,2324684222,2325184222,5475664.011446,5015598.836548447,random4_k5,5,0.017527121107613973
cleanStatic,holdout,93,92.99736888,0,16,2324684222,2325184222,5475664.011446,5015598.836548447,random5_k5,5,0.20186194989156073
cleanStatic,holdout,93,92.99736888,0,16,2324684222,2325184222,5475664.011446,5015598.836548447,random1_k9,9,0.05585762596487701
cleanStatic,holdout,93,92.99736888,0,16,2324684222,2325184222,5475664.011446,5015598.836548447,random2_k9,9,0.11652679734369335
cleanStatic,holdout,93,92.99736888,0,16,2324684222,2325184222,5475664.011446,5015598.836548447,random3_k9,9,0.15827912197509933
cleanStatic,holdout,93,92.99736888,0,16,2324684222,2325184222,5475664.011446,5015598.836548447,random4_k9,9,0.043838347436749685
cleanStatic,holdout,93,92.99736888,0,16,2324684222,2325184222,5475664.011446,5015598.836548447,random5_k9,9,0.02007498026706879
cleanStatic,holdout,93,92.9971668,1,8,2324679170,2325179170,5473030.811476,1933004.5500930757,dense_two_source_glrt,187,0.3175355689034761
cleanStatic,holdout,93,92.9971668,1,8,2324679170,2325179170,5473030.811476,1933004.5500930757,dense_one_source_residual,187,2.8632148394799235
cleanStatic,holdout,93,92.9971668,1,8,2324679170,2325179170,5473030.811476,1933004.5500930757,raw_power_only,0,5473030.811476
cleanStatic,holdout,93,92.9971668,1,8,2324679170,2325179170,5473030.811476,1933004.5500930757,analytic_sparse_k3,3,0.7447914760207484
cleanStatic,holdout,93,92.9971668,1,8,2324679170,2325179170,5473030.811476,1933004.5500930757,uniform_k3,3,4.087751174265052
cleanStatic,holdout,93,92.9971668,1,8,2324679170,2325179170,5473030.811476,1933004.5500930757,shuffled_k3,3,0.3896018571917886
cleanStatic,holdout,93,92.9971668,1,8,2324679170,2325179170,5473030.811476,1933004.5500930757,analytic_sparse_k5,5,0.4485679783437921
cleanStatic,holdout,93,92.9971668,1,8,2324679170,2325179170,5473030.811476,1933004.5500930757,uniform_k5,5,2.8810775372316604
cleanStatic,holdout,93,92.9971668,1,8,2324679170,2325179170,5473030.811476,1933004.5500930757,shuffled_k5,5,1.19350806459886
cleanStatic,holdout,93,92.9971668,1,8,2324679170,2325179170,5473030.811476,1933004.5500930757,analytic_sparse_k9,9,0.45360955491968724
cleanStatic,holdout,93,92.9971668,1,8,2324679170,2325179170,5473030.811476,1933004.5500930757,uniform_k9,9,0.9934650579846382
cleanStatic,holdout,93,92.9971668,1,8,2324679170,2325179170,5473030.811476,1933004.5500930757,shuffled_k9,9,0.33184988379180663
cleanStatic,holdout,93,92.9971668,1,8,2324679170,2325179170,5473030.811476,1933004.5500930757,ai_sparse_k3,3,0.5673875848942532
cleanStatic,holdout,93,92.9971668,1,8,2324679170,2325179170,5473030.811476,1933004.5500930757,pg_scc_k3,3,0.1836526184097583
cleanStatic,holdout,93,92.9971668,1,8,2324679170,2325179170,5473030.811476,1933004.5500930757,ai_sparse_k5,5,0.5051762942061593
cleanStatic,holdout,93,92.9971668,1,8,2324679170,2325179170,5473030.811476,1933004.5500930757,pg_scc_k5,5,0.275691959504533
cleanStatic,holdout,93,92.9971668,1,8,2324679170,2325179170,5473030.811476,1933004.5500930757,ai_sparse_k9,9,0.0601796377385743
cleanStatic,holdout,93,92.9971668,1,8,2324679170,2325179170,5473030.811476,1933004.5500930757,pg_scc_k9,9,0.10596607574113787
cleanStatic,holdout,93,92.9971668,1,8,2324679170,2325179170,5473030.811476,1933004.5500930757,epl3,3,0.5023806143588604
cleanStatic,holdout,93,92.9971668,1,8,2324679170,2325179170,5473030.811476,1933004.5500930757,fixed9,9,0.4924316805230862
cleanStatic,holdout,93,92.9971668,1,8,2324679170,2325179170,5473030.811476,1933004.5500930757,random1_k3,3,0.8897302974048711
cleanStatic,holdout,93,92.9971668,1,8,2324679170,2325179170,5473030.811476,1933004.5500930757,random2_k3,3,1.0858182951682602
cleanStatic,holdout,93,92.9971668,1,8,2324679170,2325179170,5473030.811476,1933004.5500930757,random3_k3,3,1.9237132782432054
cleanStatic,holdout,93,92.9971668,1,8,2324679170,2325179170,5473030.811476,1933004.5500930757,random4_k3,3,1.5402313875633868
cleanStatic,holdout,93,92.9971668,1,8,2324679170,2325179170,5473030.811476,1933004.5500930757,random5_k3,3,1.1170743979524531
cleanStatic,holdout,93,92.9971668,1,8,2324679170,2325179170,5473030.811476,1933004.5500930757,random1_k5,5,0.9836349827718109
cleanStatic,holdout,93,92.9971668,1,8,2324679170,2325179170,5473030.811476,1933004.5500930757,random2_k5,5,1.4868304881389542
cleanStatic,holdout,93,92.9971668,1,8,2324679170,2325179170,5473030.811476,1933004.5500930757,random3_k5,5,0.43926555835518644
cleanStatic,holdout,93,92.9971668,1,8,2324679170,2325179170,5473030.811476,1933004.5500930757,random4_k5,5,2.6939729376942845
cleanStatic,holdout,93,92.9971668,1,8,2324679170,2325179170,5473030.811476,1933004.5500930757,random5_k5,5,0.4108515992628554
cleanStatic,holdout,93,92.9971668,1,8,2324679170,2325179170,5473030.811476,1933004.5500930757,random1_k9,9,0.3834743522661132
cleanStatic,holdout,93,92.9971668,1,8,2324679170,2325179170,5473030.811476,1933004.5500930757,random2_k9,9,0.3903581881851827
cleanStatic,holdout,93,92.9971668,1,8,2324679170,2325179170,5473030.811476,1933004.5500930757,random3_k9,9,0.5834008403666421
cleanStatic,holdout,93,92.9971668,1,8,2324679170,2325179170,5473030.811476,1933004.5500930757,random4_k9,9,0.29976789984984925
cleanStatic,holdout,93,92.9971668,1,8,2324679170,2325179170,5473030.811476,1933004.5500930757,random5_k9,9,0.5840526448113784
cleanStatic,holdout,93,92.99052484,2,3,2324513121,2325013121,5473762.582346,6041538.4702597745,dense_two_source_glrt,187,0.06877454599375026
cleanStatic,holdout,93,92.99052484,2,3,2324513121,2325013121,5473762.582346,6041538.4702597745,dense_one_source_residual,187,0.35087285066526797
cleanStatic,holdout,93,92.99052484,2,3,2324513121,2325013121,5473762.582346,6041538.4702597745,raw_power_only,0,5473762.582346
cleanStatic,holdout,93,92.99052484,2,3,2324513121,2325013121,5473762.582346,6041538.4702597745,analytic_sparse_k3,3,0.045708698184506624
cleanStatic,holdout,93,92.99052484,2,3,2324513121,2325013121,5473762.582346,6041538.4702597745,uniform_k3,3,0.22995424616218293
cleanStatic,holdout,93,92.99052484,2,3,2324513121,2325013121,5473762.582346,6041538.4702597745,shuffled_k3,3,0.2846907307710144
cleanStatic,holdout,93,92.99052484,2,3,2324513121,2325013121,5473762.582346,6041538.4702597745,analytic_sparse_k5,5,0.09287003093602937
cleanStatic,holdout,93,92.99052484,2,3,2324513121,2325013121,5473762.582346,6041538.4702597745,uniform_k5,5,0.09193193355386148
cleanStatic,holdout,93,92.99052484,2,3,2324513121,2325013121,5473762.582346,6041538.4702597745,shuffled_k5,5,0.12670177549017772
cleanStatic,holdout,93,92.99052484,2,3,2324513121,2325013121,5473762.582346,6041538.4702597745,analytic_sparse_k9,9,0.1311109160751549
cleanStatic,holdout,93,92.99052484,2,3,2324513121,2325013121,5473762.582346,6041538.4702597745,uniform_k9,9,0.034375912146338804
cleanStatic,holdout,93,92.99052484,2,3,2324513121,2325013121,5473762.582346,6041538.4702597745,shuffled_k9,9,0.15827310635636768
cleanStatic,holdout,93,92.99052484,2,3,2324513121,2325013121,5473762.582346,6041538.4702597745,ai_sparse_k3,3,0.2868219723013859
cleanStatic,holdout,93,92.99052484,2,3,2324513121,2325013121,5473762.582346,6041538.4702597745,pg_scc_k3,3,0.37054818180891996
cleanStatic,holdout,93,92.99052484,2,3,2324513121,2325013121,5473762.582346,6041538.4702597745,ai_sparse_k5,5,0.29526006614465655
cleanStatic,holdout,93,92.99052484,2,3,2324513121,2325013121,5473762.582346,6041538.4702597745,pg_scc_k5,5,0.13413709706189336
cleanStatic,holdout,93,92.99052484,2,3,2324513121,2325013121,5473762.582346,6041538.4702597745,ai_sparse_k9,9,0.21704495175538546
cleanStatic,holdout,93,92.99052484,2,3,2324513121,2325013121,5473762.582346,6041538.4702597745,pg_scc_k9,9,0.13880501626083452
cleanStatic,holdout,93,92.99052484,2,3,2324513121,2325013121,5473762.582346,6041538.4702597745,epl3,3,0.14042944515093725
cleanStatic,holdout,93,92.99052484,2,3,2324513121,2325013121,5473762.582346,6041538.4702597745,fixed9,9,0.32522785045687597
cleanStatic,holdout,93,92.99052484,2,3,2324513121,2325013121,5473762.582346,6041538.4702597745,random1_k3,3,0.1701322728921469
cleanStatic,holdout,93,92.99052484,2,3,2324513121,2325013121,5473762.582346,6041538.4702597745,random2_k3,3,0.4391147274131589
cleanStatic,holdout,93,92.99052484,2,3,2324513121,2325013121,5473762.582346,6041538.4702597745,random3_k3,3,0.12012624548120787
cleanStatic,holdout,93,92.99052484,2,3,2324513121,2325013121,5473762.582346,6041538.4702597745,random4_k3,3,0.12101828453815282
cleanStatic,holdout,93,92.99052484,2,3,2324513121,2325013121,5473762.582346,6041538.4702597745,random5_k3,3,0.3160669362858789
cleanStatic,holdout,93,92.99052484,2,3,2324513121,2325013121,5473762.582346,6041538.4702597745,random1_k5,5,0.1261312292229747
cleanStatic,holdout,93,92.99052484,2,3,2324513121,2325013121,5473762.582346,6041538.4702597745,random2_k5,5,0.04553380614300946
cleanStatic,holdout,93,92.99052484,2,3,2324513121,2325013121,5473762.582346,6041538.4702597745,random3_k5,5,0.1557079379421463
cleanStatic,holdout,93,92.99052484,2,3,2324513121,2325013121,5473762.582346,6041538.4702597745,random4_k5,5,0.08688242078326562
cleanStatic,holdout,93,92.99052484,2,3,2324513121,2325013121,5473762.582346,6041538.4702597745,random5_k5,5,0.11977786093296325
cleanStatic,holdout,93,92.99052484,2,3,2324513121,2325013121,5473762.582346,6041538.4702597745,random1_k9,9,0.22794396961306054
cleanStatic,holdout,93,92.99052484,2,3,2324513121,2325013121,5473762.582346,6041538.4702597745,random2_k9,9,0.14299358500388148
cleanStatic,holdout,93,92.99052484,2,3,2324513121,2325013121,5473762.582346,6041538.4702597745,random3_k9,9,0.14301195335835878
cleanStatic,holdout,93,92.99052484,2,3,2324513121,2325013121,5473762.582346,6041538.4702597745,random4_k9,9,0.07993645261927658
cleanStatic,holdout,93,92.99052484,2,3,2324513121,2325013121,5473762.582346,6041538.4702597745,random5_k9,9,0.05929652534326863
cleanStatic,holdout,93,93.00842088,3,20,2324960522,2325460522,5485976.0247,2137698.769769975,dense_two_source_glrt,187,0.2998236341700088
cleanStatic,holdout,93,93.00842088,3,20,2324960522,2325460522,5485976.0247,2137698.769769975,dense_one_source_residual,187,1.686194526111855
cleanStatic,holdout,93,93.00842088,3,20,2324960522,2325460522,5485976.0247,2137698.769769975,raw_power_only,0,5485976.0247
cleanStatic,holdout,93,93.00842088,3,20,2324960522,2325460522,5485976.0247,2137698.769769975,analytic_sparse_k3,3,0.1933211305195871
cleanStatic,holdout,93,93.00842088,3,20,2324960522,2325460522,5485976.0247,2137698.769769975,uniform_k3,3,0.4288628511615063
cleanStatic,holdout,93,93.00842088,3,20,2324960522,2325460522,5485976.0247,2137698.769769975,shuffled_k3,3,1.2121154511398533
cleanStatic,holdout,93,93.00842088,3,20,2324960522,2325460522,5485976.0247,2137698.769769975,analytic_sparse_k5,5,0.5965479396802353
cleanStatic,holdout,93,93.00842088,3,20,2324960522,2325460522,5485976.0247,2137698.769769975,uniform_k5,5,0.37409861812879724
cleanStatic,holdout,93,93.00842088,3,20,2324960522,2325460522,5485976.0247,2137698.769769975,shuffled_k5,5,0.569621611712152
cleanStatic,holdout,93,93.00842088,3,20,2324960522,2325460522,5485976.0247,2137698.769769975,analytic_sparse_k9,9,0.3663452594020307
cleanStatic,holdout,93,93.00842088,3,20,2324960522,2325460522,5485976.0247,2137698.769769975,uniform_k9,9,0.18276371418933143
cleanStatic,holdout,93,93.00842088,3,20,2324960522,2325460522,5485976.0247,2137698.769769975,shuffled_k9,9,0.7300401693951818
cleanStatic,holdout,93,93.00842088,3,20,2324960522,2325460522,5485976.0247,2137698.769769975,ai_sparse_k3,3,0.7786143934446957
cleanStatic,holdout,93,93.00842088,3,20,2324960522,2325460522,5485976.0247,2137698.769769975,pg_scc_k3,3,0.6949288348156127
cleanStatic,holdout,93,93.00842088,3,20,2324960522,2325460522,5485976.0247,2137698.769769975,ai_sparse_k5,5,1.2715210225989073
cleanStatic,holdout,93,93.00842088,3,20,2324960522,2325460522,5485976.0247,2137698.769769975,pg_scc_k5,5,0.6009846707906009
cleanStatic,holdout,93,93.00842088,3,20,2324960522,2325460522,5485976.0247,2137698.769769975,ai_sparse_k9,9,0.8217198415055361
cleanStatic,holdout,93,93.00842088,3,20,2324960522,2325460522,5485976.0247,2137698.769769975,pg_scc_k9,9,0.329287744685532
cleanStatic,holdout,93,93.00842088,3,20,2324960522,2325460522,5485976.0247,2137698.769769975,epl3,3,0.4808957323623943
cleanStatic,holdout,93,93.00842088,3,20,2324960522,2325460522,5485976.0247,2137698.769769975,fixed9,9,1.1779776185048336
cleanStatic,holdout,93,93.00842088,3,20,2324960522,2325460522,5485976.0247,2137698.769769975,random1_k3,3,1.476210826111825
cleanStatic,holdout,93,93.00842088,3,20,2324960522,2325460522,5485976.0247,2137698.769769975,random2_k3,3,1.7655882456131273
cleanStatic,holdout,93,93.00842088,3,20,2324960522,2325460522,5485976.0247,2137698.769769975,random3_k3,3,1.429329127725835
cleanStatic,holdout,93,93.00842088,3,20,2324960522,2325460522,5485976.0247,2137698.769769975,random4_k3,3,0.2998689745044125
cleanStatic,holdout,93,93.00842088,3,20,2324960522,2325460522,5485976.0247,2137698.769769975,random5_k3,3,0.8336425386373825
cleanStatic,holdout,93,93.00842088,3,20,2324960522,2325460522,5485976.0247,2137698.769769975,random1_k5,5,0.6639446806356428
cleanStatic,holdout,93,93.00842088,3,20,2324960522,2325460522,5485976.0247,2137698.769769975,random2_k5,5,0.7152783672293539
cleanStatic,holdout,93,93.00842088,3,20,2324960522,2325460522,5485976.0247,2137698.769769975,random3_k5,5,0.4267482943063664
cleanStatic,holdout,93,93.00842088,3,20,2324960522,2325460522,5485976.0247,2137698.769769975,random4_k5,5,0.22488146547343058
cleanStatic,holdout,93,93.00842088,3,20,2324960522,2325460522,5485976.0247,2137698.769769975,random5_k5,5,0.46839259346478934
cleanStatic,holdout,93,93.00842088,3,20,2324960522,2325460522,5485976.0247,2137698.769769975,random1_k9,9,0.8227263283639641
cleanStatic,holdout,93,93.00842088,3,20,2324960522,2325460522,5485976.0247,2137698.769769975,random2_k9,9,0.8528553517733345
cleanStatic,holdout,93,93.00842088,3,20,2324960522,2325460522,5485976.0247,2137698.769769975,random3_k9,9,0.9327836286271803
cleanStatic,holdout,93,93.00842088,3,20,2324960522,2325460522,5485976.0247,2137698.769769975,random4_k9,9,0.8408520402280261
cleanStatic,holdout,93,93.00842088,3,20,2324960522,2325460522,5485976.0247,2137698.769769975,random5_k9,9,0.209583976225001
cleanStatic,holdout,93,93.0417394,4,30,2325793485,2326293485,5476536.682435999,2392689.3370132605,dense_two_source_glrt,187,0.3607811030919105
cleanStatic,holdout,93,93.0417394,4,30,2325793485,2326293485,5476536.682435999,2392689.3370132605,dense_one_source_residual,187,2.7296243113424756
cleanStatic,holdout,93,93.0417394,4,30,2325793485,2326293485,5476536.682435999,2392689.3370132605,raw_power_only,0,5476536.682435999
cleanStatic,holdout,93,93.0417394,4,30,2325793485,2326293485,5476536.682435999,2392689.3370132605,analytic_sparse_k3,3,0.29008522170975964
cleanStatic,holdout,93,93.0417394,4,30,2325793485,2326293485,5476536.682435999,2392689.3370132605,uniform_k3,3,0.873108942378742
cleanStatic,holdout,93,93.0417394,4,30,2325793485,2326293485,5476536.682435999,2392689.3370132605,shuffled_k3,3,0.319794942189182
cleanStatic,holdout,93,93.0417394,4,30,2325793485,2326293485,5476536.682435999,2392689.3370132605,analytic_sparse_k5,5,0.3181948529900289
cleanStatic,holdout,93,93.0417394,4,30,2325793485,2326293485,5476536.682435999,2392689.3370132605,uniform_k5,5,0.5496531150707504
cleanStatic,holdout,93,93.0417394,4,30,2325793485,2326293485,5476536.682435999,2392689.3370132605,shuffled_k5,5,0.5006027632088677
cleanStatic,holdout,93,93.0417394,4,30,2325793485,2326293485,5476536.682435999,2392689.3370132605,analytic_sparse_k9,9,0.5599296431915239
cleanStatic,holdout,93,93.0417394,4,30,2325793485,2326293485,5476536.682435999,2392689.3370132605,uniform_k9,9,0.4217698529625069
cleanStatic,holdout,93,93.0417394,4,30,2325793485,2326293485,5476536.682435999,2392689.3370132605,shuffled_k9,9,1.283876069779374
cleanStatic,holdout,93,93.0417394,4,30,2325793485,2326293485,5476536.682435999,2392689.3370132605,ai_sparse_k3,3,3.464821122677977
cleanStatic,holdout,93,93.0417394,4,30,2325793485,2326293485,5476536.682435999,2392689.3370132605,pg_scc_k3,3,1.5475617359763216
cleanStatic,holdout,93,93.0417394,4,30,2325793485,2326293485,5476536.682435999,2392689.3370132605,ai_sparse_k5,5,3.6448361834766585
cleanStatic,holdout,93,93.0417394,4,30,2325793485,2326293485,5476536.682435999,2392689.3370132605,pg_scc_k5,5,1.3584816488233336
cleanStatic,holdout,93,93.0417394,4,30,2325793485,2326293485,5476536.682435999,2392689.3370132605,ai_sparse_k9,9,3.3279513556741365
cleanStatic,holdout,93,93.0417394,4,30,2325793485,2326293485,5476536.682435999,2392689.3370132605,pg_scc_k9,9,1.0381097609295158
cleanStatic,holdout,93,93.0417394,4,30,2325793485,2326293485,5476536.682435999,2392689.3370132605,epl3,3,2.341293959928455
cleanStatic,holdout,93,93.0417394,4,30,2325793485,2326293485,5476536.682435999,2392689.3370132605,fixed9,9,1.0389832157607932
cleanStatic,holdout,93,93.0417394,4,30,2325793485,2326293485,5476536.682435999,2392689.3370132605,random1_k3,3,1.2663506809571834
cleanStatic,holdout,93,93.0417394,4,30,2325793485,2326293485,5476536.682435999,2392689.3370132605,random2_k3,3,2.839946678722075
cleanStatic,holdout,93,93.0417394,4,30,2325793485,2326293485,5476536.682435999,2392689.3370132605,random3_k3,3,1.4922925317632132
cleanStatic,holdout,93,93.0417394,4,30,2325793485,2326293485,5476536.682435999,2392689.3370132605,random4_k3,3,1.8957209160559831
cleanStatic,holdout,93,93.0417394,4,30,2325793485,2326293485,5476536.682435999,2392689.3370132605,random5_k3,3,0.2184789040909719
cleanStatic,holdout,93,93.0417394,4,30,2325793485,2326293485,5476536.682435999,2392689.3370132605,random1_k5,5,0.24025911362543298
cleanStatic,holdout,93,93.0417394,4,30,2325793485,2326293485,5476536.682435999,2392689.3370132605,random2_k5,5,0.8194173381527664
cleanStatic,holdout,93,93.0417394,4,30,2325793485,2326293485,5476536.682435999,2392689.3370132605,random3_k5,5,1.1568348374938158
cleanStatic,holdout,93,93.0417394,4,30,2325793485,2326293485,5476536.682435999,2392689.3370132605,random4_k5,5,1.783274152400787
cleanStatic,holdout,93,93.0417394,4,30,2325793485,2326293485,5476536.682435999,2392689.3370132605,random5_k5,5,0.7114449658766517
cleanStatic,holdout,93,93.0417394,4,30,2325793485,2326293485,5476536.682435999,2392689.3370132605,random1_k9,9,1.6963605141545686
cleanStatic,holdout,93,93.0417394,4,30,2325793485,2326293485,5476536.682435999,2392689.3370132605,random2_k9,9,0.16602016214965135
cleanStatic,holdout,93,93.0417394,4,30,2325793485,2326293485,5476536.682435999,2392689.3370132605,random3_k9,9,0.57697784614554
cleanStatic,holdout,93,93.0417394,4,30,2325793485,2326293485,5476536.682435999,2392689.3370132605,random4_k9,9,1.257122368243705
cleanStatic,holdout,93,93.0417394,4,30,2325793485,2326293485,5476536.682435999,2392689.3370132605,random5_k9,9,1.6446334878977824
cleanStatic,holdout,93,92.99067332,5,6,2324516833,2325016833,5473818.774744,4689381.999450744,dense_two_source_glrt,187,0.06185327278186379
cleanStatic,holdout,93,92.99067332,5,6,2324516833,2325016833,5473818.774744,4689381.999450744,dense_one_source_residual,187,0.24462210116000754
cleanStatic,holdout,93,92.99067332,5,6,2324516833,2325016833,5473818.774744,4689381.999450744,raw_power_only,0,5473818.774744
cleanStatic,holdout,93,92.99067332,5,6,2324516833,2325016833,5473818.774744,4689381.999450744,analytic_sparse_k3,3,0.07462562156487666
cleanStatic,holdout,93,92.99067332,5,6,2324516833,2325016833,5473818.774744,4689381.999450744,uniform_k3,3,0.09126490624655774
cleanStatic,holdout,93,92.99067332,5,6,2324516833,2325016833,5473818.774744,4689381.999450744,shuffled_k3,3,0.12568817006441116
cleanStatic,holdout,93,92.99067332,5,6,2324516833,2325016833,5473818.774744,4689381.999450744,analytic_sparse_k5,5,0.05483164449436121
cleanStatic,holdout,93,92.99067332,5,6,2324516833,2325016833,5473818.774744,4689381.999450744,uniform_k5,5,0.10398032506837622
cleanStatic,holdout,93,92.99067332,5,6,2324516833,2325016833,5473818.774744,4689381.999450744,shuffled_k5,5,0.033801205378433265
cleanStatic,holdout,93,92.99067332,5,6,2324516833,2325016833,5473818.774744,4689381.999450744,analytic_sparse_k9,9,0.040811431332927306
cleanStatic,holdout,93,92.99067332,5,6,2324516833,2325016833,5473818.774744,4689381.999450744,uniform_k9,9,0.05886253122227184
cleanStatic,holdout,93,92.99067332,5,6,2324516833,2325016833,5473818.774744,4689381.999450744,shuffled_k9,9,0.074870605807934
cleanStatic,holdout,93,92.99067332,5,6,2324516833,2325016833,5473818.774744,4689381.999450744,ai_sparse_k3,3,0.01899594770646408
cleanStatic,holdout,93,92.99067332,5,6,2324516833,2325016833,5473818.774744,4689381.999450744,pg_scc_k3,3,0.1112210779709848
cleanStatic,holdout,93,92.99067332,5,6,2324516833,2325016833,5473818.774744,4689381.999450744,ai_sparse_k5,5,0.1357453033926314
cleanStatic,holdout,93,92.99067332,5,6,2324516833,2325016833,5473818.774744,4689381.999450744,pg_scc_k5,5,0.056868734962113546
cleanStatic,holdout,93,92.99067332,5,6,2324516833,2325016833,5473818.774744,4689381.999450744,ai_sparse_k9,9,0.16635997918983544
cleanStatic,holdout,93,92.99067332,5,6,2324516833,2325016833,5473818.774744,4689381.999450744,pg_scc_k9,9,0.09915705277884385
cleanStatic,holdout,93,92.99067332,5,6,2324516833,2325016833,5473818.774744,4689381.999450744,epl3,3,0.0074914539065499995
cleanStatic,holdout,93,92.99067332,5,6,2324516833,2325016833,5473818.774744,4689381.999450744,fixed9,9,0.11675820561793519
cleanStatic,holdout,93,92.99067332,5,6,2324516833,2325016833,5473818.774744,4689381.999450744,random1_k3,3,0.208372319635565
cleanStatic,holdout,93,92.99067332,5,6,2324516833,2325016833,5473818.774744,4689381.999450744,random2_k3,3,0.20830167617836107
cleanStatic,holdout,93,92.99067332,5,6,2324516833,2325016833,5473818.774744,4689381.999450744,random3_k3,3,0.40255681587085096
cleanStatic,holdout,93,92.99067332,5,6,2324516833,2325016833,5473818.774744,4689381.999450744,random4_k3,3,0.0808777549561281
cleanStatic,holdout,93,92.99067332,5,6,2324516833,2325016833,5473818.774744,4689381.999450744,random5_k3,3,0.21341421237182
cleanStatic,holdout,93,92.99067332,5,6,2324516833,2325016833,5473818.774744,4689381.999450744,random1_k5,5,0.12250952193877751
cleanStatic,holdout,93,92.99067332,5,6,2324516833,2325016833,5473818.774744,4689381.999450744,random2_k5,5,0.20095551646040005
cleanStatic,holdout,93,92.99067332,5,6,2324516833,2325016833,5473818.774744,4689381.999450744,random3_k5,5,0.013650583608075839
cleanStatic,holdout,93,92.99067332,5,6,2324516833,2325016833,5473818.774744,4689381.999450744,random4_k5,5,0.19829983270322196
cleanStatic,holdout,93,92.99067332,5,6,2324516833,2325016833,5473818.774744,4689381.999450744,random5_k5,5,0.14852840089862804
cleanStatic,holdout,93,92.99067332,5,6,2324516833,2325016833,5473818.774744,4689381.999450744,random1_k9,9,0.13685284988906699
cleanStatic,holdout,93,92.99067332,5,6,2324516833,2325016833,5473818.774744,4689381.999450744,random2_k9,9,0.19722735843696734
cleanStatic,holdout,93,92.99067332,5,6,2324516833,2325016833,5473818.774744,4689381.999450744,random3_k9,9,0.04581455014066144
cleanStatic,holdout,93,92.99067332,5,6,2324516833,2325016833,5473818.774744,4689381.999450744,random4_k9,9,0.15780656241978563
cleanStatic,holdout,93,92.99067332,5,6,2324516833,2325016833,5473818.774744,4689381.999450744,random5_k9,9,0.02740064447124789
cleanStatic,holdout,93,93.00314816,6,7,2324828704,2325328704,5481753.6867659995,4182270.2659937823,dense_two_source_glrt,187,0.08572819394704875
cleanStatic,holdout,93,93.00314816,6,7,2324828704,2325328704,5481753.6867659995,4182270.2659937823,dense_one_source_residual,187,0.7892620727008306
cleanStatic,holdout,93,93.00314816,6,7,2324828704,2325328704,5481753.6867659995,4182270.2659937823,raw_power_only,0,5481753.6867659995
cleanStatic,holdout,93,93.00314816,6,7,2324828704,2325328704,5481753.6867659995,4182270.2659937823,analytic_sparse_k3,3,0.3384292192266565
cleanStatic,holdout,93,93.00314816,6,7,2324828704,2325328704,5481753.6867659995,4182270.2659937823,uniform_k3,3,0.3833658871838179
cleanStatic,holdout,93,93.00314816,6,7,2324828704,2325328704,5481753.6867659995,4182270.2659937823,shuffled_k3,3,0.14447635850458554
cleanStatic,holdout,93,93.00314816,6,7,2324828704,2325328704,5481753.6867659995,4182270.2659937823,analytic_sparse_k5,5,0.4511560687453763
cleanStatic,holdout,93,93.00314816,6,7,2324828704,2325328704,5481753.6867659995,4182270.2659937823,uniform_k5,5,0.25469784046491095
cleanStatic,holdout,93,93.00314816,6,7,2324828704,2325328704,5481753.6867659995,4182270.2659937823,shuffled_k5,5,0.1705952033307004
cleanStatic,holdout,93,93.00314816,6,7,2324828704,2325328704,5481753.6867659995,4182270.2659937823,analytic_sparse_k9,9,0.2549895172111497
cleanStatic,holdout,93,93.00314816,6,7,2324828704,2325328704,5481753.6867659995,4182270.2659937823,uniform_k9,9,0.08215661305813053
cleanStatic,holdout,93,93.00314816,6,7,2324828704,2325328704,5481753.6867659995,4182270.2659937823,shuffled_k9,9,0.27221960747090485
cleanStatic,holdout,93,93.00314816,6,7,2324828704,2325328704,5481753.6867659995,4182270.2659937823,ai_sparse_k3,3,0.23882577323591855
cleanStatic,holdout,93,93.00314816,6,7,2324828704,2325328704,5481753.6867659995,4182270.2659937823,pg_scc_k3,3,0.5011672625413601
cleanStatic,holdout,93,93.00314816,6,7,2324828704,2325328704,5481753.6867659995,4182270.2659937823,ai_sparse_k5,5,0.22105260310167196
cleanStatic,holdout,93,93.00314816,6,7,2324828704,2325328704,5481753.6867659995,4182270.2659937823,pg_scc_k5,5,0.17462062615348378
cleanStatic,holdout,93,93.00314816,6,7,2324828704,2325328704,5481753.6867659995,4182270.2659937823,ai_sparse_k9,9,0.18263367680527276
cleanStatic,holdout,93,93.00314816,6,7,2324828704,2325328704,5481753.6867659995,4182270.2659937823,pg_scc_k9,9,0.20209995027130184
cleanStatic,holdout,93,93.00314816,6,7,2324828704,2325328704,5481753.6867659995,4182270.2659937823,epl3,3,0.8500380754921276
cleanStatic,holdout,93,93.00314816,6,7,2324828704,2325328704,5481753.6867659995,4182270.2659937823,fixed9,9,0.4869832373479177
cleanStatic,holdout,93,93.00314816,6,7,2324828704,2325328704,5481753.6867659995,4182270.2659937823,random1_k3,3,0.8617684716924132
cleanStatic,holdout,93,93.00314816,6,7,2324828704,2325328704,5481753.6867659995,4182270.2659937823,random2_k3,3,0.48169630306347355
cleanStatic,holdout,93,93.00314816,6,7,2324828704,2325328704,5481753.6867659995,4182270.2659937823,random3_k3,3,0.7310910403389369
cleanStatic,holdout,93,93.00314816,6,7,2324828704,2325328704,5481753.6867659995,4182270.2659937823,random4_k3,3,0.4555316854488518
cleanStatic,holdout,93,93.00314816,6,7,2324828704,2325328704,5481753.6867659995,4182270.2659937823,random5_k3,3,0.1849329873433525
cleanStatic,holdout,93,93.00314816,6,7,2324828704,2325328704,5481753.6867659995,4182270.2659937823,random1_k5,5,0.3343970773717156
cleanStatic,holdout,93,93.00314816,6,7,2324828704,2325328704,5481753.6867659995,4182270.2659937823,random2_k5,5,0.16747763008981012
cleanStatic,holdout,93,93.00314816,6,7,2324828704,2325328704,5481753.6867659995,4182270.2659937823,random3_k5,5,0.4981959384659265
cleanStatic,holdout,93,93.00314816,6,7,2324828704,2325328704,5481753.6867659995,4182270.2659937823,random4_k5,5,0.2333879772344647
cleanStatic,holdout,93,93.00314816,6,7,2324828704,2325328704,5481753.6867659995,4182270.2659937823,random5_k5,5,0.4088683491036044
cleanStatic,holdout,93,93.00314816,6,7,2324828704,2325328704,5481753.6867659995,4182270.2659937823,random1_k9,9,0.0797858822817049
cleanStatic,holdout,93,93.00314816,6,7,2324828704,2325328704,5481753.6867659995,4182270.2659937823,random2_k9,9,0.21441636810204961
cleanStatic,holdout,93,93.00314816,6,7,2324828704,2325328704,5481753.6867659995,4182270.2659937823,random3_k9,9,0.42274495451950006
cleanStatic,holdout,93,93.00314816,6,7,2324828704,2325328704,5481753.6867659995,4182270.2659937823,random4_k9,9,0.1687914557955226
cleanStatic,holdout,93,93.00314816,6,7,2324828704,2325328704,5481753.6867659995,4182270.2659937823,random5_k9,9,0.2833278990125026
cleanStatic,holdout,93,92.99035904,7,10,2324508976,2325008976,5472998.79215,2336871.6802495997,dense_two_source_glrt,187,0.19488890726222446
cleanStatic,holdout,93,92.99035904,7,10,2324508976,2325008976,5472998.79215,2336871.6802495997,dense_one_source_residual,187,1.9904206913124758
cleanStatic,holdout,93,92.99035904,7,10,2324508976,2325008976,5472998.79215,2336871.6802495997,raw_power_only,0,5472998.79215
cleanStatic,holdout,93,92.99035904,7,10,2324508976,2325008976,5472998.79215,2336871.6802495997,analytic_sparse_k3,3,0.48159456082743474
cleanStatic,holdout,93,92.99035904,7,10,2324508976,2325008976,5472998.79215,2336871.6802495997,uniform_k3,3,0.9064060948226974
cleanStatic,holdout,93,92.99035904,7,10,2324508976,2325008976,5472998.79215,2336871.6802495997,shuffled_k3,3,0.7415451761320488
cleanStatic,holdout,93,92.99035904,7,10,2324508976,2325008976,5472998.79215,2336871.6802495997,analytic_sparse_k5,5,0.27302892363722586
cleanStatic,holdout,93,92.99035904,7,10,2324508976,2325008976,5472998.79215,2336871.6802495997,uniform_k5,5,0.4090737542153766
cleanStatic,holdout,93,92.99035904,7,10,2324508976,2325008976,5472998.79215,2336871.6802495997,shuffled_k5,5,1.1461120064202455
cleanStatic,holdout,93,92.99035904,7,10,2324508976,2325008976,5472998.79215,2336871.6802495997,analytic_sparse_k9,9,0.3769627623792496
cleanStatic,holdout,93,92.99035904,7,10,2324508976,2325008976,5472998.79215,2336871.6802495997,uniform_k9,9,0.177888800038199
cleanStatic,holdout,93,92.99035904,7,10,2324508976,2325008976,5472998.79215,2336871.6802495997,shuffled_k9,9,0.4323562995292054
cleanStatic,holdout,93,92.99035904,7,10,2324508976,2325008976,5472998.79215,2336871.6802495997,ai_sparse_k3,3,0.3348167895118131
cleanStatic,holdout,93,92.99035904,7,10,2324508976,2325008976,5472998.79215,2336871.6802495997,pg_scc_k3,3,0.8520780760367671
cleanStatic,holdout,93,92.99035904,7,10,2324508976,2325008976,5472998.79215,2336871.6802495997,ai_sparse_k5,5,0.8474306976048226
cleanStatic,holdout,93,92.99035904,7,10,2324508976,2325008976,5472998.79215,2336871.6802495997,pg_scc_k5,5,0.11449547690736406
cleanStatic,holdout,93,92.99035904,7,10,2324508976,2325008976,5472998.79215,2336871.6802495997,ai_sparse_k9,9,0.6586176835281599
cleanStatic,holdout,93,92.99035904,7,10,2324508976,2325008976,5472998.79215,2336871.6802495997,pg_scc_k9,9,0.2246055562562462
cleanStatic,holdout,93,92.99035904,7,10,2324508976,2325008976,5472998.79215,2336871.6802495997,epl3,3,0.6203761427686105
cleanStatic,holdout,93,92.99035904,7,10,2324508976,2325008976,5472998.79215,2336871.6802495997,fixed9,9,0.619089589209564
cleanStatic,holdout,93,92.99035904,7,10,2324508976,2325008976,5472998.79215,2336871.6802495997,random1_k3,3,2.0264344911340695
cleanStatic,holdout,93,92.99035904,7,10,2324508976,2325008976,5472998.79215,2336871.6802495997,random2_k3,3,0.5895377502611712
cleanStatic,holdout,93,92.99035904,7,10,2324508976,2325008976,5472998.79215,2336871.6802495997,random3_k3,3,0.6008869552721057
cleanStatic,holdout,93,92.99035904,7,10,2324508976,2325008976,5472998.79215,2336871.6802495997,random4_k3,3,1.719516070965554
cleanStatic,holdout,93,92.99035904,7,10,2324508976,2325008976,5472998.79215,2336871.6802495997,random5_k3,3,0.2689591499785245
cleanStatic,holdout,93,92.99035904,7,10,2324508976,2325008976,5472998.79215,2336871.6802495997,random1_k5,5,0.4679095176707243
cleanStatic,holdout,93,92.99035904,7,10,2324508976,2325008976,5472998.79215,2336871.6802495997,random2_k5,5,0.3625542476234861
cleanStatic,holdout,93,92.99035904,7,10,2324508976,2325008976,5472998.79215,2336871.6802495997,random3_k5,5,0.20351021642093636
cleanStatic,holdout,93,92.99035904,7,10,2324508976,2325008976,5472998.79215,2336871.6802495997,random4_k5,5,1.4237235453708237
cleanStatic,holdout,93,92.99035904,7,10,2324508976,2325008976,5472998.79215,2336871.6802495997,random5_k5,5,0.5666339376854804
cleanStatic,holdout,93,92.99035904,7,10,2324508976,2325008976,5472998.79215,2336871.6802495997,random1_k9,9,0.615854714609966
cleanStatic,holdout,93,92.99035904,7,10,2324508976,2325008976,5472998.79215,2336871.6802495997,random2_k9,9,0.4260191608369463
cleanStatic,holdout,93,92.99035904,7,10,2324508976,2325008976,5472998.79215,2336871.6802495997,random3_k9,9,0.5262067387594596
cleanStatic,holdout,93,92.99035904,7,10,2324508976,2325008976,5472998.79215,2336871.6802495997,random4_k9,9,1.0460049729628986
cleanStatic,holdout,93,92.99035904,7,10,2324508976,2325008976,5472998.79215,2336871.6802495997,random5_k9,9,0.7661991375352094
cleanStatic,holdout,93,93.0046258,8,13,2324865645,2325365645,5484879.181694,6179943.079306349,dense_two_source_glrt,187,0.04156174181603743
cleanStatic,holdout,93,93.0046258,8,13,2324865645,2325365645,5484879.181694,6179943.079306349,dense_one_source_residual,187,0.26817214451773375
cleanStatic,holdout,93,93.0046258,8,13,2324865645,2325365645,5484879.181694,6179943.079306349,raw_power_only,0,5484879.181694
cleanStatic,holdout,93,93.0046258,8,13,2324865645,2325365645,5484879.181694,6179943.079306349,analytic_sparse_k3,3,0.04992879576877552
cleanStatic,holdout,93,93.0046258,8,13,2324865645,2325365645,5484879.181694,6179943.079306349,uniform_k3,3,0.044248811222838046
cleanStatic,holdout,93,93.0046258,8,13,2324865645,2325365645,5484879.181694,6179943.079306349,shuffled_k3,3,0.17559378626682498
cleanStatic,holdout,93,93.0046258,8,13,2324865645,2325365645,5484879.181694,6179943.079306349,analytic_sparse_k5,5,0.08385492880315255
cleanStatic,holdout,93,93.0046258,8,13,2324865645,2325365645,5484879.181694,6179943.079306349,uniform_k5,5,0.033470287014417725
cleanStatic,holdout,93,93.0046258,8,13,2324865645,2325365645,5484879.181694,6179943.079306349,shuffled_k5,5,0.14564146139512263
cleanStatic,holdout,93,93.0046258,8,13,2324865645,2325365645,5484879.181694,6179943.079306349,analytic_sparse_k9,9,0.08174148401009292
cleanStatic,holdout,93,93.0046258,8,13,2324865645,2325365645,5484879.181694,6179943.079306349,uniform_k9,9,0.02070985953667183
cleanStatic,holdout,93,93.0046258,8,13,2324865645,2325365645,5484879.181694,6179943.079306349,shuffled_k9,9,0.17848155001816496
cleanStatic,holdout,93,93.0046258,8,13,2324865645,2325365645,5484879.181694,6179943.079306349,ai_sparse_k3,3,0.2735132656224591
cleanStatic,holdout,93,93.0046258,8,13,2324865645,2325365645,5484879.181694,6179943.079306349,pg_scc_k3,3,0.27106736901526285
cleanStatic,holdout,93,93.0046258,8,13,2324865645,2325365645,5484879.181694,6179943.079306349,ai_sparse_k5,5,0.3480619113713369
cleanStatic,holdout,93,93.0046258,8,13,2324865645,2325365645,5484879.181694,6179943.079306349,pg_scc_k5,5,0.11365758230581005
cleanStatic,holdout,93,93.0046258,8,13,2324865645,2325365645,5484879.181694,6179943.079306349,ai_sparse_k9,9,0.2693254028730873
cleanStatic,holdout,93,93.0046258,8,13,2324865645,2325365645,5484879.181694,6179943.079306349,pg_scc_k9,9,0.09328836160381505
cleanStatic,holdout,93,93.0046258,8,13,2324865645,2325365645,5484879.181694,6179943.079306349,epl3,3,0.16193191895651157
cleanStatic,holdout,93,93.0046258,8,13,2324865645,2325365645,5484879.181694,6179943.079306349,fixed9,9,0.1663058507009607
cleanStatic,holdout,93,93.0046258,8,13,2324865645,2325365645,5484879.181694,6179943.079306349,random1_k3,3,0.18406989399266793
cleanStatic,holdout,93,93.0046258,8,13,2324865645,2325365645,5484879.181694,6179943.079306349,random2_k3,3,0.18515197170568862
cleanStatic,holdout,93,93.0046258,8,13,2324865645,2325365645,5484879.181694,6179943.079306349,random3_k3,3,0.043523090314566935
cleanStatic,holdout,93,93.0046258,8,13,2324865645,2325365645,5484879.181694,6179943.079306349,random4_k3,3,0.12585676003033638
cleanStatic,holdout,93,93.0046258,8,13,2324865645,2325365645,5484879.181694,6179943.079306349,random5_k3,3,0.06716991359692191
cleanStatic,holdout,93,93.0046258,8,13,2324865645,2325365645,5484879.181694,6179943.079306349,random1_k5,5,0.07688371726320709
cleanStatic,holdout,93,93.0046258,8,13,2324865645,2325365645,5484879.181694,6179943.079306349,random2_k5,5,0.012346894614937565
cleanStatic,holdout,93,93.0046258,8,13,2324865645,2325365645,5484879.181694,6179943.079306349,random3_k5,5,0.09128690002214117
cleanStatic,holdout,93,93.0046258,8,13,2324865645,2325365645,5484879.181694,6179943.079306349,random4_k5,5,0.14028035319551885
cleanStatic,holdout,93,93.0046258,8,13,2324865645,2325365645,5484879.181694,6179943.079306349,random5_k5,5,0.07707253670824032
cleanStatic,holdout,93,93.0046258,8,13,2324865645,2325365645,5484879.181694,6179943.079306349,random1_k9,9,0.16081544324279168
cleanStatic,holdout,93,93.0046258,8,13,2324865645,2325365645,5484879.181694,6179943.079306349,random2_k9,9,0.017782536061055437
cleanStatic,holdout,93,93.0046258,8,13,2324865645,2325365645,5484879.181694,6179943.079306349,random3_k9,9,0.0930872739077267
cleanStatic,holdout,93,93.0046258,8,13,2324865645,2325365645,5484879.181694,6179943.079306349,random4_k9,9,0.05559408796208561
cleanStatic,holdout,93,93.0046258,8,13,2324865645,2325365645,5484879.181694,6179943.079306349,random5_k9,9,0.11595079415195356
cleanStatic,holdout,93,92.99044128,9,19,2324511032,2325011032,5473705.475848,4565465.361452315,dense_two_source_glrt,187,0.22199790030191965
cleanStatic,holdout,93,92.99044128,9,19,2324511032,2325011032,5473705.475848,4565465.361452315,dense_one_source_residual,187,0.883767311440552
cleanStatic,holdout,93,92.99044128,9,19,2324511032,2325011032,5473705.475848,4565465.361452315,raw_power_only,0,5473705.475848
cleanStatic,holdout,93,92.99044128,9,19,2324511032,2325011032,5473705.475848,4565465.361452315,analytic_sparse_k3,3,0.15015906612906446
cleanStatic,holdout,93,92.99044128,9,19,2324511032,2325011032,5473705.475848,4565465.361452315,uniform_k3,3,0.14124107255917598
cleanStatic,holdout,93,92.99044128,9,19,2324511032,2325011032,5473705.475848,4565465.361452315,shuffled_k3,3,0.2795727498765115
cleanStatic,holdout,93,92.99044128,9,19,2324511032,2325011032,5473705.475848,4565465.361452315,analytic_sparse_k5,5,0.1401260159947125
cleanStatic,holdout,93,92.99044128,9,19,2324511032,2325011032,5473705.475848,4565465.361452315,uniform_k5,5,0.12177442733087696
cleanStatic,holdout,93,92.99044128,9,19,2324511032,2325011032,5473705.475848,4565465.361452315,shuffled_k5,5,0.15110823792746078
cleanStatic,holdout,93,92.99044128,9,19,2324511032,2325011032,5473705.475848,4565465.361452315,analytic_sparse_k9,9,0.4178641225935659
cleanStatic,holdout,93,92.99044128,9,19,2324511032,2325011032,5473705.475848,4565465.361452315,uniform_k9,9,0.10210516460341539
cleanStatic,holdout,93,92.99044128,9,19,2324511032,2325011032,5473705.475848,4565465.361452315,shuffled_k9,9,0.7988511651507898
cleanStatic,holdout,93,92.99044128,9,19,2324511032,2325011032,5473705.475848,4565465.361452315,ai_sparse_k3,3,1.2343159550832237
cleanStatic,holdout,93,92.99044128,9,19,2324511032,2325011032,5473705.475848,4565465.361452315,pg_scc_k3,3,1.7764989371258977
cleanStatic,holdout,93,92.99044128,9,19,2324511032,2325011032,5473705.475848,4565465.361452315,ai_sparse_k5,5,1.0931353551886616
cleanStatic,holdout,93,92.99044128,9,19,2324511032,2325011032,5473705.475848,4565465.361452315,pg_scc_k5,5,0.385112655126866
cleanStatic,holdout,93,92.99044128,9,19,2324511032,2325011032,5473705.475848,4565465.361452315,ai_sparse_k9,9,1.0359317729845188
cleanStatic,holdout,93,92.99044128,9,19,2324511032,2325011032,5473705.475848,4565465.361452315,pg_scc_k9,9,0.5237408211039847
cleanStatic,holdout,93,92.99044128,9,19,2324511032,2325011032,5473705.475848,4565465.361452315,epl3,3,0.2749940058915539
cleanStatic,holdout,93,92.99044128,9,19,2324511032,2325011032,5473705.475848,4565465.361452315,fixed9,9,0.6311019622563827
cleanStatic,holdout,93,92.99044128,9,19,2324511032,2325011032,5473705.475848,4565465.361452315,random1_k3,3,0.6227212743410512
cleanStatic,holdout,93,92.99044128,9,19,2324511032,2325011032,5473705.475848,4565465.361452315,random2_k3,3,0.33807570991464914
cleanStatic,holdout,93,92.99044128,9,19,2324511032,2325011032,5473705.475848,4565465.361452315,random3_k3,3,1.169652056729986
cleanStatic,holdout,93,92.99044128,9,19,2324511032,2325011032,5473705.475848,4565465.361452315,random4_k3,3,0.36589078312538864
cleanStatic,holdout,93,92.99044128,9,19,2324511032,2325011032,5473705.475848,4565465.361452315,random5_k3,3,0.37473435612712924
cleanStatic,holdout,93,92.99044128,9,19,2324511032,2325011032,5473705.475848,4565465.361452315,random1_k5,5,0.3987279200946345
cleanStatic,holdout,93,92.99044128,9,19,2324511032,2325011032,5473705.475848,4565465.361452315,random2_k5,5,0.5414364087459675
cleanStatic,holdout,93,92.99044128,9,19,2324511032,2325011032,5473705.475848,4565465.361452315,random3_k5,5,0.28850945833937813
cleanStatic,holdout,93,92.99044128,9,19,2324511032,2325011032,5473705.475848,4565465.361452315,random4_k5,5,0.42338617277256063
cleanStatic,holdout,93,92.99044128,9,19,2324511032,2325011032,5473705.475848,4565465.361452315,random5_k5,5,0.4789917877047798
cleanStatic,holdout,93,92.99044128,9,19,2324511032,2325011032,5473705.475848,4565465.361452315,random1_k9,9,0.6725081915313657
cleanStatic,holdout,93,92.99044128,9,19,2324511032,2325011032,5473705.475848,4565465.361452315,random2_k9,9,0.21159169637243488
cleanStatic,holdout,93,92.99044128,9,19,2324511032,2325011032,5473705.475848,4565465.361452315,random3_k9,9,0.1574554860428494
cleanStatic,holdout,93,92.99044128,9,19,2324511032,2325011032,5473705.475848,4565465.361452315,random4_k9,9,0.2983316616511584
cleanStatic,holdout,93,92.99044128,9,19,2324511032,2325011032,5473705.475848,4565465.361452315,random5_k9,9,0.28034663181354424
cleanStatic,holdout,93,93.0006278,10,23,2324765695,2325265695,5476402.715786001,6578167.711341726,dense_two_source_glrt,187,0.10643839949549304
cleanStatic,holdout,93,93.0006278,10,23,2324765695,2325265695,5476402.715786001,6578167.711341726,dense_one_source_residual,187,0.38261746903441995
cleanStatic,holdout,93,93.0006278,10,23,2324765695,2325265695,5476402.715786001,6578167.711341726,raw_power_only,0,5476402.715786001
cleanStatic,holdout,93,93.0006278,10,23,2324765695,2325265695,5476402.715786001,6578167.711341726,analytic_sparse_k3,3,0.07820085809167863
cleanStatic,holdout,93,93.0006278,10,23,2324765695,2325265695,5476402.715786001,6578167.711341726,uniform_k3,3,0.05707221715080918
cleanStatic,holdout,93,93.0006278,10,23,2324765695,2325265695,5476402.715786001,6578167.711341726,shuffled_k3,3,0.09676233490367632
cleanStatic,holdout,93,93.0006278,10,23,2324765695,2325265695,5476402.715786001,6578167.711341726,analytic_sparse_k5,5,0.10944996366817836
cleanStatic,holdout,93,93.0006278,10,23,2324765695,2325265695,5476402.715786001,6578167.711341726,uniform_k5,5,0.1251781753840111
cleanStatic,holdout,93,93.0006278,10,23,2324765695,2325265695,5476402.715786001,6578167.711341726,shuffled_k5,5,0.09349125518364483
cleanStatic,holdout,93,93.0006278,10,23,2324765695,2325265695,5476402.715786001,6578167.711341726,analytic_sparse_k9,9,0.06137610502680032
cleanStatic,holdout,93,93.0006278,10,23,2324765695,2325265695,5476402.715786001,6578167.711341726,uniform_k9,9,0.0681393528187191
cleanStatic,holdout,93,93.0006278,10,23,2324765695,2325265695,5476402.715786001,6578167.711341726,shuffled_k9,9,0.28507999253973243
cleanStatic,holdout,93,93.0006278,10,23,2324765695,2325265695,5476402.715786001,6578167.711341726,ai_sparse_k3,3,0.22235116949351064
cleanStatic,holdout,93,93.0006278,10,23,2324765695,2325265695,5476402.715786001,6578167.711341726,pg_scc_k3,3,0.30248081994460546
cleanStatic,holdout,93,93.0006278,10,23,2324765695,2325265695,5476402.715786001,6578167.711341726,ai_sparse_k5,5,0.2235272582421794
cleanStatic,holdout,93,93.0006278,10,23,2324765695,2325265695,5476402.715786001,6578167.711341726,pg_scc_k5,5,0.15271927362232543
cleanStatic,holdout,93,93.0006278,10,23,2324765695,2325265695,5476402.715786001,6578167.711341726,ai_sparse_k9,9,0.23550108182478036
cleanStatic,holdout,93,93.0006278,10,23,2324765695,2325265695,5476402.715786001,6578167.711341726,pg_scc_k9,9,0.11482124422938307
cleanStatic,holdout,93,93.0006278,10,23,2324765695,2325265695,5476402.715786001,6578167.711341726,epl3,3,0.5342206384781215
cleanStatic,holdout,93,93.0006278,10,23,2324765695,2325265695,5476402.715786001,6578167.711341726,fixed9,9,0.31325037907972075
cleanStatic,holdout,93,93.0006278,10,23,2324765695,2325265695,5476402.715786001,6578167.711341726,random1_k3,3,0.4095386510087084
cleanStatic,holdout,93,93.0006278,10,23,2324765695,2325265695,5476402.715786001,6578167.711341726,random2_k3,3,0.17338869056609185
cleanStatic,holdout,93,93.0006278,10,23,2324765695,2325265695,5476402.715786001,6578167.711341726,random3_k3,3,0.35085028134177126
cleanStatic,holdout,93,93.0006278,10,23,2324765695,2325265695,5476402.715786001,6578167.711341726,random4_k3,3,0.22725500163308995
cleanStatic,holdout,93,93.0006278,10,23,2324765695,2325265695,5476402.715786001,6578167.711341726,random5_k3,3,0.036928504330892266
cleanStatic,holdout,93,93.0006278,10,23,2324765695,2325265695,5476402.715786001,6578167.711341726,random1_k5,5,0.11856380786304066
cleanStatic,holdout,93,93.0006278,10,23,2324765695,2325265695,5476402.715786001,6578167.711341726,random2_k5,5,0.024210973171958305
cleanStatic,holdout,93,93.0006278,10,23,2324765695,2325265695,5476402.715786001,6578167.711341726,random3_k5,5,0.10276209990280556
cleanStatic,holdout,93,93.0006278,10,23,2324765695,2325265695,5476402.715786001,6578167.711341726,random4_k5,5,0.2787978654996334
cleanStatic,holdout,93,93.0006278,10,23,2324765695,2325265695,5476402.715786001,6578167.711341726,random5_k5,5,0.34422344142912636
cleanStatic,holdout,93,93.0006278,10,23,2324765695,2325265695,5476402.715786001,6578167.711341726,random1_k9,9,0.12466088506382168
cleanStatic,holdout,93,93.0006278,10,23,2324765695,2325265695,5476402.715786001,6578167.711341726,random2_k9,9,0.10056048267487025
cleanStatic,holdout,93,93.0006278,10,23,2324765695,2325265695,5476402.715786001,6578167.711341726,random3_k9,9,0.3380595327045668
cleanStatic,holdout,93,93.0006278,10,23,2324765695,2325265695,5476402.715786001,6578167.711341726,random4_k9,9,0.19800871827136202
cleanStatic,holdout,93,93.0006278,10,23,2324765695,2325265695,5476402.715786001,6578167.711341726,random5_k9,9,0.20452703949645656
cleanStatic,holdout,94,94.00437068,0,16,2349859267,2350359267,5557771.219982,5193424.354305755,dense_two_source_glrt,187,0.043071451352364426
cleanStatic,holdout,94,94.00437068,0,16,2349859267,2350359267,5557771.219982,5193424.354305755,dense_one_source_residual,187,0.31958271355657103
cleanStatic,holdout,94,94.00437068,0,16,2349859267,2350359267,5557771.219982,5193424.354305755,raw_power_only,0,5557771.219982
cleanStatic,holdout,94,94.00437068,0,16,2349859267,2350359267,5557771.219982,5193424.354305755,analytic_sparse_k3,3,0.09105591900713302
cleanStatic,holdout,94,94.00437068,0,16,2349859267,2350359267,5557771.219982,5193424.354305755,uniform_k3,3,0.29415914721697917
cleanStatic,holdout,94,94.00437068,0,16,2349859267,2350359267,5557771.219982,5193424.354305755,shuffled_k3,3,0.15717843214378568
cleanStatic,holdout,94,94.00437068,0,16,2349859267,2350359267,5557771.219982,5193424.354305755,analytic_sparse_k5,5,0.11968534224132758
cleanStatic,holdout,94,94.00437068,0,16,2349859267,2350359267,5557771.219982,5193424.354305755,uniform_k5,5,0.2524604489540765
cleanStatic,holdout,94,94.00437068,0,16,2349859267,2350359267,5557771.219982,5193424.354305755,shuffled_k5,5,0.10184167251332195
cleanStatic,holdout,94,94.00437068,0,16,2349859267,2350359267,5557771.219982,5193424.354305755,analytic_sparse_k9,9,0.13237121952145087
cleanStatic,holdout,94,94.00437068,0,16,2349859267,2350359267,5557771.219982,5193424.354305755,uniform_k9,9,0.07517377786338682
cleanStatic,holdout,94,94.00437068,0,16,2349859267,2350359267,5557771.219982,5193424.354305755,shuffled_k9,9,0.11290743592102245
cleanStatic,holdout,94,94.00437068,0,16,2349859267,2350359267,5557771.219982,5193424.354305755,ai_sparse_k3,3,0.3565975371171577
cleanStatic,holdout,94,94.00437068,0,16,2349859267,2350359267,5557771.219982,5193424.354305755,pg_scc_k3,3,0.018091869210413947
cleanStatic,holdout,94,94.00437068,0,16,2349859267,2350359267,5557771.219982,5193424.354305755,ai_sparse_k5,5,0.3837090004318527
cleanStatic,holdout,94,94.00437068,0,16,2349859267,2350359267,5557771.219982,5193424.354305755,pg_scc_k5,5,0.12503764965209826
cleanStatic,holdout,94,94.00437068,0,16,2349859267,2350359267,5557771.219982,5193424.354305755,ai_sparse_k9,9,0.08845900526534525
cleanStatic,holdout,94,94.00437068,0,16,2349859267,2350359267,5557771.219982,5193424.354305755,pg_scc_k9,9,0.04475537175214939
cleanStatic,holdout,94,94.00437068,0,16,2349859267,2350359267,5557771.219982,5193424.354305755,epl3,3,0.24138542311317004
cleanStatic,holdout,94,94.00437068,0,16,2349859267,2350359267,5557771.219982,5193424.354305755,fixed9,9,0.10313405712330002
cleanStatic,holdout,94,94.00437068,0,16,2349859267,2350359267,5557771.219982,5193424.354305755,random1_k3,3,0.24822212702924248
cleanStatic,holdout,94,94.00437068,0,16,2349859267,2350359267,5557771.219982,5193424.354305755,random2_k3,3,0.5121966172445128
cleanStatic,holdout,94,94.00437068,0,16,2349859267,2350359267,5557771.219982,5193424.354305755,random3_k3,3,0.03535375836255333
cleanStatic,holdout,94,94.00437068,0,16,2349859267,2350359267,5557771.219982,5193424.354305755,random4_k3,3,0.11031440856000237
cleanStatic,holdout,94,94.00437068,0,16,2349859267,2350359267,5557771.219982,5193424.354305755,random5_k3,3,0.16062892608855614
cleanStatic,holdout,94,94.00437068,0,16,2349859267,2350359267,5557771.219982,5193424.354305755,random1_k5,5,0.08525857425043189
cleanStatic,holdout,94,94.00437068,0,16,2349859267,2350359267,5557771.219982,5193424.354305755,random2_k5,5,0.1436658793608554
cleanStatic,holdout,94,94.00437068,0,16,2349859267,2350359267,5557771.219982,5193424.354305755,random3_k5,5,0.1920850932496822
cleanStatic,holdout,94,94.00437068,0,16,2349859267,2350359267,5557771.219982,5193424.354305755,random4_k5,5,0.07799394417651082
cleanStatic,holdout,94,94.00437068,0,16,2349859267,2350359267,5557771.219982,5193424.354305755,random5_k5,5,0.2928149869571939
cleanStatic,holdout,94,94.00437068,0,16,2349859267,2350359267,5557771.219982,5193424.354305755,random1_k9,9,0.19697795022066156
cleanStatic,holdout,94,94.00437068,0,16,2349859267,2350359267,5557771.219982,5193424.354305755,random2_k9,9,0.0974162742424638
cleanStatic,holdout,94,94.00437068,0,16,2349859267,2350359267,5557771.219982,5193424.354305755,random3_k9,9,0.08102812078776297
cleanStatic,holdout,94,94.00437068,0,16,2349859267,2350359267,5557771.219982,5193424.354305755,random4_k9,9,0.04855048811901129
cleanStatic,holdout,94,94.00437068,0,16,2349859267,2350359267,5557771.219982,5193424.354305755,random5_k9,9,0.14621179585612756
cleanStatic,holdout,94,93.99016544,1,8,2349504136,2350004136,5525248.799446,2012673.154380499,dense_two_source_glrt,187,0.2616970457847856
cleanStatic,holdout,94,93.99016544,1,8,2349504136,2350004136,5525248.799446,2012673.154380499,dense_one_source_residual,187,1.7652217103294423
cleanStatic,holdout,94,93.99016544,1,8,2349504136,2350004136,5525248.799446,2012673.154380499,raw_power_only,0,5525248.799446
cleanStatic,holdout,94,93.99016544,1,8,2349504136,2350004136,5525248.799446,2012673.154380499,analytic_sparse_k3,3,1.1598591310212625
cleanStatic,holdout,94,93.99016544,1,8,2349504136,2350004136,5525248.799446,2012673.154380499,uniform_k3,3,1.5016490221751422
cleanStatic,holdout,94,93.99016544,1,8,2349504136,2350004136,5525248.799446,2012673.154380499,shuffled_k3,3,0.18700343330877459
cleanStatic,holdout,94,93.99016544,1,8,2349504136,2350004136,5525248.799446,2012673.154380499,analytic_sparse_k5,5,0.8515476002406306
cleanStatic,holdout,94,93.99016544,1,8,2349504136,2350004136,5525248.799446,2012673.154380499,uniform_k5,5,1.188844923790253
cleanStatic,holdout,94,93.99016544,1,8,2349504136,2350004136,5525248.799446,2012673.154380499,shuffled_k5,5,0.8185050501975283
cleanStatic,holdout,94,93.99016544,1,8,2349504136,2350004136,5525248.799446,2012673.154380499,analytic_sparse_k9,9,0.8821521215003842
cleanStatic,holdout,94,93.99016544,1,8,2349504136,2350004136,5525248.799446,2012673.154380499,uniform_k9,9,0.32551659710146313
cleanStatic,holdout,94,93.99016544,1,8,2349504136,2350004136,5525248.799446,2012673.154380499,shuffled_k9,9,0.32366380599799566
cleanStatic,holdout,94,93.99016544,1,8,2349504136,2350004136,5525248.799446,2012673.154380499,ai_sparse_k3,3,0.12826805300171726
cleanStatic,holdout,94,93.99016544,1,8,2349504136,2350004136,5525248.799446,2012673.154380499,pg_scc_k3,3,0.004948803743667599
cleanStatic,holdout,94,93.99016544,1,8,2349504136,2350004136,5525248.799446,2012673.154380499,ai_sparse_k5,5,0.11109748354119056
cleanStatic,holdout,94,93.99016544,1,8,2349504136,2350004136,5525248.799446,2012673.154380499,pg_scc_k5,5,0.19377392381497321
cleanStatic,holdout,94,93.99016544,1,8,2349504136,2350004136,5525248.799446,2012673.154380499,ai_sparse_k9,9,0.18579299929937912
cleanStatic,holdout,94,93.99016544,1,8,2349504136,2350004136,5525248.799446,2012673.154380499,pg_scc_k9,9,0.124646319547528
cleanStatic,holdout,94,93.99016544,1,8,2349504136,2350004136,5525248.799446,2012673.154380499,epl3,3,0.5233230628153515
cleanStatic,holdout,94,93.99016544,1,8,2349504136,2350004136,5525248.799446,2012673.154380499,fixed9,9,0.2275076587763515
cleanStatic,holdout,94,93.99016544,1,8,2349504136,2350004136,5525248.799446,2012673.154380499,random1_k3,3,0.5571604717024431
cleanStatic,holdout,94,93.99016544,1,8,2349504136,2350004136,5525248.799446,2012673.154380499,random2_k3,3,0.9851512513284156
cleanStatic,holdout,94,93.99016544,1,8,2349504136,2350004136,5525248.799446,2012673.154380499,random3_k3,3,0.4232851695286546
cleanStatic,holdout,94,93.99016544,1,8,2349504136,2350004136,5525248.799446,2012673.154380499,random4_k3,3,1.6848668747322826
cleanStatic,holdout,94,93.99016544,1,8,2349504136,2350004136,5525248.799446,2012673.154380499,random5_k3,3,0.5398597557274126
cleanStatic,holdout,94,93.99016544,1,8,2349504136,2350004136,5525248.799446,2012673.154380499,random1_k5,5,0.3328125837503199
cleanStatic,holdout,94,93.99016544,1,8,2349504136,2350004136,5525248.799446,2012673.154380499,random2_k5,5,0.827555417255273
cleanStatic,holdout,94,93.99016544,1,8,2349504136,2350004136,5525248.799446,2012673.154380499,random3_k5,5,0.5312445056740647
cleanStatic,holdout,94,93.99016544,1,8,2349504136,2350004136,5525248.799446,2012673.154380499,random4_k5,5,0.28078848657404115
cleanStatic,holdout,94,93.99016544,1,8,2349504136,2350004136,5525248.799446,2012673.154380499,random5_k5,5,1.2733484206550023
cleanStatic,holdout,94,93.99016544,1,8,2349504136,2350004136,5525248.799446,2012673.154380499,random1_k9,9,0.23715577453235742
cleanStatic,holdout,94,93.99016544,1,8,2349504136,2350004136,5525248.799446,2012673.154380499,random2_k9,9,0.5696929015075894
cleanStatic,holdout,94,93.99016544,1,8,2349504136,2350004136,5525248.799446,2012673.154380499,random3_k9,9,0.44280867898505644
cleanStatic,holdout,94,93.99016544,1,8,2349504136,2350004136,5525248.799446,2012673.154380499,random4_k9,9,0.42091830116280093
cleanStatic,holdout,94,93.99016544,1,8,2349504136,2350004136,5525248.799446,2012673.154380499,random5_k9,9,0.11508101328526206
cleanStatic,holdout,94,94.00052436,2,3,2349763109,2350263109,5542584.8502319995,6117986.375072142,dense_two_source_glrt,187,0.039345962908589986
cleanStatic,holdout,94,94.00052436,2,3,2349763109,2350263109,5542584.8502319995,6117986.375072142,dense_one_source_residual,187,0.2868555911089238
cleanStatic,holdout,94,94.00052436,2,3,2349763109,2350263109,5542584.8502319995,6117986.375072142,raw_power_only,0,5542584.8502319995
cleanStatic,holdout,94,94.00052436,2,3,2349763109,2350263109,5542584.8502319995,6117986.375072142,analytic_sparse_k3,3,0.15756516642769594
cleanStatic,holdout,94,94.00052436,2,3,2349763109,2350263109,5542584.8502319995,6117986.375072142,uniform_k3,3,0.3019311641687492
cleanStatic,holdout,94,94.00052436,2,3,2349763109,2350263109,5542584.8502319995,6117986.375072142,shuffled_k3,3,0.25695699909024006
cleanStatic,holdout,94,94.00052436,2,3,2349763109,2350263109,5542584.8502319995,6117986.375072142,analytic_sparse_k5,5,0.11563358933264671
cleanStatic,holdout,94,94.00052436,2,3,2349763109,2350263109,5542584.8502319995,6117986.375072142,uniform_k5,5,0.09728935190618601
cleanStatic,holdout,94,94.00052436,2,3,2349763109,2350263109,5542584.8502319995,6117986.375072142,shuffled_k5,5,0.2978545583575765
cleanStatic,holdout,94,94.00052436,2,3,2349763109,2350263109,5542584.8502319995,6117986.375072142,analytic_sparse_k9,9,0.09876489465064771
cleanStatic,holdout,94,94.00052436,2,3,2349763109,2350263109,5542584.8502319995,6117986.375072142,uniform_k9,9,0.06317005618285308
cleanStatic,holdout,94,94.00052436,2,3,2349763109,2350263109,5542584.8502319995,6117986.375072142,shuffled_k9,9,0.053594424557251545
cleanStatic,holdout,94,94.00052436,2,3,2349763109,2350263109,5542584.8502319995,6117986.375072142,ai_sparse_k3,3,0.0824988993328876
cleanStatic,holdout,94,94.00052436,2,3,2349763109,2350263109,5542584.8502319995,6117986.375072142,pg_scc_k3,3,0.10315248238542031
cleanStatic,holdout,94,94.00052436,2,3,2349763109,2350263109,5542584.8502319995,6117986.375072142,ai_sparse_k5,5,0.025341232494380916
cleanStatic,holdout,94,94.00052436,2,3,2349763109,2350263109,5542584.8502319995,6117986.375072142,pg_scc_k5,5,0.09570545930468191
cleanStatic,holdout,94,94.00052436,2,3,2349763109,2350263109,5542584.8502319995,6117986.375072142,ai_sparse_k9,9,0.04152969665059376
cleanStatic,holdout,94,94.00052436,2,3,2349763109,2350263109,5542584.8502319995,6117986.375072142,pg_scc_k9,9,0.05851143767461495
cleanStatic,holdout,94,94.00052436,2,3,2349763109,2350263109,5542584.8502319995,6117986.375072142,epl3,3,0.28037113767075833
cleanStatic,holdout,94,94.00052436,2,3,2349763109,2350263109,5542584.8502319995,6117986.375072142,fixed9,9,0.051843929642142954
cleanStatic,holdout,94,94.00052436,2,3,2349763109,2350263109,5542584.8502319995,6117986.375072142,random1_k3,3,0.050944719295945455
cleanStatic,holdout,94,94.00052436,2,3,2349763109,2350263109,5542584.8502319995,6117986.375072142,random2_k3,3,0.3435261237963137
cleanStatic,holdout,94,94.00052436,2,3,2349763109,2350263109,5542584.8502319995,6117986.375072142,random3_k3,3,0.25846002685318287
cleanStatic,holdout,94,94.00052436,2,3,2349763109,2350263109,5542584.8502319995,6117986.375072142,random4_k3,3,0.0957782126549107
cleanStatic,holdout,94,94.00052436,2,3,2349763109,2350263109,5542584.8502319995,6117986.375072142,random5_k3,3,0.03541282040959079
cleanStatic,holdout,94,94.00052436,2,3,2349763109,2350263109,5542584.8502319995,6117986.375072142,random1_k5,5,0.07499124902804097
cleanStatic,holdout,94,94.00052436,2,3,2349763109,2350263109,5542584.8502319995,6117986.375072142,random2_k5,5,0.16750076331523628
cleanStatic,holdout,94,94.00052436,2,3,2349763109,2350263109,5542584.8502319995,6117986.375072142,random3_k5,5,0.09021089671814833
cleanStatic,holdout,94,94.00052436,2,3,2349763109,2350263109,5542584.8502319995,6117986.375072142,random4_k5,5,0.08731825855777162
cleanStatic,holdout,94,94.00052436,2,3,2349763109,2350263109,5542584.8502319995,6117986.375072142,random5_k5,5,0.23069243850163995
cleanStatic,holdout,94,94.00052436,2,3,2349763109,2350263109,5542584.8502319995,6117986.375072142,random1_k9,9,0.06207293387829263
cleanStatic,holdout,94,94.00052436,2,3,2349763109,2350263109,5542584.8502319995,6117986.375072142,random2_k9,9,0.03547313585125478
cleanStatic,holdout,94,94.00052436,2,3,2349763109,2350263109,5542584.8502319995,6117986.375072142,random3_k9,9,0.0663676796673931
cleanStatic,holdout,94,94.00052436,2,3,2349763109,2350263109,5542584.8502319995,6117986.375072142,random4_k9,9,0.09617858666537771
cleanStatic,holdout,94,94.00052436,2,3,2349763109,2350263109,5542584.8502319995,6117986.375072142,random5_k9,9,0.02523401860166024
cleanStatic,holdout,94,94.00542276,3,20,2349885569,2350385569,5554046.631372,2182211.5784821017,dense_two_source_glrt,187,0.311140603126422
cleanStatic,holdout,94,94.00542276,3,20,2349885569,2350385569,5554046.631372,2182211.5784821017,dense_one_source_residual,187,1.699542879401224
cleanStatic,holdout,94,94.00542276,3,20,2349885569,2350385569,5554046.631372,2182211.5784821017,raw_power_only,0,5554046.631372
cleanStatic,holdout,94,94.00542276,3,20,2349885569,2350385569,5554046.631372,2182211.5784821017,analytic_sparse_k3,3,1.75982311881753
cleanStatic,holdout,94,94.00542276,3,20,2349885569,2350385569,5554046.631372,2182211.5784821017,uniform_k3,3,1.4628422543165904
cleanStatic,holdout,94,94.00542276,3,20,2349885569,2350385569,5554046.631372,2182211.5784821017,shuffled_k3,3,0.9383030491089351
cleanStatic,holdout,94,94.00542276,3,20,2349885569,2350385569,5554046.631372,2182211.5784821017,analytic_sparse_k5,5,1.2477817430889009
cleanStatic,holdout,94,94.00542276,3,20,2349885569,2350385569,5554046.631372,2182211.5784821017,uniform_k5,5,1.4141236716160681
cleanStatic,holdout,94,94.00542276,3,20,2349885569,2350385569,5554046.631372,2182211.5784821017,shuffled_k5,5,0.564791268812811
cleanStatic,holdout,94,94.00542276,3,20,2349885569,2350385569,5554046.631372,2182211.5784821017,analytic_sparse_k9,9,0.4302630293868817
cleanStatic,holdout,94,94.00542276,3,20,2349885569,2350385569,5554046.631372,2182211.5784821017,uniform_k9,9,0.3737258692199913
cleanStatic,holdout,94,94.00542276,3,20,2349885569,2350385569,5554046.631372,2182211.5784821017,shuffled_k9,9,0.32731799057013244
cleanStatic,holdout,94,94.00542276,3,20,2349885569,2350385569,5554046.631372,2182211.5784821017,ai_sparse_k3,3,1.9959006726557738
cleanStatic,holdout,94,94.00542276,3,20,2349885569,2350385569,5554046.631372,2182211.5784821017,pg_scc_k3,3,0.26011068690750766
cleanStatic,holdout,94,94.00542276,3,20,2349885569,2350385569,5554046.631372,2182211.5784821017,ai_sparse_k5,5,2.123702003806211
cleanStatic,holdout,94,94.00542276,3,20,2349885569,2350385569,5554046.631372,2182211.5784821017,pg_scc_k5,5,0.9028632744625078
cleanStatic,holdout,94,94.00542276,3,20,2349885569,2350385569,5554046.631372,2182211.5784821017,ai_sparse_k9,9,1.218546517080838
cleanStatic,holdout,94,94.00542276,3,20,2349885569,2350385569,5554046.631372,2182211.5784821017,pg_scc_k9,9,0.6097993071446128
cleanStatic,holdout,94,94.00542276,3,20,2349885569,2350385569,5554046.631372,2182211.5784821017,epl3,3,0.31008777732647563
cleanStatic,holdout,94,94.00542276,3,20,2349885569,2350385569,5554046.631372,2182211.5784821017,fixed9,9,0.18223920500156351
cleanStatic,holdout,94,94.00542276,3,20,2349885569,2350385569,5554046.631372,2182211.5784821017,random1_k3,3,0.6215484926126622
cleanStatic,holdout,94,94.00542276,3,20,2349885569,2350385569,5554046.631372,2182211.5784821017,random2_k3,3,0.7234534004016034
cleanStatic,holdout,94,94.00542276,3,20,2349885569,2350385569,5554046.631372,2182211.5784821017,random3_k3,3,0.9429382922287813
cleanStatic,holdout,94,94.00542276,3,20,2349885569,2350385569,5554046.631372,2182211.5784821017,random4_k3,3,0.4537015673483893
cleanStatic,holdout,94,94.00542276,3,20,2349885569,2350385569,5554046.631372,2182211.5784821017,random5_k3,3,1.0363380279027972
cleanStatic,holdout,94,94.00542276,3,20,2349885569,2350385569,5554046.631372,2182211.5784821017,random1_k5,5,1.1853562297732279
cleanStatic,holdout,94,94.00542276,3,20,2349885569,2350385569,5554046.631372,2182211.5784821017,random2_k5,5,0.9510638996510812
cleanStatic,holdout,94,94.00542276,3,20,2349885569,2350385569,5554046.631372,2182211.5784821017,random3_k5,5,0.7364292923695362
cleanStatic,holdout,94,94.00542276,3,20,2349885569,2350385569,5554046.631372,2182211.5784821017,random4_k5,5,0.4635283356152729
cleanStatic,holdout,94,94.00542276,3,20,2349885569,2350385569,5554046.631372,2182211.5784821017,random5_k5,5,0.8236932050567599
cleanStatic,holdout,94,94.00542276,3,20,2349885569,2350385569,5554046.631372,2182211.5784821017,random1_k9,9,1.9329888093795395
cleanStatic,holdout,94,94.00542276,3,20,2349885569,2350385569,5554046.631372,2182211.5784821017,random2_k9,9,0.5110433946704254
cleanStatic,holdout,94,94.00542276,3,20,2349885569,2350385569,5554046.631372,2182211.5784821017,random3_k9,9,0.49329314565358534
cleanStatic,holdout,94,94.00542276,3,20,2349885569,2350385569,5554046.631372,2182211.5784821017,random4_k9,9,0.35028702705313425
cleanStatic,holdout,94,94.00542276,3,20,2349885569,2350385569,5554046.631372,2182211.5784821017,random5_k9,9,0.6897339793858445
cleanStatic,holdout,94,94.40474228,4,30,2359868557,2360368557,5565050.344039999,2487606.3089369796,dense_two_source_glrt,187,0.6529146707371221
cleanStatic,holdout,94,94.40474228,4,30,2359868557,2360368557,5565050.344039999,2487606.3089369796,dense_one_source_residual,187,1.8565161824056904
cleanStatic,holdout,94,94.40474228,4,30,2359868557,2360368557,5565050.344039999,2487606.3089369796,raw_power_only,0,5565050.344039999
cleanStatic,holdout,94,94.40474228,4,30,2359868557,2360368557,5565050.344039999,2487606.3089369796,analytic_sparse_k3,3,1.7613679078669549
cleanStatic,holdout,94,94.40474228,4,30,2359868557,2360368557,5565050.344039999,2487606.3089369796,uniform_k3,3,0.174703403583208
cleanStatic,holdout,94,94.40474228,4,30,2359868557,2360368557,5565050.344039999,2487606.3089369796,shuffled_k3,3,0.7328612199555776
cleanStatic,holdout,94,94.40474228,4,30,2359868557,2360368557,5565050.344039999,2487606.3089369796,analytic_sparse_k5,5,1.4512849058807515
cleanStatic,holdout,94,94.40474228,4,30,2359868557,2360368557,5565050.344039999,2487606.3089369796,uniform_k5,5,0.475225893386326
cleanStatic,holdout,94,94.40474228,4,30,2359868557,2360368557,5565050.344039999,2487606.3089369796,shuffled_k5,5,0.8730162256689586
cleanStatic,holdout,94,94.40474228,4,30,2359868557,2360368557,5565050.344039999,2487606.3089369796,analytic_sparse_k9,9,1.5259805075505282
cleanStatic,holdout,94,94.40474228,4,30,2359868557,2360368557,5565050.344039999,2487606.3089369796,uniform_k9,9,0.3756163110983496
cleanStatic,holdout,94,94.40474228,4,30,2359868557,2360368557,5565050.344039999,2487606.3089369796,shuffled_k9,9,1.049007614604606
cleanStatic,holdout,94,94.40474228,4,30,2359868557,2360368557,5565050.344039999,2487606.3089369796,ai_sparse_k3,3,1.188652975438579
cleanStatic,holdout,94,94.40474228,4,30,2359868557,2360368557,5565050.344039999,2487606.3089369796,pg_scc_k3,3,1.309560315907612
cleanStatic,holdout,94,94.40474228,4,30,2359868557,2360368557,5565050.344039999,2487606.3089369796,ai_sparse_k5,5,1.3136354286437557
cleanStatic,holdout,94,94.40474228,4,30,2359868557,2360368557,5565050.344039999,2487606.3089369796,pg_scc_k5,5,0.6985645884377479
cleanStatic,holdout,94,94.40474228,4,30,2359868557,2360368557,5565050.344039999,2487606.3089369796,ai_sparse_k9,9,1.1732673849007575
cleanStatic,holdout,94,94.40474228,4,30,2359868557,2360368557,5565050.344039999,2487606.3089369796,pg_scc_k9,9,0.6118869938423129
cleanStatic,holdout,94,94.40474228,4,30,2359868557,2360368557,5565050.344039999,2487606.3089369796,epl3,3,2.252194492434848
cleanStatic,holdout,94,94.40474228,4,30,2359868557,2360368557,5565050.344039999,2487606.3089369796,fixed9,9,1.7665908485286301
cleanStatic,holdout,94,94.40474228,4,30,2359868557,2360368557,5565050.344039999,2487606.3089369796,random1_k3,3,1.5723110442261359
cleanStatic,holdout,94,94.40474228,4,30,2359868557,2360368557,5565050.344039999,2487606.3089369796,random2_k3,3,0.48376032664234464
cleanStatic,holdout,94,94.40474228,4,30,2359868557,2360368557,5565050.344039999,2487606.3089369796,random3_k3,3,1.586410339055939
cleanStatic,holdout,94,94.40474228,4,30,2359868557,2360368557,5565050.344039999,2487606.3089369796,random4_k3,3,0.6711714543003469
cleanStatic,holdout,94,94.40474228,4,30,2359868557,2360368557,5565050.344039999,2487606.3089369796,random5_k3,3,0.9922018400428513
cleanStatic,holdout,94,94.40474228,4,30,2359868557,2360368557,5565050.344039999,2487606.3089369796,random1_k5,5,0.23162558658734161
cleanStatic,holdout,94,94.40474228,4,30,2359868557,2360368557,5565050.344039999,2487606.3089369796,random2_k5,5,1.3294513139896982
cleanStatic,holdout,94,94.40474228,4,30,2359868557,2360368557,5565050.344039999,2487606.3089369796,random3_k5,5,1.1746453774956902
cleanStatic,holdout,94,94.40474228,4,30,2359868557,2360368557,5565050.344039999,2487606.3089369796,random4_k5,5,1.820662210008678
cleanStatic,holdout,94,94.40474228,4,30,2359868557,2360368557,5565050.344039999,2487606.3089369796,random5_k5,5,0.7279082553976878
cleanStatic,holdout,94,94.40474228,4,30,2359868557,2360368557,5565050.344039999,2487606.3089369796,random1_k9,9,1.1635069254909611
cleanStatic,holdout,94,94.40474228,4,30,2359868557,2360368557,5565050.344039999,2487606.3089369796,random2_k9,9,0.9170290310288421
cleanStatic,holdout,94,94.40474228,4,30,2359868557,2360368557,5565050.344039999,2487606.3089369796,random3_k9,9,0.7860302296197923
cleanStatic,holdout,94,94.40474228,4,30,2359868557,2360368557,5565050.344039999,2487606.3089369796,random4_k9,9,0.8390815214640752
cleanStatic,holdout,94,94.40474228,4,30,2359868557,2360368557,5565050.344039999,2487606.3089369796,random5_k9,9,0.5635988221218438
cleanStatic,holdout,94,93.99067368,5,6,2349516842,2350016842,5524263.935466001,4643242.755683461,dense_two_source_glrt,187,0.03920971344283264
cleanStatic,holdout,94,93.99067368,5,6,2349516842,2350016842,5524263.935466001,4643242.755683461,dense_one_source_residual,187,0.2680341659050524
cleanStatic,holdout,94,93.99067368,5,6,2349516842,2350016842,5524263.935466001,4643242.755683461,raw_power_only,0,5524263.935466001
cleanStatic,holdout,94,93.99067368,5,6,2349516842,2350016842,5524263.935466001,4643242.755683461,analytic_sparse_k3,3,0.2512891585423418
cleanStatic,holdout,94,93.99067368,5,6,2349516842,2350016842,5524263.935466001,4643242.755683461,uniform_k3,3,0.42626892371884084
cleanStatic,holdout,94,93.99067368,5,6,2349516842,2350016842,5524263.935466001,4643242.755683461,shuffled_k3,3,0.26820034618723004
cleanStatic,holdout,94,93.99067368,5,6,2349516842,2350016842,5524263.935466001,4643242.755683461,analytic_sparse_k5,5,0.2629642978007346
cleanStatic,holdout,94,93.99067368,5,6,2349516842,2350016842,5524263.935466001,4643242.755683461,uniform_k5,5,0.2713008876858627
cleanStatic,holdout,94,93.99067368,5,6,2349516842,2350016842,5524263.935466001,4643242.755683461,shuffled_k5,5,0.1464731840263739
cleanStatic,holdout,94,93.99067368,5,6,2349516842,2350016842,5524263.935466001,4643242.755683461,analytic_sparse_k9,9,0.20024098052319916
cleanStatic,holdout,94,93.99067368,5,6,2349516842,2350016842,5524263.935466001,4643242.755683461,uniform_k9,9,0.05833541442787634
cleanStatic,holdout,94,93.99067368,5,6,2349516842,2350016842,5524263.935466001,4643242.755683461,shuffled_k9,9,0.12396590452731407
cleanStatic,holdout,94,93.99067368,5,6,2349516842,2350016842,5524263.935466001,4643242.755683461,ai_sparse_k3,3,0.2148507219080834
cleanStatic,holdout,94,93.99067368,5,6,2349516842,2350016842,5524263.935466001,4643242.755683461,pg_scc_k3,3,0.5412294918186881
cleanStatic,holdout,94,93.99067368,5,6,2349516842,2350016842,5524263.935466001,4643242.755683461,ai_sparse_k5,5,0.2030744635660729
cleanStatic,holdout,94,93.99067368,5,6,2349516842,2350016842,5524263.935466001,4643242.755683461,pg_scc_k5,5,0.18631489433739143
cleanStatic,holdout,94,93.99067368,5,6,2349516842,2350016842,5524263.935466001,4643242.755683461,ai_sparse_k9,9,0.08538626906296093
cleanStatic,holdout,94,93.99067368,5,6,2349516842,2350016842,5524263.935466001,4643242.755683461,pg_scc_k9,9,0.20487326368327363
cleanStatic,holdout,94,93.99067368,5,6,2349516842,2350016842,5524263.935466001,4643242.755683461,epl3,3,0.14943118357403662
cleanStatic,holdout,94,93.99067368,5,6,2349516842,2350016842,5524263.935466001,4643242.755683461,fixed9,9,0.1711332723521191
cleanStatic,holdout,94,93.99067368,5,6,2349516842,2350016842,5524263.935466001,4643242.755683461,random1_k3,3,0.2758201462315751
cleanStatic,holdout,94,93.99067368,5,6,2349516842,2350016842,5524263.935466001,4643242.755683461,random2_k3,3,0.2536921479014405
cleanStatic,holdout,94,93.99067368,5,6,2349516842,2350016842,5524263.935466001,4643242.755683461,random3_k3,3,0.3107537272426281
cleanStatic,holdout,94,93.99067368,5,6,2349516842,2350016842,5524263.935466001,4643242.755683461,random4_k3,3,0.12842008357404538
cleanStatic,holdout,94,93.99067368,5,6,2349516842,2350016842,5524263.935466001,4643242.755683461,random5_k3,3,0.14605520975807754
cleanStatic,holdout,94,93.99067368,5,6,2349516842,2350016842,5524263.935466001,4643242.755683461,random1_k5,5,0.11872555718566766
cleanStatic,holdout,94,93.99067368,5,6,2349516842,2350016842,5524263.935466001,4643242.755683461,random2_k5,5,0.22827889362156695
cleanStatic,holdout,94,93.99067368,5,6,2349516842,2350016842,5524263.935466001,4643242.755683461,random3_k5,5,0.10484629854500485
cleanStatic,holdout,94,93.99067368,5,6,2349516842,2350016842,5524263.935466001,4643242.755683461,random4_k5,5,0.31155231774264724
cleanStatic,holdout,94,93.99067368,5,6,2349516842,2350016842,5524263.935466001,4643242.755683461,random5_k5,5,0.04962349727714064
cleanStatic,holdout,94,93.99067368,5,6,2349516842,2350016842,5524263.935466001,4643242.755683461,random1_k9,9,0.21756573379312874
cleanStatic,holdout,94,93.99067368,5,6,2349516842,2350016842,5524263.935466001,4643242.755683461,random2_k9,9,0.16624238238188693
cleanStatic,holdout,94,93.99067368,5,6,2349516842,2350016842,5524263.935466001,4643242.755683461,random3_k9,9,0.017953482249591243
cleanStatic,holdout,94,93.99067368,5,6,2349516842,2350016842,5524263.935466001,4643242.755683461,random4_k9,9,0.006296735211569198
cleanStatic,holdout,94,93.99067368,5,6,2349516842,2350016842,5524263.935466001,4643242.755683461,random5_k9,9,0.12945590117135033
cleanStatic,holdout,94,93.990147,6,7,2349503675,2350003675,5525709.715116,4032874.889405798,dense_two_source_glrt,187,0.16086019734714394
cleanStatic,holdout,94,93.990147,6,7,2349503675,2350003675,5525709.715116,4032874.889405798,dense_one_source_residual,187,0.740242181312284
cleanStatic,holdout,94,93.990147,6,7,2349503675,2350003675,5525709.715116,4032874.889405798,raw_power_only,0,5525709.715116
cleanStatic,holdout,94,93.990147,6,7,2349503675,2350003675,5525709.715116,4032874.889405798,analytic_sparse_k3,3,0.2560056594509076
cleanStatic,holdout,94,93.990147,6,7,2349503675,2350003675,5525709.715116,4032874.889405798,uniform_k3,3,0.4414227511105752
cleanStatic,holdout,94,93.990147,6,7,2349503675,2350003675,5525709.715116,4032874.889405798,shuffled_k3,3,0.4279196617364425
cleanStatic,holdout,94,93.990147,6,7,2349503675,2350003675,5525709.715116,4032874.889405798,analytic_sparse_k5,5,0.1329625252543075
cleanStatic,holdout,94,93.990147,6,7,2349503675,2350003675,5525709.715116,4032874.889405798,uniform_k5,5,0.18669554397433746
cleanStatic,holdout,94,93.990147,6,7,2349503675,2350003675,5525709.715116,4032874.889405798,shuffled_k5,5,0.06395527856329494
cleanStatic,holdout,94,93.990147,6,7,2349503675,2350003675,5525709.715116,4032874.889405798,analytic_sparse_k9,9,0.09074917184378221
cleanStatic,holdout,94,93.990147,6,7,2349503675,2350003675,5525709.715116,4032874.889405798,uniform_k9,9,0.22127873799072223
cleanStatic,holdout,94,93.990147,6,7,2349503675,2350003675,5525709.715116,4032874.889405798,shuffled_k9,9,0.40029089912596394
cleanStatic,holdout,94,93.990147,6,7,2349503675,2350003675,5525709.715116,4032874.889405798,ai_sparse_k3,3,0.5838996732868894
cleanStatic,holdout,94,93.990147,6,7,2349503675,2350003675,5525709.715116,4032874.889405798,pg_scc_k3,3,0.029311230644201047
cleanStatic,holdout,94,93.990147,6,7,2349503675,2350003675,5525709.715116,4032874.889405798,ai_sparse_k5,5,0.5212848351279993
cleanStatic,holdout,94,93.990147,6,7,2349503675,2350003675,5525709.715116,4032874.889405798,pg_scc_k5,5,0.24509454984918944
cleanStatic,holdout,94,93.990147,6,7,2349503675,2350003675,5525709.715116,4032874.889405798,ai_sparse_k9,9,0.13494236362496398
cleanStatic,holdout,94,93.990147,6,7,2349503675,2350003675,5525709.715116,4032874.889405798,pg_scc_k9,9,0.12430434150569052
cleanStatic,holdout,94,93.990147,6,7,2349503675,2350003675,5525709.715116,4032874.889405798,epl3,3,0.8155197201748964
cleanStatic,holdout,94,93.990147,6,7,2349503675,2350003675,5525709.715116,4032874.889405798,fixed9,9,0.395300875051223
cleanStatic,holdout,94,93.990147,6,7,2349503675,2350003675,5525709.715116,4032874.889405798,random1_k3,3,0.10925014171219682
cleanStatic,holdout,94,93.990147,6,7,2349503675,2350003675,5525709.715116,4032874.889405798,random2_k3,3,0.01765236765761966
cleanStatic,holdout,94,93.990147,6,7,2349503675,2350003675,5525709.715116,4032874.889405798,random3_k3,3,0.5136066877879165
cleanStatic,holdout,94,93.990147,6,7,2349503675,2350003675,5525709.715116,4032874.889405798,random4_k3,3,0.652304967967276
cleanStatic,holdout,94,93.990147,6,7,2349503675,2350003675,5525709.715116,4032874.889405798,random5_k3,3,0.22366049294157772
cleanStatic,holdout,94,93.990147,6,7,2349503675,2350003675,5525709.715116,4032874.889405798,random1_k5,5,0.49848273863760256
cleanStatic,holdout,94,93.990147,6,7,2349503675,2350003675,5525709.715116,4032874.889405798,random2_k5,5,0.2535038098307066
cleanStatic,holdout,94,93.990147,6,7,2349503675,2350003675,5525709.715116,4032874.889405798,random3_k5,5,0.31594620539085605
cleanStatic,holdout,94,93.990147,6,7,2349503675,2350003675,5525709.715116,4032874.889405798,random4_k5,5,0.22858052071812412
cleanStatic,holdout,94,93.990147,6,7,2349503675,2350003675,5525709.715116,4032874.889405798,random5_k5,5,0.034254532721654664
cleanStatic,holdout,94,93.990147,6,7,2349503675,2350003675,5525709.715116,4032874.889405798,random1_k9,9,0.19439712613763213
cleanStatic,holdout,94,93.990147,6,7,2349503675,2350003675,5525709.715116,4032874.889405798,random2_k9,9,0.2460827524971824
cleanStatic,holdout,94,93.990147,6,7,2349503675,2350003675,5525709.715116,4032874.889405798,random3_k9,9,0.2876847553762547
cleanStatic,holdout,94,93.990147,6,7,2349503675,2350003675,5525709.715116,4032874.889405798,random4_k9,9,0.1474543187124241
cleanStatic,holdout,94,93.990147,6,7,2349503675,2350003675,5525709.715116,4032874.889405798,random5_k9,9,0.12879906073605904
cleanStatic,holdout,94,93.99035864,7,10,2349508966,2350008966,5524351.92484,2428618.5303545417,dense_two_source_glrt,187,0.509150409410683
cleanStatic,holdout,94,93.99035864,7,10,2349508966,2350008966,5524351.92484,2428618.5303545417,dense_one_source_residual,187,2.1644277559242036
cleanStatic,holdout,94,93.99035864,7,10,2349508966,2350008966,5524351.92484,2428618.5303545417,raw_power_only,0,5524351.92484
cleanStatic,holdout,94,93.99035864,7,10,2349508966,2350008966,5524351.92484,2428618.5303545417,analytic_sparse_k3,3,0.2503767506537797
cleanStatic,holdout,94,93.99035864,7,10,2349508966,2350008966,5524351.92484,2428618.5303545417,uniform_k3,3,0.5892941503333152
cleanStatic,holdout,94,93.99035864,7,10,2349508966,2350008966,5524351.92484,2428618.5303545417,shuffled_k3,3,0.5258632437781386
cleanStatic,holdout,94,93.99035864,7,10,2349508966,2350008966,5524351.92484,2428618.5303545417,analytic_sparse_k5,5,0.4378798055842691
cleanStatic,holdout,94,93.99035864,7,10,2349508966,2350008966,5524351.92484,2428618.5303545417,uniform_k5,5,0.7083658788607284
cleanStatic,holdout,94,93.99035864,7,10,2349508966,2350008966,5524351.92484,2428618.5303545417,shuffled_k5,5,0.6904080388472271
cleanStatic,holdout,94,93.99035864,7,10,2349508966,2350008966,5524351.92484,2428618.5303545417,analytic_sparse_k9,9,0.28340283462963595
cleanStatic,holdout,94,93.99035864,7,10,2349508966,2350008966,5524351.92484,2428618.5303545417,uniform_k9,9,0.2034693757961483
cleanStatic,holdout,94,93.99035864,7,10,2349508966,2350008966,5524351.92484,2428618.5303545417,shuffled_k9,9,2.0522663962501033
cleanStatic,holdout,94,93.99035864,7,10,2349508966,2350008966,5524351.92484,2428618.5303545417,ai_sparse_k3,3,1.2717356798008308
cleanStatic,holdout,94,93.99035864,7,10,2349508966,2350008966,5524351.92484,2428618.5303545417,pg_scc_k3,3,1.5497942080487421
cleanStatic,holdout,94,93.99035864,7,10,2349508966,2350008966,5524351.92484,2428618.5303545417,ai_sparse_k5,5,0.7943034878998251
cleanStatic,holdout,94,93.99035864,7,10,2349508966,2350008966,5524351.92484,2428618.5303545417,pg_scc_k5,5,0.5262800518606765
cleanStatic,holdout,94,93.99035864,7,10,2349508966,2350008966,5524351.92484,2428618.5303545417,ai_sparse_k9,9,1.153092185046559
cleanStatic,holdout,94,93.99035864,7,10,2349508966,2350008966,5524351.92484,2428618.5303545417,pg_scc_k9,9,0.8361844979661921
cleanStatic,holdout,94,93.99035864,7,10,2349508966,2350008966,5524351.92484,2428618.5303545417,epl3,3,2.452133653612115
cleanStatic,holdout,94,93.99035864,7,10,2349508966,2350008966,5524351.92484,2428618.5303545417,fixed9,9,1.3669671165980504
cleanStatic,holdout,94,93.99035864,7,10,2349508966,2350008966,5524351.92484,2428618.5303545417,random1_k3,3,0.1149188048479425
cleanStatic,holdout,94,93.99035864,7,10,2349508966,2350008966,5524351.92484,2428618.5303545417,random2_k3,3,0.8131572019941081
cleanStatic,holdout,94,93.99035864,7,10,2349508966,2350008966,5524351.92484,2428618.5303545417,random3_k3,3,3.1592817699392177
cleanStatic,holdout,94,93.99035864,7,10,2349508966,2350008966,5524351.92484,2428618.5303545417,random4_k3,3,1.817183376334583
cleanStatic,holdout,94,93.99035864,7,10,2349508966,2350008966,5524351.92484,2428618.5303545417,random5_k3,3,0.39337634222302825
cleanStatic,holdout,94,93.99035864,7,10,2349508966,2350008966,5524351.92484,2428618.5303545417,random1_k5,5,1.969245456149317
cleanStatic,holdout,94,93.99035864,7,10,2349508966,2350008966,5524351.92484,2428618.5303545417,random2_k5,5,0.8839704651643746
cleanStatic,holdout,94,93.99035864,7,10,2349508966,2350008966,5524351.92484,2428618.5303545417,random3_k5,5,0.6908711560471247
cleanStatic,holdout,94,93.99035864,7,10,2349508966,2350008966,5524351.92484,2428618.5303545417,random4_k5,5,2.4011820491368416
cleanStatic,holdout,94,93.99035864,7,10,2349508966,2350008966,5524351.92484,2428618.5303545417,random5_k5,5,1.0262311799232362
cleanStatic,holdout,94,93.99035864,7,10,2349508966,2350008966,5524351.92484,2428618.5303545417,random1_k9,9,1.1697030997884652
cleanStatic,holdout,94,93.99035864,7,10,2349508966,2350008966,5524351.92484,2428618.5303545417,random2_k9,9,0.455377050581652
cleanStatic,holdout,94,93.99035864,7,10,2349508966,2350008966,5524351.92484,2428618.5303545417,random3_k9,9,0.7194729065949197
cleanStatic,holdout,94,93.99035864,7,10,2349508966,2350008966,5524351.92484,2428618.5303545417,random4_k9,9,0.36832392191536834
cleanStatic,holdout,94,93.99035864,7,10,2349508966,2350008966,5524351.92484,2428618.5303545417,random5_k9,9,0.15583557043644822
cleanStatic,holdout,94,93.99062468,8,13,2349515617,2350015617,5524150.606922001,6115655.199947719,dense_two_source_glrt,187,0.031428179602128556
cleanStatic,holdout,94,93.99062468,8,13,2349515617,2350015617,5524150.606922001,6115655.199947719,dense_one_source_residual,187,0.18678315256113784
cleanStatic,holdout,94,93.99062468,8,13,2349515617,2350015617,5524150.606922001,6115655.199947719,raw_power_only,0,5524150.606922001
cleanStatic,holdout,94,93.99062468,8,13,2349515617,2350015617,5524150.606922001,6115655.199947719,analytic_sparse_k3,3,0.10898700421646522
cleanStatic,holdout,94,93.99062468,8,13,2349515617,2350015617,5524150.606922001,6115655.199947719,uniform_k3,3,0.09333119940666251
cleanStatic,holdout,94,93.99062468,8,13,2349515617,2350015617,5524150.606922001,6115655.199947719,shuffled_k3,3,0.11667512832480864
cleanStatic,holdout,94,93.99062468,8,13,2349515617,2350015617,5524150.606922001,6115655.199947719,analytic_sparse_k5,5,0.057614966565157875
cleanStatic,holdout,94,93.99062468,8,13,2349515617,2350015617,5524150.606922001,6115655.199947719,uniform_k5,5,0.07612435536691017
cleanStatic,holdout,94,93.99062468,8,13,2349515617,2350015617,5524150.606922001,6115655.199947719,shuffled_k5,5,0.08581789238637358
cleanStatic,holdout,94,93.99062468,8,13,2349515617,2350015617,5524150.606922001,6115655.199947719,analytic_sparse_k9,9,0.05316136525941744
cleanStatic,holdout,94,93.99062468,8,13,2349515617,2350015617,5524150.606922001,6115655.199947719,uniform_k9,9,0.025753499799128863
cleanStatic,holdout,94,93.99062468,8,13,2349515617,2350015617,5524150.606922001,6115655.199947719,shuffled_k9,9,0.03198012528158865
cleanStatic,holdout,94,93.99062468,8,13,2349515617,2350015617,5524150.606922001,6115655.199947719,ai_sparse_k3,3,0.18395067873985102
cleanStatic,holdout,94,93.99062468,8,13,2349515617,2350015617,5524150.606922001,6115655.199947719,pg_scc_k3,3,0.08338754017031398
cleanStatic,holdout,94,93.99062468,8,13,2349515617,2350015617,5524150.606922001,6115655.199947719,ai_sparse_k5,5,0.11008921784106902
cleanStatic,holdout,94,93.99062468,8,13,2349515617,2350015617,5524150.606922001,6115655.199947719,pg_scc_k5,5,0.07885759976390978
cleanStatic,holdout,94,93.99062468,8,13,2349515617,2350015617,5524150.606922001,6115655.199947719,ai_sparse_k9,9,0.16428298087457888
cleanStatic,holdout,94,93.99062468,8,13,2349515617,2350015617,5524150.606922001,6115655.199947719,pg_scc_k9,9,0.07651357563453615
cleanStatic,holdout,94,93.99062468,8,13,2349515617,2350015617,5524150.606922001,6115655.199947719,epl3,3,0.14446822132509055
cleanStatic,holdout,94,93.99062468,8,13,2349515617,2350015617,5524150.606922001,6115655.199947719,fixed9,9,0.023500005887649604
cleanStatic,holdout,94,93.99062468,8,13,2349515617,2350015617,5524150.606922001,6115655.199947719,random1_k3,3,0.1454847282734483
cleanStatic,holdout,94,93.99062468,8,13,2349515617,2350015617,5524150.606922001,6115655.199947719,random2_k3,3,0.09322292426143329
cleanStatic,holdout,94,93.99062468,8,13,2349515617,2350015617,5524150.606922001,6115655.199947719,random3_k3,3,0.17470668785422108
cleanStatic,holdout,94,93.99062468,8,13,2349515617,2350015617,5524150.606922001,6115655.199947719,random4_k3,3,0.09982948331204507
cleanStatic,holdout,94,93.99062468,8,13,2349515617,2350015617,5524150.606922001,6115655.199947719,random5_k3,3,0.06470505809935044
cleanStatic,holdout,94,93.99062468,8,13,2349515617,2350015617,5524150.606922001,6115655.199947719,random1_k5,5,0.02160401301306114
cleanStatic,holdout,94,93.99062468,8,13,2349515617,2350015617,5524150.606922001,6115655.199947719,random2_k5,5,0.011245737066962257
cleanStatic,holdout,94,93.99062468,8,13,2349515617,2350015617,5524150.606922001,6115655.199947719,random3_k5,5,0.06743896690249078
cleanStatic,holdout,94,93.99062468,8,13,2349515617,2350015617,5524150.606922001,6115655.199947719,random4_k5,5,0.08387643054643412
cleanStatic,holdout,94,93.99062468,8,13,2349515617,2350015617,5524150.606922001,6115655.199947719,random5_k5,5,0.03472225494147092
cleanStatic,holdout,94,93.99062468,8,13,2349515617,2350015617,5524150.606922001,6115655.199947719,random1_k9,9,0.03051322806503555
cleanStatic,holdout,94,93.99062468,8,13,2349515617,2350015617,5524150.606922001,6115655.199947719,random2_k9,9,0.05580566260873191
cleanStatic,holdout,94,93.99062468,8,13,2349515617,2350015617,5524150.606922001,6115655.199947719,random3_k9,9,0.056402257603597045
cleanStatic,holdout,94,93.99062468,8,13,2349515617,2350015617,5524150.606922001,6115655.199947719,random4_k9,9,0.13848422288380663
cleanStatic,holdout,94,93.99062468,8,13,2349515617,2350015617,5524150.606922001,6115655.199947719,random5_k9,9,0.14156140805128054
cleanStatic,holdout,94,94.0074396,9,19,2349935990,2350435990,5551868.349526,4586948.002757198,dense_two_source_glrt,187,0.13974011176169346
cleanStatic,holdout,94,94.0074396,9,19,2349935990,2350435990,5551868.349526,4586948.002757198,dense_one_source_residual,187,0.4699196795842525
cleanStatic,holdout,94,94.0074396,9,19,2349935990,2350435990,5551868.349526,4586948.002757198,raw_power_only,0,5551868.349526
cleanStatic,holdout,94,94.0074396,9,19,2349935990,2350435990,5551868.349526,4586948.002757198,analytic_sparse_k3,3,0.145743362023547
cleanStatic,holdout,94,94.0074396,9,19,2349935990,2350435990,5551868.349526,4586948.002757198,uniform_k3,3,0.1832975325808154
cleanStatic,holdout,94,94.0074396,9,19,2349935990,2350435990,5551868.349526,4586948.002757198,shuffled_k3,3,0.5366584070190241
cleanStatic,holdout,94,94.0074396,9,19,2349935990,2350435990,5551868.349526,4586948.002757198,analytic_sparse_k5,5,0.1327840911836555
cleanStatic,holdout,94,94.0074396,9,19,2349935990,2350435990,5551868.349526,4586948.002757198,uniform_k5,5,0.13800849612269683
cleanStatic,holdout,94,94.0074396,9,19,2349935990,2350435990,5551868.349526,4586948.002757198,shuffled_k5,5,0.08323205146403112
cleanStatic,holdout,94,94.0074396,9,19,2349935990,2350435990,5551868.349526,4586948.002757198,analytic_sparse_k9,9,0.24766054118074102
cleanStatic,holdout,94,94.0074396,9,19,2349935990,2350435990,5551868.349526,4586948.002757198,uniform_k9,9,0.12396567381361812
cleanStatic,holdout,94,94.0074396,9,19,2349935990,2350435990,5551868.349526,4586948.002757198,shuffled_k9,9,0.20633357551184517
cleanStatic,holdout,94,94.0074396,9,19,2349935990,2350435990,5551868.349526,4586948.002757198,ai_sparse_k3,3,0.7583126903672488
cleanStatic,holdout,94,94.0074396,9,19,2349935990,2350435990,5551868.349526,4586948.002757198,pg_scc_k3,3,0.7906253195160567
cleanStatic,holdout,94,94.0074396,9,19,2349935990,2350435990,5551868.349526,4586948.002757198,ai_sparse_k5,5,0.3269037482153942
cleanStatic,holdout,94,94.0074396,9,19,2349935990,2350435990,5551868.349526,4586948.002757198,pg_scc_k5,5,0.1237138066422581
cleanStatic,holdout,94,94.0074396,9,19,2349935990,2350435990,5551868.349526,4586948.002757198,ai_sparse_k9,9,0.23515387009870847
cleanStatic,holdout,94,94.0074396,9,19,2349935990,2350435990,5551868.349526,4586948.002757198,pg_scc_k9,9,0.2731968817100101
cleanStatic,holdout,94,94.0074396,9,19,2349935990,2350435990,5551868.349526,4586948.002757198,epl3,3,0.37815292846875526
cleanStatic,holdout,94,94.0074396,9,19,2349935990,2350435990,5551868.349526,4586948.002757198,fixed9,9,0.23306615582415033
cleanStatic,holdout,94,94.0074396,9,19,2349935990,2350435990,5551868.349526,4586948.002757198,random1_k3,3,0.291191794312378
cleanStatic,holdout,94,94.0074396,9,19,2349935990,2350435990,5551868.349526,4586948.002757198,random2_k3,3,0.09649292863557869
cleanStatic,holdout,94,94.0074396,9,19,2349935990,2350435990,5551868.349526,4586948.002757198,random3_k3,3,0.3027818064321015
cleanStatic,holdout,94,94.0074396,9,19,2349935990,2350435990,5551868.349526,4586948.002757198,random4_k3,3,0.17899352634021345
cleanStatic,holdout,94,94.0074396,9,19,2349935990,2350435990,5551868.349526,4586948.002757198,random5_k3,3,0.1507667500639663
cleanStatic,holdout,94,94.0074396,9,19,2349935990,2350435990,5551868.349526,4586948.002757198,random1_k5,5,0.22176690092360615
cleanStatic,holdout,94,94.0074396,9,19,2349935990,2350435990,5551868.349526,4586948.002757198,random2_k5,5,0.19230691724989404
cleanStatic,holdout,94,94.0074396,9,19,2349935990,2350435990,5551868.349526,4586948.002757198,random3_k5,5,0.5525268263163367
cleanStatic,holdout,94,94.0074396,9,19,2349935990,2350435990,5551868.349526,4586948.002757198,random4_k5,5,0.05034153939871683
cleanStatic,holdout,94,94.0074396,9,19,2349935990,2350435990,5551868.349526,4586948.002757198,random5_k5,5,0.18448398083647652
cleanStatic,holdout,94,94.0074396,9,19,2349935990,2350435990,5551868.349526,4586948.002757198,random1_k9,9,0.2987649932212325
cleanStatic,holdout,94,94.0074396,9,19,2349935990,2350435990,5551868.349526,4586948.002757198,random2_k9,9,0.15492008971228732
cleanStatic,holdout,94,94.0074396,9,19,2349935990,2350435990,5551868.349526,4586948.002757198,random3_k9,9,0.17056068216338385
cleanStatic,holdout,94,94.0074396,9,19,2349935990,2350435990,5551868.349526,4586948.002757198,random4_k9,9,0.21558302949933464
cleanStatic,holdout,94,94.0074396,9,19,2349935990,2350435990,5551868.349526,4586948.002757198,random5_k9,9,0.09300668963689358
cleanStatic,holdout,94,93.99062808,10,23,2349515702,2350015702,5524171.284274,6545144.717661101,dense_two_source_glrt,187,0.07821701755659186
cleanStatic,holdout,94,93.99062808,10,23,2349515702,2350015702,5524171.284274,6545144.717661101,dense_one_source_residual,187,0.2394422809546946
cleanStatic,holdout,94,93.99062808,10,23,2349515702,2350015702,5524171.284274,6545144.717661101,raw_power_only,0,5524171.284274
cleanStatic,holdout,94,93.99062808,10,23,2349515702,2350015702,5524171.284274,6545144.717661101,analytic_sparse_k3,3,0.06592099679088649
cleanStatic,holdout,94,93.99062808,10,23,2349515702,2350015702,5524171.284274,6545144.717661101,uniform_k3,3,0.1374947912494999
cleanStatic,holdout,94,93.99062808,10,23,2349515702,2350015702,5524171.284274,6545144.717661101,shuffled_k3,3,0.04983518372371159
cleanStatic,holdout,94,93.99062808,10,23,2349515702,2350015702,5524171.284274,6545144.717661101,analytic_sparse_k5,5,0.06638423520713277
cleanStatic,holdout,94,93.99062808,10,23,2349515702,2350015702,5524171.284274,6545144.717661101,uniform_k5,5,0.13153255113130086
cleanStatic,holdout,94,93.99062808,10,23,2349515702,2350015702,5524171.284274,6545144.717661101,shuffled_k5,5,0.05589793701451987
cleanStatic,holdout,94,93.99062808,10,23,2349515702,2350015702,5524171.284274,6545144.717661101,analytic_sparse_k9,9,0.044382686969554996
cleanStatic,holdout,94,93.99062808,10,23,2349515702,2350015702,5524171.284274,6545144.717661101,uniform_k9,9,0.02760550301445693
cleanStatic,holdout,94,93.99062808,10,23,2349515702,2350015702,5524171.284274,6545144.717661101,shuffled_k9,9,0.08220946216061115
cleanStatic,holdout,94,93.99062808,10,23,2349515702,2350015702,5524171.284274,6545144.717661101,ai_sparse_k3,3,0.04724383099068096
cleanStatic,holdout,94,93.99062808,10,23,2349515702,2350015702,5524171.284274,6545144.717661101,pg_scc_k3,3,0.03207431332575521
cleanStatic,holdout,94,93.99062808,10,23,2349515702,2350015702,5524171.284274,6545144.717661101,ai_sparse_k5,5,0.04353542636770084
cleanStatic,holdout,94,93.99062808,10,23,2349515702,2350015702,5524171.284274,6545144.717661101,pg_scc_k5,5,0.04917474165426429
cleanStatic,holdout,94,93.99062808,10,23,2349515702,2350015702,5524171.284274,6545144.717661101,ai_sparse_k9,9,0.11715356076857875
cleanStatic,holdout,94,93.99062808,10,23,2349515702,2350015702,5524171.284274,6545144.717661101,pg_scc_k9,9,0.059268578114458265
cleanStatic,holdout,94,93.99062808,10,23,2349515702,2350015702,5524171.284274,6545144.717661101,epl3,3,0.18453328278164383
cleanStatic,holdout,94,93.99062808,10,23,2349515702,2350015702,5524171.284274,6545144.717661101,fixed9,9,0.1414142629406213
cleanStatic,holdout,94,93.99062808,10,23,2349515702,2350015702,5524171.284274,6545144.717661101,random1_k3,3,0.20612118186179793
cleanStatic,holdout,94,93.99062808,10,23,2349515702,2350015702,5524171.284274,6545144.717661101,random2_k3,3,0.06168619175161291
cleanStatic,holdout,94,93.99062808,10,23,2349515702,2350015702,5524171.284274,6545144.717661101,random3_k3,3,0.2545204505014032
cleanStatic,holdout,94,93.99062808,10,23,2349515702,2350015702,5524171.284274,6545144.717661101,random4_k3,3,0.1453615167448861
cleanStatic,holdout,94,93.99062808,10,23,2349515702,2350015702,5524171.284274,6545144.717661101,random5_k3,3,0.17798656030624324
cleanStatic,holdout,94,93.99062808,10,23,2349515702,2350015702,5524171.284274,6545144.717661101,random1_k5,5,0.07262885554480403
cleanStatic,holdout,94,93.99062808,10,23,2349515702,2350015702,5524171.284274,6545144.717661101,random2_k5,5,0.02094055443848969
cleanStatic,holdout,94,93.99062808,10,23,2349515702,2350015702,5524171.284274,6545144.717661101,random3_k5,5,0.08154654487142286
cleanStatic,holdout,94,93.99062808,10,23,2349515702,2350015702,5524171.284274,6545144.717661101,random4_k5,5,0.22527239762590803
cleanStatic,holdout,94,93.99062808,10,23,2349515702,2350015702,5524171.284274,6545144.717661101,random5_k5,5,0.11527158164011841
cleanStatic,holdout,94,93.99062808,10,23,2349515702,2350015702,5524171.284274,6545144.717661101,random1_k9,9,0.048227546769907786
cleanStatic,holdout,94,93.99062808,10,23,2349515702,2350015702,5524171.284274,6545144.717661101,random2_k9,9,0.09235761525977665
cleanStatic,holdout,94,93.99062808,10,23,2349515702,2350015702,5524171.284274,6545144.717661101,random3_k9,9,0.17627647903254157
cleanStatic,holdout,94,93.99062808,10,23,2349515702,2350015702,5524171.284274,6545144.717661101,random4_k9,9,0.15929994672533518
cleanStatic,holdout,94,93.99062808,10,23,2349515702,2350015702,5524171.284274,6545144.717661101,random5_k9,9,0.20182487623834205
cleanStatic,holdout,96,95.99537424,0,16,2399634356,2400134356,5557337.004334,5292314.828486367,dense_two_source_glrt,187,0.03961877144318874
cleanStatic,holdout,96,95.99537424,0,16,2399634356,2400134356,5557337.004334,5292314.828486367,dense_one_source_residual,187,0.25576492825822417
cleanStatic,holdout,96,95.99537424,0,16,2399634356,2400134356,5557337.004334,5292314.828486367,raw_power_only,0,5557337.004334
cleanStatic,holdout,96,95.99537424,0,16,2399634356,2400134356,5557337.004334,5292314.828486367,analytic_sparse_k3,3,0.025383448945783673
cleanStatic,holdout,96,95.99537424,0,16,2399634356,2400134356,5557337.004334,5292314.828486367,uniform_k3,3,0.06406698819960356
cleanStatic,holdout,96,95.99537424,0,16,2399634356,2400134356,5557337.004334,5292314.828486367,shuffled_k3,3,0.02171866627483678
cleanStatic,holdout,96,95.99537424,0,16,2399634356,2400134356,5557337.004334,5292314.828486367,analytic_sparse_k5,5,0.027305526645241385
cleanStatic,holdout,96,95.99537424,0,16,2399634356,2400134356,5557337.004334,5292314.828486367,uniform_k5,5,0.048772586781568074
cleanStatic,holdout,96,95.99537424,0,16,2399634356,2400134356,5557337.004334,5292314.828486367,shuffled_k5,5,0.2556483286815313
cleanStatic,holdout,96,95.99537424,0,16,2399634356,2400134356,5557337.004334,5292314.828486367,analytic_sparse_k9,9,0.03292741651870787
cleanStatic,holdout,96,95.99537424,0,16,2399634356,2400134356,5557337.004334,5292314.828486367,uniform_k9,9,0.027437903499388547
cleanStatic,holdout,96,95.99537424,0,16,2399634356,2400134356,5557337.004334,5292314.828486367,shuffled_k9,9,0.13551733069887106
cleanStatic,holdout,96,95.99537424,0,16,2399634356,2400134356,5557337.004334,5292314.828486367,ai_sparse_k3,3,0.23400399219179893
cleanStatic,holdout,96,95.99537424,0,16,2399634356,2400134356,5557337.004334,5292314.828486367,pg_scc_k3,3,0.1944194304889316
cleanStatic,holdout,96,95.99537424,0,16,2399634356,2400134356,5557337.004334,5292314.828486367,ai_sparse_k5,5,0.04079545786086773
cleanStatic,holdout,96,95.99537424,0,16,2399634356,2400134356,5557337.004334,5292314.828486367,pg_scc_k5,5,0.11975049223184712
cleanStatic,holdout,96,95.99537424,0,16,2399634356,2400134356,5557337.004334,5292314.828486367,ai_sparse_k9,9,0.02594628298627651
cleanStatic,holdout,96,95.99537424,0,16,2399634356,2400134356,5557337.004334,5292314.828486367,pg_scc_k9,9,0.0957771808400423
cleanStatic,holdout,96,95.99537424,0,16,2399634356,2400134356,5557337.004334,5292314.828486367,epl3,3,0.2706382677476798
cleanStatic,holdout,96,95.99537424,0,16,2399634356,2400134356,5557337.004334,5292314.828486367,fixed9,9,0.2272592569869461
cleanStatic,holdout,96,95.99537424,0,16,2399634356,2400134356,5557337.004334,5292314.828486367,random1_k3,3,0.12521548970875715
cleanStatic,holdout,96,95.99537424,0,16,2399634356,2400134356,5557337.004334,5292314.828486367,random2_k3,3,0.010098125795633156
cleanStatic,holdout,96,95.99537424,0,16,2399634356,2400134356,5557337.004334,5292314.828486367,random3_k3,3,0.20551653703368147
cleanStatic,holdout,96,95.99537424,0,16,2399634356,2400134356,5557337.004334,5292314.828486367,random4_k3,3,0.034874972218833594
cleanStatic,holdout,96,95.99537424,0,16,2399634356,2400134356,5557337.004334,5292314.828486367,random5_k3,3,0.030063590121474817
cleanStatic,holdout,96,95.99537424,0,16,2399634356,2400134356,5557337.004334,5292314.828486367,random1_k5,5,0.05900432134028037
cleanStatic,holdout,96,95.99537424,0,16,2399634356,2400134356,5557337.004334,5292314.828486367,random2_k5,5,0.18717711295270517
cleanStatic,holdout,96,95.99537424,0,16,2399634356,2400134356,5557337.004334,5292314.828486367,random3_k5,5,0.039836907288271536
cleanStatic,holdout,96,95.99537424,0,16,2399634356,2400134356,5557337.004334,5292314.828486367,random4_k5,5,0.0616687856167414
cleanStatic,holdout,96,95.99537424,0,16,2399634356,2400134356,5557337.004334,5292314.828486367,random5_k5,5,0.10382176978679239
cleanStatic,holdout,96,95.99537424,0,16,2399634356,2400134356,5557337.004334,5292314.828486367,random1_k9,9,0.14087200598813693
cleanStatic,holdout,96,95.99537424,0,16,2399634356,2400134356,5557337.004334,5292314.828486367,random2_k9,9,0.017014900171919336
cleanStatic,holdout,96,95.99537424,0,16,2399634356,2400134356,5557337.004334,5292314.828486367,random3_k9,9,0.13524458905548686
cleanStatic,holdout,96,95.99537424,0,16,2399634356,2400134356,5557337.004334,5292314.828486367,random4_k9,9,0.04732354650547695
cleanStatic,holdout,96,95.99537424,0,16,2399634356,2400134356,5557337.004334,5292314.828486367,random5_k9,9,0.11369544366069498
cleanStatic,holdout,96,95.99016272,1,8,2399504068,2400004068,5554422.571208,2036682.1308192995,dense_two_source_glrt,187,1.4330309109335775
cleanStatic,holdout,96,95.99016272,1,8,2399504068,2400004068,5554422.571208,2036682.1308192995,dense_one_source_residual,187,4.296122810614132
cleanStatic,holdout,96,95.99016272,1,8,2399504068,2400004068,5554422.571208,2036682.1308192995,raw_power_only,0,5554422.571208
cleanStatic,holdout,96,95.99016272,1,8,2399504068,2400004068,5554422.571208,2036682.1308192995,analytic_sparse_k3,3,2.494467161875186
cleanStatic,holdout,96,95.99016272,1,8,2399504068,2400004068,5554422.571208,2036682.1308192995,uniform_k3,3,1.1339367411330497
cleanStatic,holdout,96,95.99016272,1,8,2399504068,2400004068,5554422.571208,2036682.1308192995,shuffled_k3,3,1.5360165646918897
cleanStatic,holdout,96,95.99016272,1,8,2399504068,2400004068,5554422.571208,2036682.1308192995,analytic_sparse_k5,5,1.4937423390046594
cleanStatic,holdout,96,95.99016272,1,8,2399504068,2400004068,5554422.571208,2036682.1308192995,uniform_k5,5,1.1032462957673879
cleanStatic,holdout,96,95.99016272,1,8,2399504068,2400004068,5554422.571208,2036682.1308192995,shuffled_k5,5,1.2228016925222494
cleanStatic,holdout,96,95.99016272,1,8,2399504068,2400004068,5554422.571208,2036682.1308192995,analytic_sparse_k9,9,0.6741465882736348
cleanStatic,holdout,96,95.99016272,1,8,2399504068,2400004068,5554422.571208,2036682.1308192995,uniform_k9,9,0.4893154070610528
cleanStatic,holdout,96,95.99016272,1,8,2399504068,2400004068,5554422.571208,2036682.1308192995,shuffled_k9,9,3.83633101591625
cleanStatic,holdout,96,95.99016272,1,8,2399504068,2400004068,5554422.571208,2036682.1308192995,ai_sparse_k3,3,3.2856128315206754
cleanStatic,holdout,96,95.99016272,1,8,2399504068,2400004068,5554422.571208,2036682.1308192995,pg_scc_k3,3,0.7715402801802558
cleanStatic,holdout,96,95.99016272,1,8,2399504068,2400004068,5554422.571208,2036682.1308192995,ai_sparse_k5,5,3.0403620543951893
cleanStatic,holdout,96,95.99016272,1,8,2399504068,2400004068,5554422.571208,2036682.1308192995,pg_scc_k5,5,1.5106467664879202
cleanStatic,holdout,96,95.99016272,1,8,2399504068,2400004068,5554422.571208,2036682.1308192995,ai_sparse_k9,9,0.47555125980709634
cleanStatic,holdout,96,95.99016272,1,8,2399504068,2400004068,5554422.571208,2036682.1308192995,pg_scc_k9,9,1.0925678532244574
cleanStatic,holdout,96,95.99016272,1,8,2399504068,2400004068,5554422.571208,2036682.1308192995,epl3,3,5.350908008619019
cleanStatic,holdout,96,95.99016272,1,8,2399504068,2400004068,5554422.571208,2036682.1308192995,fixed9,9,3.0043735186884772
cleanStatic,holdout,96,95.99016272,1,8,2399504068,2400004068,5554422.571208,2036682.1308192995,random1_k3,3,5.458580306347446
cleanStatic,holdout,96,95.99016272,1,8,2399504068,2400004068,5554422.571208,2036682.1308192995,random2_k3,3,2.3742041075721767
cleanStatic,holdout,96,95.99016272,1,8,2399504068,2400004068,5554422.571208,2036682.1308192995,random3_k3,3,5.193209757733537
cleanStatic,holdout,96,95.99016272,1,8,2399504068,2400004068,5554422.571208,2036682.1308192995,random4_k3,3,1.8884105297395408
cleanStatic,holdout,96,95.99016272,1,8,2399504068,2400004068,5554422.571208,2036682.1308192995,random5_k3,3,1.026891693263141
cleanStatic,holdout,96,95.99016272,1,8,2399504068,2400004068,5554422.571208,2036682.1308192995,random1_k5,5,1.6528543865583933
cleanStatic,holdout,96,95.99016272,1,8,2399504068,2400004068,5554422.571208,2036682.1308192995,random2_k5,5,0.9903089380723962
cleanStatic,holdout,96,95.99016272,1,8,2399504068,2400004068,5554422.571208,2036682.1308192995,random3_k5,5,0.5056899205730445
cleanStatic,holdout,96,95.99016272,1,8,2399504068,2400004068,5554422.571208,2036682.1308192995,random4_k5,5,2.050810371256874
cleanStatic,holdout,96,95.99016272,1,8,2399504068,2400004068,5554422.571208,2036682.1308192995,random5_k5,5,3.936530884471023
cleanStatic,holdout,96,95.99016272,1,8,2399504068,2400004068,5554422.571208,2036682.1308192995,random1_k9,9,1.8687976683282028
cleanStatic,holdout,96,95.99016272,1,8,2399504068,2400004068,5554422.571208,2036682.1308192995,random2_k9,9,1.0793131304422157
cleanStatic,holdout,96,95.99016272,1,8,2399504068,2400004068,5554422.571208,2036682.1308192995,random3_k9,9,3.0303312443350654
cleanStatic,holdout,96,95.99016272,1,8,2399504068,2400004068,5554422.571208,2036682.1308192995,random4_k9,9,2.925361301448429
cleanStatic,holdout,96,95.99016272,1,8,2399504068,2400004068,5554422.571208,2036682.1308192995,random5_k9,9,1.835609412894039
cleanStatic,holdout,96,95.99052348,2,3,2399513087,2400013087,5555239.224644,6161702.115089952,dense_two_source_glrt,187,0.022846215467565833
cleanStatic,holdout,96,95.99052348,2,3,2399513087,2400013087,5555239.224644,6161702.115089952,dense_one_source_residual,187,0.33275013306724677
cleanStatic,holdout,96,95.99052348,2,3,2399513087,2400013087,5555239.224644,6161702.115089952,raw_power_only,0,5555239.224644
cleanStatic,holdout,96,95.99052348,2,3,2399513087,2400013087,5555239.224644,6161702.115089952,analytic_sparse_k3,3,0.039159202365502126
cleanStatic,holdout,96,95.99052348,2,3,2399513087,2400013087,5555239.224644,6161702.115089952,uniform_k3,3,0.4366945303734024
cleanStatic,holdout,96,95.99052348,2,3,2399513087,2400013087,5555239.224644,6161702.115089952,shuffled_k3,3,0.3655912179895635
cleanStatic,holdout,96,95.99052348,2,3,2399513087,2400013087,5555239.224644,6161702.115089952,analytic_sparse_k5,5,0.1417343734647496
cleanStatic,holdout,96,95.99052348,2,3,2399513087,2400013087,5555239.224644,6161702.115089952,uniform_k5,5,0.21585483838543693
cleanStatic,holdout,96,95.99052348,2,3,2399513087,2400013087,5555239.224644,6161702.115089952,shuffled_k5,5,0.11716639782672807
cleanStatic,holdout,96,95.99052348,2,3,2399513087,2400013087,5555239.224644,6161702.115089952,analytic_sparse_k9,9,0.03136653851222556
cleanStatic,holdout,96,95.99052348,2,3,2399513087,2400013087,5555239.224644,6161702.115089952,uniform_k9,9,0.07685251107387393
cleanStatic,holdout,96,95.99052348,2,3,2399513087,2400013087,5555239.224644,6161702.115089952,shuffled_k9,9,0.07834354092531853
cleanStatic,holdout,96,95.99052348,2,3,2399513087,2400013087,5555239.224644,6161702.115089952,ai_sparse_k3,3,0.16427318872140703
cleanStatic,holdout,96,95.99052348,2,3,2399513087,2400013087,5555239.224644,6161702.115089952,pg_scc_k3,3,0.03321986308639535
cleanStatic,holdout,96,95.99052348,2,3,2399513087,2400013087,5555239.224644,6161702.115089952,ai_sparse_k5,5,0.218111942630936
cleanStatic,holdout,96,95.99052348,2,3,2399513087,2400013087,5555239.224644,6161702.115089952,pg_scc_k5,5,0.04146314027750404
cleanStatic,holdout,96,95.99052348,2,3,2399513087,2400013087,5555239.224644,6161702.115089952,ai_sparse_k9,9,0.1409097841340894
cleanStatic,holdout,96,95.99052348,2,3,2399513087,2400013087,5555239.224644,6161702.115089952,pg_scc_k9,9,0.08135277445170974
cleanStatic,holdout,96,95.99052348,2,3,2399513087,2400013087,5555239.224644,6161702.115089952,epl3,3,0.12420427647603725
cleanStatic,holdout,96,95.99052348,2,3,2399513087,2400013087,5555239.224644,6161702.115089952,fixed9,9,0.19582038923819153
cleanStatic,holdout,96,95.99052348,2,3,2399513087,2400013087,5555239.224644,6161702.115089952,random1_k3,3,0.04831984985549326
cleanStatic,holdout,96,95.99052348,2,3,2399513087,2400013087,5555239.224644,6161702.115089952,random2_k3,3,0.1258861409970389
cleanStatic,holdout,96,95.99052348,2,3,2399513087,2400013087,5555239.224644,6161702.115089952,random3_k3,3,0.09491919368638714
cleanStatic,holdout,96,95.99052348,2,3,2399513087,2400013087,5555239.224644,6161702.115089952,random4_k3,3,0.09174174396757245
cleanStatic,holdout,96,95.99052348,2,3,2399513087,2400013087,5555239.224644,6161702.115089952,random5_k3,3,0.06835993929692272
cleanStatic,holdout,96,95.99052348,2,3,2399513087,2400013087,5555239.224644,6161702.115089952,random1_k5,5,0.12754514319322052
cleanStatic,holdout,96,95.99052348,2,3,2399513087,2400013087,5555239.224644,6161702.115089952,random2_k5,5,0.06650610571315729
cleanStatic,holdout,96,95.99052348,2,3,2399513087,2400013087,5555239.224644,6161702.115089952,random3_k5,5,0.10700151397646436
cleanStatic,holdout,96,95.99052348,2,3,2399513087,2400013087,5555239.224644,6161702.115089952,random4_k5,5,0.07196634728694057
cleanStatic,holdout,96,95.99052348,2,3,2399513087,2400013087,5555239.224644,6161702.115089952,random5_k5,5,0.05951457588430379
cleanStatic,holdout,96,95.99052348,2,3,2399513087,2400013087,5555239.224644,6161702.115089952,random1_k9,9,0.097717443425473
cleanStatic,holdout,96,95.99052348,2,3,2399513087,2400013087,5555239.224644,6161702.115089952,random2_k9,9,0.03463540922359365
cleanStatic,holdout,96,95.99052348,2,3,2399513087,2400013087,5555239.224644,6161702.115089952,random3_k9,9,0.06058502504013777
cleanStatic,holdout,96,95.99052348,2,3,2399513087,2400013087,5555239.224644,6161702.115089952,random4_k9,9,0.07913900204409746
cleanStatic,holdout,96,95.99052348,2,3,2399513087,2400013087,5555239.224644,6161702.115089952,random5_k9,9,0.04204062209872977
cleanStatic,holdout,96,96.00242652,3,20,2399810663,2400310663,5550329.596340001,2057369.5960793165,dense_two_source_glrt,187,0.7649455921460159
cleanStatic,holdout,96,96.00242652,3,20,2399810663,2400310663,5550329.596340001,2057369.5960793165,dense_one_source_residual,187,4.6970672099992115
cleanStatic,holdout,96,96.00242652,3,20,2399810663,2400310663,5550329.596340001,2057369.5960793165,raw_power_only,0,5550329.596340001
cleanStatic,holdout,96,96.00242652,3,20,2399810663,2400310663,5550329.596340001,2057369.5960793165,analytic_sparse_k3,3,0.8098757272442539
cleanStatic,holdout,96,96.00242652,3,20,2399810663,2400310663,5550329.596340001,2057369.5960793165,uniform_k3,3,2.944524217206323
cleanStatic,holdout,96,96.00242652,3,20,2399810663,2400310663,5550329.596340001,2057369.5960793165,shuffled_k3,3,1.3051709623912353
cleanStatic,holdout,96,96.00242652,3,20,2399810663,2400310663,5550329.596340001,2057369.5960793165,analytic_sparse_k5,5,1.5818449671131531
cleanStatic,holdout,96,96.00242652,3,20,2399810663,2400310663,5550329.596340001,2057369.5960793165,uniform_k5,5,0.7421693186241122
cleanStatic,holdout,96,96.00242652,3,20,2399810663,2400310663,5550329.596340001,2057369.5960793165,shuffled_k5,5,2.605107163737178
cleanStatic,holdout,96,96.00242652,3,20,2399810663,2400310663,5550329.596340001,2057369.5960793165,analytic_sparse_k9,9,2.2744885577014884
cleanStatic,holdout,96,96.00242652,3,20,2399810663,2400310663,5550329.596340001,2057369.5960793165,uniform_k9,9,0.33906028883717454
cleanStatic,holdout,96,96.00242652,3,20,2399810663,2400310663,5550329.596340001,2057369.5960793165,shuffled_k9,9,1.7865102670402255
cleanStatic,holdout,96,96.00242652,3,20,2399810663,2400310663,5550329.596340001,2057369.5960793165,ai_sparse_k3,3,5.0059909026226554
cleanStatic,holdout,96,96.00242652,3,20,2399810663,2400310663,5550329.596340001,2057369.5960793165,pg_scc_k3,3,0.3106014299711488
cleanStatic,holdout,96,96.00242652,3,20,2399810663,2400310663,5550329.596340001,2057369.5960793165,ai_sparse_k5,5,5.446462150838397
cleanStatic,holdout,96,96.00242652,3,20,2399810663,2400310663,5550329.596340001,2057369.5960793165,pg_scc_k5,5,3.3170902051625353
cleanStatic,holdout,96,96.00242652,3,20,2399810663,2400310663,5550329.596340001,2057369.5960793165,ai_sparse_k9,9,4.446178689096618
cleanStatic,holdout,96,96.00242652,3,20,2399810663,2400310663,5550329.596340001,2057369.5960793165,pg_scc_k9,9,2.9875999419613897
cleanStatic,holdout,96,96.00242652,3,20,2399810663,2400310663,5550329.596340001,2057369.5960793165,epl3,3,4.817560326650075
cleanStatic,holdout,96,96.00242652,3,20,2399810663,2400310663,5550329.596340001,2057369.5960793165,fixed9,9,2.1809277517567334
cleanStatic,holdout,96,96.00242652,3,20,2399810663,2400310663,5550329.596340001,2057369.5960793165,random1_k3,3,2.2093668745134214
cleanStatic,holdout,96,96.00242652,3,20,2399810663,2400310663,5550329.596340001,2057369.5960793165,random2_k3,3,4.390506126601116
cleanStatic,holdout,96,96.00242652,3,20,2399810663,2400310663,5550329.596340001,2057369.5960793165,random3_k3,3,0.7055302697547053
cleanStatic,holdout,96,96.00242652,3,20,2399810663,2400310663,5550329.596340001,2057369.5960793165,random4_k3,3,1.8123824303572027
cleanStatic,holdout,96,96.00242652,3,20,2399810663,2400310663,5550329.596340001,2057369.5960793165,random5_k3,3,3.7158209428881794
cleanStatic,holdout,96,96.00242652,3,20,2399810663,2400310663,5550329.596340001,2057369.5960793165,random1_k5,5,2.352451039188783
cleanStatic,holdout,96,96.00242652,3,20,2399810663,2400310663,5550329.596340001,2057369.5960793165,random2_k5,5,1.1573296861740423
cleanStatic,holdout,96,96.00242652,3,20,2399810663,2400310663,5550329.596340001,2057369.5960793165,random3_k5,5,1.1757838822995605
cleanStatic,holdout,96,96.00242652,3,20,2399810663,2400310663,5550329.596340001,2057369.5960793165,random4_k5,5,2.4886717060996935
cleanStatic,holdout,96,96.00242652,3,20,2399810663,2400310663,5550329.596340001,2057369.5960793165,random5_k5,5,2.4453420293298214
cleanStatic,holdout,96,96.00242652,3,20,2399810663,2400310663,5550329.596340001,2057369.5960793165,random1_k9,9,3.726476027726678
cleanStatic,holdout,96,96.00242652,3,20,2399810663,2400310663,5550329.596340001,2057369.5960793165,random2_k9,9,1.3636564394311534
cleanStatic,holdout,96,96.00242652,3,20,2399810663,2400310663,5550329.596340001,2057369.5960793165,random3_k9,9,2.4023879809466937
cleanStatic,holdout,96,96.00242652,3,20,2399810663,2400310663,5550329.596340001,2057369.5960793165,random4_k9,9,1.2818515880968584
cleanStatic,holdout,96,96.00242652,3,20,2399810663,2400310663,5550329.596340001,2057369.5960793165,random5_k9,9,2.340944151591387
cleanStatic,holdout,96,96.20974608,4,30,2404993652,2405493652,5534346.582905999,2297007.574730146,dense_two_source_glrt,187,0.5327512898372851
cleanStatic,holdout,96,96.20974608,4,30,2404993652,2405493652,5534346.582905999,2297007.574730146,dense_one_source_residual,187,2.546487558841677
cleanStatic,holdout,96,96.20974608,4,30,2404993652,2405493652,5534346.582905999,2297007.574730146,raw_power_only,0,5534346.582905999
cleanStatic,holdout,96,96.20974608,4,30,2404993652,2405493652,5534346.582905999,2297007.574730146,analytic_sparse_k3,3,0.4165011219791148
cleanStatic,holdout,96,96.20974608,4,30,2404993652,2405493652,5534346.582905999,2297007.574730146,uniform_k3,3,2.0902190806376666
cleanStatic,holdout,96,96.20974608,4,30,2404993652,2405493652,5534346.582905999,2297007.574730146,shuffled_k3,3,0.8290273299616118
cleanStatic,holdout,96,96.20974608,4,30,2404993652,2405493652,5534346.582905999,2297007.574730146,analytic_sparse_k5,5,1.3342563690770182
cleanStatic,holdout,96,96.20974608,4,30,2404993652,2405493652,5534346.582905999,2297007.574730146,uniform_k5,5,0.40863844682135736
cleanStatic,holdout,96,96.20974608,4,30,2404993652,2405493652,5534346.582905999,2297007.574730146,shuffled_k5,5,0.8534840216963424
cleanStatic,holdout,96,96.20974608,4,30,2404993652,2405493652,5534346.582905999,2297007.574730146,analytic_sparse_k9,9,1.6070678714659534
cleanStatic,holdout,96,96.20974608,4,30,2404993652,2405493652,5534346.582905999,2297007.574730146,uniform_k9,9,0.19472305857281333
cleanStatic,holdout,96,96.20974608,4,30,2404993652,2405493652,5534346.582905999,2297007.574730146,shuffled_k9,9,1.6564754695512036
cleanStatic,holdout,96,96.20974608,4,30,2404993652,2405493652,5534346.582905999,2297007.574730146,ai_sparse_k3,3,2.0739207090825276
cleanStatic,holdout,96,96.20974608,4,30,2404993652,2405493652,5534346.582905999,2297007.574730146,pg_scc_k3,3,2.124367466178131
cleanStatic,holdout,96,96.20974608,4,30,2404993652,2405493652,5534346.582905999,2297007.574730146,ai_sparse_k5,5,0.6401226684688076
cleanStatic,holdout,96,96.20974608,4,30,2404993652,2405493652,5534346.582905999,2297007.574730146,pg_scc_k5,5,1.2433564575267342
cleanStatic,holdout,96,96.20974608,4,30,2404993652,2405493652,5534346.582905999,2297007.574730146,ai_sparse_k9,9,0.3928734544162956
cleanStatic,holdout,96,96.20974608,4,30,2404993652,2405493652,5534346.582905999,2297007.574730146,pg_scc_k9,9,1.0009310739283606
cleanStatic,holdout,96,96.20974608,4,30,2404993652,2405493652,5534346.582905999,2297007.574730146,epl3,3,2.8121316544530166
cleanStatic,holdout,96,96.20974608,4,30,2404993652,2405493652,5534346.582905999,2297007.574730146,fixed9,9,1.9258414198251192
cleanStatic,holdout,96,96.20974608,4,30,2404993652,2405493652,5534346.582905999,2297007.574730146,random1_k3,3,1.1787372082599121
cleanStatic,holdout,96,96.20974608,4,30,2404993652,2405493652,5534346.582905999,2297007.574730146,random2_k3,3,0.9327644107060656
cleanStatic,holdout,96,96.20974608,4,30,2404993652,2405493652,5534346.582905999,2297007.574730146,random3_k3,3,2.2227637569449623
cleanStatic,holdout,96,96.20974608,4,30,2404993652,2405493652,5534346.582905999,2297007.574730146,random4_k3,3,0.8164234474188223
cleanStatic,holdout,96,96.20974608,4,30,2404993652,2405493652,5534346.582905999,2297007.574730146,random5_k3,3,1.4643604523476206
cleanStatic,holdout,96,96.20974608,4,30,2404993652,2405493652,5534346.582905999,2297007.574730146,random1_k5,5,0.9820571934013114
cleanStatic,holdout,96,96.20974608,4,30,2404993652,2405493652,5534346.582905999,2297007.574730146,random2_k5,5,2.0007751216511487
cleanStatic,holdout,96,96.20974608,4,30,2404993652,2405493652,5534346.582905999,2297007.574730146,random3_k5,5,1.714098138338835
cleanStatic,holdout,96,96.20974608,4,30,2404993652,2405493652,5534346.582905999,2297007.574730146,random4_k5,5,0.6639777678649837
cleanStatic,holdout,96,96.20974608,4,30,2404993652,2405493652,5534346.582905999,2297007.574730146,random5_k5,5,1.6686932536071648
cleanStatic,holdout,96,96.20974608,4,30,2404993652,2405493652,5534346.582905999,2297007.574730146,random1_k9,9,1.102517028280242
cleanStatic,holdout,96,96.20974608,4,30,2404993652,2405493652,5534346.582905999,2297007.574730146,random2_k9,9,0.5329823008099801
cleanStatic,holdout,96,96.20974608,4,30,2404993652,2405493652,5534346.582905999,2297007.574730146,random3_k9,9,0.5798035542422737
cleanStatic,holdout,96,96.20974608,4,30,2404993652,2405493652,5534346.582905999,2297007.574730146,random4_k9,9,0.8303404662365325
cleanStatic,holdout,96,96.20974608,4,30,2404993652,2405493652,5534346.582905999,2297007.574730146,random5_k9,9,0.6292096177527894
cleanStatic,holdout,96,95.9906744,5,6,2399516860,2400016860,5552359.721712,4612826.686539458,dense_two_source_glrt,187,0.07529223198232936
cleanStatic,holdout,96,95.9906744,5,6,2399516860,2400016860,5552359.721712,4612826.686539458,dense_one_source_residual,187,0.48020893456209274
cleanStatic,holdout,96,95.9906744,5,6,2399516860,2400016860,5552359.721712,4612826.686539458,raw_power_only,0,5552359.721712
cleanStatic,holdout,96,95.9906744,5,6,2399516860,2400016860,5552359.721712,4612826.686539458,analytic_sparse_k3,3,0.05891252892657278
cleanStatic,holdout,96,95.9906744,5,6,2399516860,2400016860,5552359.721712,4612826.686539458,uniform_k3,3,0.4564647717230172
cleanStatic,holdout,96,95.9906744,5,6,2399516860,2400016860,5552359.721712,4612826.686539458,shuffled_k3,3,0.13334843766503304
cleanStatic,holdout,96,95.9906744,5,6,2399516860,2400016860,5552359.721712,4612826.686539458,analytic_sparse_k5,5,0.18326417174731607
cleanStatic,holdout,96,95.9906744,5,6,2399516860,2400016860,5552359.721712,4612826.686539458,uniform_k5,5,0.2833883984429787
cleanStatic,holdout,96,95.9906744,5,6,2399516860,2400016860,5552359.721712,4612826.686539458,shuffled_k5,5,0.6872047772520206
cleanStatic,holdout,96,95.9906744,5,6,2399516860,2400016860,5552359.721712,4612826.686539458,analytic_sparse_k9,9,0.151253002733501
cleanStatic,holdout,96,95.9906744,5,6,2399516860,2400016860,5552359.721712,4612826.686539458,uniform_k9,9,0.09066795992421417
cleanStatic,holdout,96,95.9906744,5,6,2399516860,2400016860,5552359.721712,4612826.686539458,shuffled_k9,9,0.05929538227064649
cleanStatic,holdout,96,95.9906744,5,6,2399516860,2400016860,5552359.721712,4612826.686539458,ai_sparse_k3,3,0.09673573868730086
cleanStatic,holdout,96,95.9906744,5,6,2399516860,2400016860,5552359.721712,4612826.686539458,pg_scc_k3,3,0.08346502895317016
cleanStatic,holdout,96,95.9906744,5,6,2399516860,2400016860,5552359.721712,4612826.686539458,ai_sparse_k5,5,0.11312106883508614
cleanStatic,holdout,96,95.9906744,5,6,2399516860,2400016860,5552359.721712,4612826.686539458,pg_scc_k5,5,0.022551018304068117
cleanStatic,holdout,96,95.9906744,5,6,2399516860,2400016860,5552359.721712,4612826.686539458,ai_sparse_k9,9,0.036145929404645755
cleanStatic,holdout,96,95.9906744,5,6,2399516860,2400016860,5552359.721712,4612826.686539458,pg_scc_k9,9,0.012636317272064367
cleanStatic,holdout,96,95.9906744,5,6,2399516860,2400016860,5552359.721712,4612826.686539458,epl3,3,0.26743466400397564
cleanStatic,holdout,96,95.9906744,5,6,2399516860,2400016860,5552359.721712,4612826.686539458,fixed9,9,0.03289201991601873
cleanStatic,holdout,96,95.9906744,5,6,2399516860,2400016860,5552359.721712,4612826.686539458,random1_k3,3,0.22746125767493983
cleanStatic,holdout,96,95.9906744,5,6,2399516860,2400016860,5552359.721712,4612826.686539458,random2_k3,3,0.1640548901949846
cleanStatic,holdout,96,95.9906744,5,6,2399516860,2400016860,5552359.721712,4612826.686539458,random3_k3,3,0.24968610993306029
cleanStatic,holdout,96,95.9906744,5,6,2399516860,2400016860,5552359.721712,4612826.686539458,random4_k3,3,0.12776491449176217
cleanStatic,holdout,96,95.9906744,5,6,2399516860,2400016860,5552359.721712,4612826.686539458,random5_k3,3,0.01840752870728898
cleanStatic,holdout,96,95.9906744,5,6,2399516860,2400016860,5552359.721712,4612826.686539458,random1_k5,5,0.2262336195820886
cleanStatic,holdout,96,95.9906744,5,6,2399516860,2400016860,5552359.721712,4612826.686539458,random2_k5,5,0.26269020807809185
cleanStatic,holdout,96,95.9906744,5,6,2399516860,2400016860,5552359.721712,4612826.686539458,random3_k5,5,0.491658382124025
cleanStatic,holdout,96,95.9906744,5,6,2399516860,2400016860,5552359.721712,4612826.686539458,random4_k5,5,0.2109470338547686
cleanStatic,holdout,96,95.9906744,5,6,2399516860,2400016860,5552359.721712,4612826.686539458,random5_k5,5,0.22028658828626205
cleanStatic,holdout,96,95.9906744,5,6,2399516860,2400016860,5552359.721712,4612826.686539458,random1_k9,9,0.4275015620871581
cleanStatic,holdout,96,95.9906744,5,6,2399516860,2400016860,5552359.721712,4612826.686539458,random2_k9,9,0.13521533979569278
cleanStatic,holdout,96,95.9906744,5,6,2399516860,2400016860,5552359.721712,4612826.686539458,random3_k9,9,0.07065086216481618
cleanStatic,holdout,96,95.9906744,5,6,2399516860,2400016860,5552359.721712,4612826.686539458,random4_k9,9,0.09515219435691445
cleanStatic,holdout,96,95.9906744,5,6,2399516860,2400016860,5552359.721712,4612826.686539458,random5_k9,9,0.0811142528089072
cleanStatic,holdout,96,95.99914464,6,7,2399728616,2400228616,5550554.10964,4022545.9259539237,dense_two_source_glrt,187,0.08992689559596738
cleanStatic,holdout,96,95.99914464,6,7,2399728616,2400228616,5550554.10964,4022545.9259539237,dense_one_source_residual,187,0.8494958049911329
cleanStatic,holdout,96,95.99914464,6,7,2399728616,2400228616,5550554.10964,4022545.9259539237,raw_power_only,0,5550554.10964
cleanStatic,holdout,96,95.99914464,6,7,2399728616,2400228616,5550554.10964,4022545.9259539237,analytic_sparse_k3,3,0.6100722761126502
cleanStatic,holdout,96,95.99914464,6,7,2399728616,2400228616,5550554.10964,4022545.9259539237,uniform_k3,3,0.8125740865809342
cleanStatic,holdout,96,95.99914464,6,7,2399728616,2400228616,5550554.10964,4022545.9259539237,shuffled_k3,3,0.14488572957028378
cleanStatic,holdout,96,95.99914464,6,7,2399728616,2400228616,5550554.10964,4022545.9259539237,analytic_sparse_k5,5,0.5909582052307499
cleanStatic,holdout,96,95.99914464,6,7,2399728616,2400228616,5550554.10964,4022545.9259539237,uniform_k5,5,0.59976061260877
cleanStatic,holdout,96,95.99914464,6,7,2399728616,2400228616,5550554.10964,4022545.9259539237,shuffled_k5,5,0.5563037907527082
cleanStatic,holdout,96,95.99914464,6,7,2399728616,2400228616,5550554.10964,4022545.9259539237,analytic_sparse_k9,9,0.46168629679913387
cleanStatic,holdout,96,95.99914464,6,7,2399728616,2400228616,5550554.10964,4022545.9259539237,uniform_k9,9,0.13975013509507328
cleanStatic,holdout,96,95.99914464,6,7,2399728616,2400228616,5550554.10964,4022545.9259539237,shuffled_k9,9,0.0993404343598181
cleanStatic,holdout,96,95.99914464,6,7,2399728616,2400228616,5550554.10964,4022545.9259539237,ai_sparse_k3,3,0.3503006497288191
cleanStatic,holdout,96,95.99914464,6,7,2399728616,2400228616,5550554.10964,4022545.9259539237,pg_scc_k3,3,0.42669666719257254
cleanStatic,holdout,96,95.99914464,6,7,2399728616,2400228616,5550554.10964,4022545.9259539237,ai_sparse_k5,5,0.2708494961556213
cleanStatic,holdout,96,95.99914464,6,7,2399728616,2400228616,5550554.10964,4022545.9259539237,pg_scc_k5,5,0.3425251787744026
cleanStatic,holdout,96,95.99914464,6,7,2399728616,2400228616,5550554.10964,4022545.9259539237,ai_sparse_k9,9,0.23441907071171897
cleanStatic,holdout,96,95.99914464,6,7,2399728616,2400228616,5550554.10964,4022545.9259539237,pg_scc_k9,9,0.3091306986436085
cleanStatic,holdout,96,95.99914464,6,7,2399728616,2400228616,5550554.10964,4022545.9259539237,epl3,3,0.4399834558302593
cleanStatic,holdout,96,95.99914464,6,7,2399728616,2400228616,5550554.10964,4022545.9259539237,fixed9,9,0.21687239311493733
cleanStatic,holdout,96,95.99914464,6,7,2399728616,2400228616,5550554.10964,4022545.9259539237,random1_k3,3,0.6860733695406663
cleanStatic,holdout,96,95.99914464,6,7,2399728616,2400228616,5550554.10964,4022545.9259539237,random2_k3,3,1.2487468332022702
cleanStatic,holdout,96,95.99914464,6,7,2399728616,2400228616,5550554.10964,4022545.9259539237,random3_k3,3,0.17305801431166526
cleanStatic,holdout,96,95.99914464,6,7,2399728616,2400228616,5550554.10964,4022545.9259539237,random4_k3,3,0.3437241913797435
cleanStatic,holdout,96,95.99914464,6,7,2399728616,2400228616,5550554.10964,4022545.9259539237,random5_k3,3,0.5406608327928208
cleanStatic,holdout,96,95.99914464,6,7,2399728616,2400228616,5550554.10964,4022545.9259539237,random1_k5,5,0.11595948442942712
cleanStatic,holdout,96,95.99914464,6,7,2399728616,2400228616,5550554.10964,4022545.9259539237,random2_k5,5,0.41706919719131985
cleanStatic,holdout,96,95.99914464,6,7,2399728616,2400228616,5550554.10964,4022545.9259539237,random3_k5,5,0.2956695841035676
cleanStatic,holdout,96,95.99914464,6,7,2399728616,2400228616,5550554.10964,4022545.9259539237,random4_k5,5,0.18733940729207524
cleanStatic,holdout,96,95.99914464,6,7,2399728616,2400228616,5550554.10964,4022545.9259539237,random5_k5,5,0.34162398698755664
cleanStatic,holdout,96,95.99914464,6,7,2399728616,2400228616,5550554.10964,4022545.9259539237,random1_k9,9,0.1538696883839948
cleanStatic,holdout,96,95.99914464,6,7,2399728616,2400228616,5550554.10964,4022545.9259539237,random2_k9,9,0.7313899346465834
cleanStatic,holdout,96,95.99914464,6,7,2399728616,2400228616,5550554.10964,4022545.9259539237,random3_k9,9,0.1821275371935178
cleanStatic,holdout,96,95.99914464,6,7,2399728616,2400228616,5550554.10964,4022545.9259539237,random4_k9,9,0.31856087920253917
cleanStatic,holdout,96,95.99914464,6,7,2399728616,2400228616,5550554.10964,4022545.9259539237,random5_k9,9,0.6453805008807952
cleanStatic,holdout,96,95.99035788,7,10,2399508947,2400008947,5554814.0448320005,2533766.874856134,dense_two_source_glrt,187,0.1391825344672209
cleanStatic,holdout,96,95.99035788,7,10,2399508947,2400008947,5554814.0448320005,2533766.874856134,dense_one_source_residual,187,1.3027712230059907
cleanStatic,holdout,96,95.99035788,7,10,2399508947,2400008947,5554814.0448320005,2533766.874856134,raw_power_only,0,5554814.0448320005
cleanStatic,holdout,96,95.99035788,7,10,2399508947,2400008947,5554814.0448320005,2533766.874856134,analytic_sparse_k3,3,2.026049821392952
cleanStatic,holdout,96,95.99035788,7,10,2399508947,2400008947,5554814.0448320005,2533766.874856134,uniform_k3,3,0.38286100015150204
cleanStatic,holdout,96,95.99035788,7,10,2399508947,2400008947,5554814.0448320005,2533766.874856134,shuffled_k3,3,1.0677460692580862
cleanStatic,holdout,96,95.99035788,7,10,2399508947,2400008947,5554814.0448320005,2533766.874856134,analytic_sparse_k5,5,2.069736552517626
cleanStatic,holdout,96,95.99035788,7,10,2399508947,2400008947,5554814.0448320005,2533766.874856134,uniform_k5,5,0.14321467290705212
cleanStatic,holdout,96,95.99035788,7,10,2399508947,2400008947,5554814.0448320005,2533766.874856134,shuffled_k5,5,0.5806431254223765
cleanStatic,holdout,96,95.99035788,7,10,2399508947,2400008947,5554814.0448320005,2533766.874856134,analytic_sparse_k9,9,1.427538766482787
cleanStatic,holdout,96,95.99035788,7,10,2399508947,2400008947,5554814.0448320005,2533766.874856134,uniform_k9,9,0.05657693331690686
cleanStatic,holdout,96,95.99035788,7,10,2399508947,2400008947,5554814.0448320005,2533766.874856134,shuffled_k9,9,0.6250011600445626
cleanStatic,holdout,96,95.99035788,7,10,2399508947,2400008947,5554814.0448320005,2533766.874856134,ai_sparse_k3,3,1.3930283416289093
cleanStatic,holdout,96,95.99035788,7,10,2399508947,2400008947,5554814.0448320005,2533766.874856134,pg_scc_k3,3,0.8434489951606189
cleanStatic,holdout,96,95.99035788,7,10,2399508947,2400008947,5554814.0448320005,2533766.874856134,ai_sparse_k5,5,1.4258790277712392
cleanStatic,holdout,96,95.99035788,7,10,2399508947,2400008947,5554814.0448320005,2533766.874856134,pg_scc_k5,5,0.6801197003437861
cleanStatic,holdout,96,95.99035788,7,10,2399508947,2400008947,5554814.0448320005,2533766.874856134,ai_sparse_k9,9,1.4873826048794332
cleanStatic,holdout,96,95.99035788,7,10,2399508947,2400008947,5554814.0448320005,2533766.874856134,pg_scc_k9,9,0.480220975364279
cleanStatic,holdout,96,95.99035788,7,10,2399508947,2400008947,5554814.0448320005,2533766.874856134,epl3,3,0.9869140524164846
cleanStatic,holdout,96,95.99035788,7,10,2399508947,2400008947,5554814.0448320005,2533766.874856134,fixed9,9,0.38884111787271136
cleanStatic,holdout,96,95.99035788,7,10,2399508947,2400008947,5554814.0448320005,2533766.874856134,random1_k3,3,1.8026075457235418
cleanStatic,holdout,96,95.99035788,7,10,2399508947,2400008947,5554814.0448320005,2533766.874856134,random2_k3,3,1.0866860551054518
cleanStatic,holdout,96,95.99035788,7,10,2399508947,2400008947,5554814.0448320005,2533766.874856134,random3_k3,3,0.05885144708976759
cleanStatic,holdout,96,95.99035788,7,10,2399508947,2400008947,5554814.0448320005,2533766.874856134,random4_k3,3,0.31446306362166027
cleanStatic,holdout,96,95.99035788,7,10,2399508947,2400008947,5554814.0448320005,2533766.874856134,random5_k3,3,1.3840820367664923
cleanStatic,holdout,96,95.99035788,7,10,2399508947,2400008947,5554814.0448320005,2533766.874856134,random1_k5,5,0.14982746432005561
cleanStatic,holdout,96,95.99035788,7,10,2399508947,2400008947,5554814.0448320005,2533766.874856134,random2_k5,5,0.28047231189503374
cleanStatic,holdout,96,95.99035788,7,10,2399508947,2400008947,5554814.0448320005,2533766.874856134,random3_k5,5,0.6702116397678547
cleanStatic,holdout,96,95.99035788,7,10,2399508947,2400008947,5554814.0448320005,2533766.874856134,random4_k5,5,0.18287991153629407
cleanStatic,holdout,96,95.99035788,7,10,2399508947,2400008947,5554814.0448320005,2533766.874856134,random5_k5,5,0.3747676670690324
cleanStatic,holdout,96,95.99035788,7,10,2399508947,2400008947,5554814.0448320005,2533766.874856134,random1_k9,9,0.4793668480345307
cleanStatic,holdout,96,95.99035788,7,10,2399508947,2400008947,5554814.0448320005,2533766.874856134,random2_k9,9,0.7765462393189115
cleanStatic,holdout,96,95.99035788,7,10,2399508947,2400008947,5554814.0448320005,2533766.874856134,random3_k9,9,0.12896987811879926
cleanStatic,holdout,96,95.99035788,7,10,2399508947,2400008947,5554814.0448320005,2533766.874856134,random4_k9,9,0.40185484380039177
cleanStatic,holdout,96,95.99035788,7,10,2399508947,2400008947,5554814.0448320005,2533766.874856134,random5_k9,9,0.36309311490064744
cleanStatic,holdout,96,96.00962236,8,13,2399990559,2400490559,5542245.335820001,6263947.456617425,dense_two_source_glrt,187,0.05366441703548585
cleanStatic,holdout,96,96.00962236,8,13,2399990559,2400490559,5542245.335820001,6263947.456617425,dense_one_source_residual,187,0.2968337396358075
cleanStatic,holdout,96,96.00962236,8,13,2399990559,2400490559,5542245.335820001,6263947.456617425,raw_power_only,0,5542245.335820001
cleanStatic,holdout,96,96.00962236,8,13,2399990559,2400490559,5542245.335820001,6263947.456617425,analytic_sparse_k3,3,0.0207660589290645
cleanStatic,holdout,96,96.00962236,8,13,2399990559,2400490559,5542245.335820001,6263947.456617425,uniform_k3,3,0.2219748305852558
cleanStatic,holdout,96,96.00962236,8,13,2399990559,2400490559,5542245.335820001,6263947.456617425,shuffled_k3,3,0.1314334410773853
cleanStatic,holdout,96,96.00962236,8,13,2399990559,2400490559,5542245.335820001,6263947.456617425,analytic_sparse_k5,5,0.09615733357631816
cleanStatic,holdout,96,96.00962236,8,13,2399990559,2400490559,5542245.335820001,6263947.456617425,uniform_k5,5,0.1592741807536824
cleanStatic,holdout,96,96.00962236,8,13,2399990559,2400490559,5542245.335820001,6263947.456617425,shuffled_k5,5,0.12010622701145968
cleanStatic,holdout,96,96.00962236,8,13,2399990559,2400490559,5542245.335820001,6263947.456617425,analytic_sparse_k9,9,0.04746904394141868
cleanStatic,holdout,96,96.00962236,8,13,2399990559,2400490559,5542245.335820001,6263947.456617425,uniform_k9,9,0.04621371890842038
cleanStatic,holdout,96,96.00962236,8,13,2399990559,2400490559,5542245.335820001,6263947.456617425,shuffled_k9,9,0.1375212573120179
cleanStatic,holdout,96,96.00962236,8,13,2399990559,2400490559,5542245.335820001,6263947.456617425,ai_sparse_k3,3,0.23042670104833832
cleanStatic,holdout,96,96.00962236,8,13,2399990559,2400490559,5542245.335820001,6263947.456617425,pg_scc_k3,3,0.29211698752246357
cleanStatic,holdout,96,96.00962236,8,13,2399990559,2400490559,5542245.335820001,6263947.456617425,ai_sparse_k5,5,0.2070664136433101
cleanStatic,holdout,96,96.00962236,8,13,2399990559,2400490559,5542245.335820001,6263947.456617425,pg_scc_k5,5,0.08066495602452584
cleanStatic,holdout,96,96.00962236,8,13,2399990559,2400490559,5542245.335820001,6263947.456617425,ai_sparse_k9,9,0.14451846817577668
cleanStatic,holdout,96,96.00962236,8,13,2399990559,2400490559,5542245.335820001,6263947.456617425,pg_scc_k9,9,0.06933550629883427
cleanStatic,holdout,96,96.00962236,8,13,2399990559,2400490559,5542245.335820001,6263947.456617425,epl3,3,0.06712144599826277
cleanStatic,holdout,96,96.00962236,8,13,2399990559,2400490559,5542245.335820001,6263947.456617425,fixed9,9,0.1375071813597425
cleanStatic,holdout,96,96.00962236,8,13,2399990559,2400490559,5542245.335820001,6263947.456617425,random1_k3,3,0.16128759409735957
cleanStatic,holdout,96,96.00962236,8,13,2399990559,2400490559,5542245.335820001,6263947.456617425,random2_k3,3,0.36325122175289537
cleanStatic,holdout,96,96.00962236,8,13,2399990559,2400490559,5542245.335820001,6263947.456617425,random3_k3,3,0.2115276722969329
cleanStatic,holdout,96,96.00962236,8,13,2399990559,2400490559,5542245.335820001,6263947.456617425,random4_k3,3,0.23322000348568264
cleanStatic,holdout,96,96.00962236,8,13,2399990559,2400490559,5542245.335820001,6263947.456617425,random5_k3,3,0.04806971985638481
cleanStatic,holdout,96,96.00962236,8,13,2399990559,2400490559,5542245.335820001,6263947.456617425,random1_k5,5,0.21702129343645732
cleanStatic,holdout,96,96.00962236,8,13,2399990559,2400490559,5542245.335820001,6263947.456617425,random2_k5,5,0.08400274870229618
cleanStatic,holdout,96,96.00962236,8,13,2399990559,2400490559,5542245.335820001,6263947.456617425,random3_k5,5,0.10785688860020133
cleanStatic,holdout,96,96.00962236,8,13,2399990559,2400490559,5542245.335820001,6263947.456617425,random4_k5,5,0.12097752682364407
cleanStatic,holdout,96,96.00962236,8,13,2399990559,2400490559,5542245.335820001,6263947.456617425,random5_k5,5,0.23249738135972714
cleanStatic,holdout,96,96.00962236,8,13,2399990559,2400490559,5542245.335820001,6263947.456617425,random1_k9,9,0.1505018249383897
cleanStatic,holdout,96,96.00962236,8,13,2399990559,2400490559,5542245.335820001,6263947.456617425,random2_k9,9,0.024767411015893623
cleanStatic,holdout,96,96.00962236,8,13,2399990559,2400490559,5542245.335820001,6263947.456617425,random3_k9,9,0.13089988502393785
cleanStatic,holdout,96,96.00962236,8,13,2399990559,2400490559,5542245.335820001,6263947.456617425,random4_k9,9,0.0849857847900291
cleanStatic,holdout,96,96.00962236,8,13,2399990559,2400490559,5542245.335820001,6263947.456617425,random5_k9,9,0.0906797967415906
cleanStatic,holdout,96,96.00543632,9,19,2399885908,2400385908,5541515.165268,4728574.255255575,dense_two_source_glrt,187,0.082250899251477
cleanStatic,holdout,96,96.00543632,9,19,2399885908,2400385908,5541515.165268,4728574.255255575,dense_one_source_residual,187,0.7218388570958738
cleanStatic,holdout,96,96.00543632,9,19,2399885908,2400385908,5541515.165268,4728574.255255575,raw_power_only,0,5541515.165268
cleanStatic,holdout,96,96.00543632,9,19,2399885908,2400385908,5541515.165268,4728574.255255575,analytic_sparse_k3,3,0.074574286259352
cleanStatic,holdout,96,96.00543632,9,19,2399885908,2400385908,5541515.165268,4728574.255255575,uniform_k3,3,0.37346360631869074
cleanStatic,holdout,96,96.00543632,9,19,2399885908,2400385908,5541515.165268,4728574.255255575,shuffled_k3,3,0.11979645371284564
cleanStatic,holdout,96,96.00543632,9,19,2399885908,2400385908,5541515.165268,4728574.255255575,analytic_sparse_k5,5,0.15111329429108636
cleanStatic,holdout,96,96.00543632,9,19,2399885908,2400385908,5541515.165268,4728574.255255575,uniform_k5,5,0.25574853908725526
cleanStatic,holdout,96,96.00543632,9,19,2399885908,2400385908,5541515.165268,4728574.255255575,shuffled_k5,5,0.12026556568140823
cleanStatic,holdout,96,96.00543632,9,19,2399885908,2400385908,5541515.165268,4728574.255255575,analytic_sparse_k9,9,0.18009117572250322
cleanStatic,holdout,96,96.00543632,9,19,2399885908,2400385908,5541515.165268,4728574.255255575,uniform_k9,9,0.03148120013538828
cleanStatic,holdout,96,96.00543632,9,19,2399885908,2400385908,5541515.165268,4728574.255255575,shuffled_k9,9,0.3815787947203337
cleanStatic,holdout,96,96.00543632,9,19,2399885908,2400385908,5541515.165268,4728574.255255575,ai_sparse_k3,3,0.9747924389758801
cleanStatic,holdout,96,96.00543632,9,19,2399885908,2400385908,5541515.165268,4728574.255255575,pg_scc_k3,3,0.9987961973427254
cleanStatic,holdout,96,96.00543632,9,19,2399885908,2400385908,5541515.165268,4728574.255255575,ai_sparse_k5,5,0.9055706981173355
cleanStatic,holdout,96,96.00543632,9,19,2399885908,2400385908,5541515.165268,4728574.255255575,pg_scc_k5,5,0.36272813199309245
cleanStatic,holdout,96,96.00543632,9,19,2399885908,2400385908,5541515.165268,4728574.255255575,ai_sparse_k9,9,0.7049634754216991
cleanStatic,holdout,96,96.00543632,9,19,2399885908,2400385908,5541515.165268,4728574.255255575,pg_scc_k9,9,0.3410023868593567
cleanStatic,holdout,96,96.00543632,9,19,2399885908,2400385908,5541515.165268,4728574.255255575,epl3,3,0.651447163297079
cleanStatic,holdout,96,96.00543632,9,19,2399885908,2400385908,5541515.165268,4728574.255255575,fixed9,9,0.8165568538025361
cleanStatic,holdout,96,96.00543632,9,19,2399885908,2400385908,5541515.165268,4728574.255255575,random1_k3,3,0.7541258218322241
cleanStatic,holdout,96,96.00543632,9,19,2399885908,2400385908,5541515.165268,4728574.255255575,random2_k3,3,0.17514185327045825
cleanStatic,holdout,96,96.00543632,9,19,2399885908,2400385908,5541515.165268,4728574.255255575,random3_k3,3,0.8402382774201146
cleanStatic,holdout,96,96.00543632,9,19,2399885908,2400385908,5541515.165268,4728574.255255575,random4_k3,3,0.1940932716871733
cleanStatic,holdout,96,96.00543632,9,19,2399885908,2400385908,5541515.165268,4728574.255255575,random5_k3,3,0.325187407117841
cleanStatic,holdout,96,96.00543632,9,19,2399885908,2400385908,5541515.165268,4728574.255255575,random1_k5,5,0.22437746883063525
cleanStatic,holdout,96,96.00543632,9,19,2399885908,2400385908,5541515.165268,4728574.255255575,random2_k5,5,0.14790656659555407
cleanStatic,holdout,96,96.00543632,9,19,2399885908,2400385908,5541515.165268,4728574.255255575,random3_k5,5,0.23205004614834687
cleanStatic,holdout,96,96.00543632,9,19,2399885908,2400385908,5541515.165268,4728574.255255575,random4_k5,5,0.22830190398084876
cleanStatic,holdout,96,96.00543632,9,19,2399885908,2400385908,5541515.165268,4728574.255255575,random5_k5,5,0.33488982657456945
cleanStatic,holdout,96,96.00543632,9,19,2399885908,2400385908,5541515.165268,4728574.255255575,random1_k9,9,0.44641387936937504
cleanStatic,holdout,96,96.00543632,9,19,2399885908,2400385908,5541515.165268,4728574.255255575,random2_k9,9,0.0793456032325684
cleanStatic,holdout,96,96.00543632,9,19,2399885908,2400385908,5541515.165268,4728574.255255575,random3_k9,9,0.2823307554344279
cleanStatic,holdout,96,96.00543632,9,19,2399885908,2400385908,5541515.165268,4728574.255255575,random4_k9,9,0.1932036981012117
cleanStatic,holdout,96,96.00543632,9,19,2399885908,2400385908,5541515.165268,4728574.255255575,random5_k9,9,0.25072928530946864
cleanStatic,holdout,96,95.99062868,10,23,2399515717,2400015717,5553390.230812,6605753.180887239,dense_two_source_glrt,187,0.023202275028809484
cleanStatic,holdout,96,95.99062868,10,23,2399515717,2400015717,5553390.230812,6605753.180887239,dense_one_source_residual,187,0.14515791021684488
cleanStatic,holdout,96,95.99062868,10,23,2399515717,2400015717,5553390.230812,6605753.180887239,raw_power_only,0,5553390.230812
cleanStatic,holdout,96,95.99062868,10,23,2399515717,2400015717,5553390.230812,6605753.180887239,analytic_sparse_k3,3,0.08055866385749831
cleanStatic,holdout,96,95.99062868,10,23,2399515717,2400015717,5553390.230812,6605753.180887239,uniform_k3,3,0.2762716745337161
cleanStatic,holdout,96,95.99062868,10,23,2399515717,2400015717,5553390.230812,6605753.180887239,shuffled_k3,3,0.06263147970867138
cleanStatic,holdout,96,95.99062868,10,23,2399515717,2400015717,5553390.230812,6605753.180887239,analytic_sparse_k5,5,0.06484223751402787
cleanStatic,holdout,96,95.99062868,10,23,2399515717,2400015717,5553390.230812,6605753.180887239,uniform_k5,5,0.12536289250666263
cleanStatic,holdout,96,95.99062868,10,23,2399515717,2400015717,5553390.230812,6605753.180887239,shuffled_k5,5,0.14057681912848594
cleanStatic,holdout,96,95.99062868,10,23,2399515717,2400015717,5553390.230812,6605753.180887239,analytic_sparse_k9,9,0.08697464605777906
cleanStatic,holdout,96,95.99062868,10,23,2399515717,2400015717,5553390.230812,6605753.180887239,uniform_k9,9,0.011438943650536857
cleanStatic,holdout,96,95.99062868,10,23,2399515717,2400015717,5553390.230812,6605753.180887239,shuffled_k9,9,0.05544884931519631
cleanStatic,holdout,96,95.99062868,10,23,2399515717,2400015717,5553390.230812,6605753.180887239,ai_sparse_k3,3,0.1299065481472829
cleanStatic,holdout,96,95.99062868,10,23,2399515717,2400015717,5553390.230812,6605753.180887239,pg_scc_k3,3,0.05540286113605437
cleanStatic,holdout,96,95.99062868,10,23,2399515717,2400015717,5553390.230812,6605753.180887239,ai_sparse_k5,5,0.1040430339035365
cleanStatic,holdout,96,95.99062868,10,23,2399515717,2400015717,5553390.230812,6605753.180887239,pg_scc_k5,5,0.04421381879256843
cleanStatic,holdout,96,95.99062868,10,23,2399515717,2400015717,5553390.230812,6605753.180887239,ai_sparse_k9,9,0.10480722004693638
cleanStatic,holdout,96,95.99062868,10,23,2399515717,2400015717,5553390.230812,6605753.180887239,pg_scc_k9,9,0.06437402468617408
cleanStatic,holdout,96,95.99062868,10,23,2399515717,2400015717,5553390.230812,6605753.180887239,epl3,3,0.15353681009098344
cleanStatic,holdout,96,95.99062868,10,23,2399515717,2400015717,5553390.230812,6605753.180887239,fixed9,9,0.07282157255517244
cleanStatic,holdout,96,95.99062868,10,23,2399515717,2400015717,5553390.230812,6605753.180887239,random1_k3,3,0.06034185867040762
cleanStatic,holdout,96,95.99062868,10,23,2399515717,2400015717,5553390.230812,6605753.180887239,random2_k3,3,0.14802467123706056
cleanStatic,holdout,96,95.99062868,10,23,2399515717,2400015717,5553390.230812,6605753.180887239,random3_k3,3,0.02922948001074348
cleanStatic,holdout,96,95.99062868,10,23,2399515717,2400015717,5553390.230812,6605753.180887239,random4_k3,3,0.06686823443944957
cleanStatic,holdout,96,95.99062868,10,23,2399515717,2400015717,5553390.230812,6605753.180887239,random5_k3,3,0.07845607736970571
cleanStatic,holdout,96,95.99062868,10,23,2399515717,2400015717,5553390.230812,6605753.180887239,random1_k5,5,0.029269055940506744
cleanStatic,holdout,96,95.99062868,10,23,2399515717,2400015717,5553390.230812,6605753.180887239,random2_k5,5,0.09801139358495582
cleanStatic,holdout,96,95.99062868,10,23,2399515717,2400015717,5553390.230812,6605753.180887239,random3_k5,5,0.0498514874705542
cleanStatic,holdout,96,95.99062868,10,23,2399515717,2400015717,5553390.230812,6605753.180887239,random4_k5,5,0.009754361090856898
cleanStatic,holdout,96,95.99062868,10,23,2399515717,2400015717,5553390.230812,6605753.180887239,random5_k5,5,0.1670295547152978
cleanStatic,holdout,96,95.99062868,10,23,2399515717,2400015717,5553390.230812,6605753.180887239,random1_k9,9,0.04753290559317913
cleanStatic,holdout,96,95.99062868,10,23,2399515717,2400015717,5553390.230812,6605753.180887239,random2_k9,9,0.022755889859774465
cleanStatic,holdout,96,95.99062868,10,23,2399515717,2400015717,5553390.230812,6605753.180887239,random3_k9,9,0.01977131752154975
cleanStatic,holdout,96,95.99062868,10,23,2399515717,2400015717,5553390.230812,6605753.180887239,random4_k9,9,0.04947749152052743
cleanStatic,holdout,96,95.99062868,10,23,2399515717,2400015717,5553390.230812,6605753.180887239,random5_k9,9,0.04465010723850006
cleanStatic,holdout,97,97.00137604,0,16,2424784401,2425284401,5476318.991572,5154267.037484566,dense_two_source_glrt,187,0.05008625855069888
cleanStatic,holdout,97,97.00137604,0,16,2424784401,2425284401,5476318.991572,5154267.037484566,dense_one_source_residual,187,0.552801410089552
cleanStatic,holdout,97,97.00137604,0,16,2424784401,2425284401,5476318.991572,5154267.037484566,raw_power_only,0,5476318.991572
cleanStatic,holdout,97,97.00137604,0,16,2424784401,2425284401,5476318.991572,5154267.037484566,analytic_sparse_k3,3,0.049053796864133414
cleanStatic,holdout,97,97.00137604,0,16,2424784401,2425284401,5476318.991572,5154267.037484566,uniform_k3,3,0.25165387268117717
cleanStatic,holdout,97,97.00137604,0,16,2424784401,2425284401,5476318.991572,5154267.037484566,shuffled_k3,3,0.2523379220778595
cleanStatic,holdout,97,97.00137604,0,16,2424784401,2425284401,5476318.991572,5154267.037484566,analytic_sparse_k5,5,0.29898362202101875
cleanStatic,holdout,97,97.00137604,0,16,2424784401,2425284401,5476318.991572,5154267.037484566,uniform_k5,5,0.22548324323823618
cleanStatic,holdout,97,97.00137604,0,16,2424784401,2425284401,5476318.991572,5154267.037484566,shuffled_k5,5,0.2989856521228593
cleanStatic,holdout,97,97.00137604,0,16,2424784401,2425284401,5476318.991572,5154267.037484566,analytic_sparse_k9,9,0.17762564497278804
cleanStatic,holdout,97,97.00137604,0,16,2424784401,2425284401,5476318.991572,5154267.037484566,uniform_k9,9,0.006452537837763462
cleanStatic,holdout,97,97.00137604,0,16,2424784401,2425284401,5476318.991572,5154267.037484566,shuffled_k9,9,0.2717845501088704
cleanStatic,holdout,97,97.00137604,0,16,2424784401,2425284401,5476318.991572,5154267.037484566,ai_sparse_k3,3,0.14018790626392708
cleanStatic,holdout,97,97.00137604,0,16,2424784401,2425284401,5476318.991572,5154267.037484566,pg_scc_k3,3,0.04143751983175545
cleanStatic,holdout,97,97.00137604,0,16,2424784401,2425284401,5476318.991572,5154267.037484566,ai_sparse_k5,5,0.1572742528696686
cleanStatic,holdout,97,97.00137604,0,16,2424784401,2425284401,5476318.991572,5154267.037484566,pg_scc_k5,5,0.07906695369757921
cleanStatic,holdout,97,97.00137604,0,16,2424784401,2425284401,5476318.991572,5154267.037484566,ai_sparse_k9,9,0.15031163705769401
cleanStatic,holdout,97,97.00137604,0,16,2424784401,2425284401,5476318.991572,5154267.037484566,pg_scc_k9,9,0.09755508713495852
cleanStatic,holdout,97,97.00137604,0,16,2424784401,2425284401,5476318.991572,5154267.037484566,epl3,3,0.6489865294912683
cleanStatic,holdout,97,97.00137604,0,16,2424784401,2425284401,5476318.991572,5154267.037484566,fixed9,9,0.2796550695826832
cleanStatic,holdout,97,97.00137604,0,16,2424784401,2425284401,5476318.991572,5154267.037484566,random1_k3,3,0.401517728940513
cleanStatic,holdout,97,97.00137604,0,16,2424784401,2425284401,5476318.991572,5154267.037484566,random2_k3,3,0.5141382402353473
cleanStatic,holdout,97,97.00137604,0,16,2424784401,2425284401,5476318.991572,5154267.037484566,random3_k3,3,0.07519016010367859
cleanStatic,holdout,97,97.00137604,0,16,2424784401,2425284401,5476318.991572,5154267.037484566,random4_k3,3,0.29771303293612345
cleanStatic,holdout,97,97.00137604,0,16,2424784401,2425284401,5476318.991572,5154267.037484566,random5_k3,3,0.1968239270353499
cleanStatic,holdout,97,97.00137604,0,16,2424784401,2425284401,5476318.991572,5154267.037484566,random1_k5,5,0.08929123062763877
cleanStatic,holdout,97,97.00137604,0,16,2424784401,2425284401,5476318.991572,5154267.037484566,random2_k5,5,0.3396722325345426
cleanStatic,holdout,97,97.00137604,0,16,2424784401,2425284401,5476318.991572,5154267.037484566,random3_k5,5,0.41273173921461626
cleanStatic,holdout,97,97.00137604,0,16,2424784401,2425284401,5476318.991572,5154267.037484566,random4_k5,5,0.08857412323098761
cleanStatic,holdout,97,97.00137604,0,16,2424784401,2425284401,5476318.991572,5154267.037484566,random5_k5,5,0.3429251433487986
cleanStatic,holdout,97,97.00137604,0,16,2424784401,2425284401,5476318.991572,5154267.037484566,random1_k9,9,0.2704596072034171
cleanStatic,holdout,97,97.00137604,0,16,2424784401,2425284401,5476318.991572,5154267.037484566,random2_k9,9,0.07338645223188994
cleanStatic,holdout,97,97.00137604,0,16,2424784401,2425284401,5476318.991572,5154267.037484566,random3_k9,9,0.19550568339994603
cleanStatic,holdout,97,97.00137604,0,16,2424784401,2425284401,5476318.991572,5154267.037484566,random4_k9,9,0.12417050528676328
cleanStatic,holdout,97,97.00137604,0,16,2424784401,2425284401,5476318.991572,5154267.037484566,random5_k9,9,0.36563563257738474
cleanStatic,holdout,97,96.99016136,1,8,2424504034,2425004034,5483161.317792,1939818.6524420616,dense_two_source_glrt,187,0.8289895564015581
cleanStatic,holdout,97,96.99016136,1,8,2424504034,2425004034,5483161.317792,1939818.6524420616,dense_one_source_residual,187,3.10322897381264
cleanStatic,holdout,97,96.99016136,1,8,2424504034,2425004034,5483161.317792,1939818.6524420616,raw_power_only,0,5483161.317792
cleanStatic,holdout,97,96.99016136,1,8,2424504034,2425004034,5483161.317792,1939818.6524420616,analytic_sparse_k3,3,1.3634192467284076
cleanStatic,holdout,97,96.99016136,1,8,2424504034,2425004034,5483161.317792,1939818.6524420616,uniform_k3,3,1.1063040655443215
cleanStatic,holdout,97,96.99016136,1,8,2424504034,2425004034,5483161.317792,1939818.6524420616,shuffled_k3,3,0.3431613154409255
cleanStatic,holdout,97,96.99016136,1,8,2424504034,2425004034,5483161.317792,1939818.6524420616,analytic_sparse_k5,5,0.8926391889452286
cleanStatic,holdout,97,96.99016136,1,8,2424504034,2425004034,5483161.317792,1939818.6524420616,uniform_k5,5,1.8848677715607836
cleanStatic,holdout,97,96.99016136,1,8,2424504034,2425004034,5483161.317792,1939818.6524420616,shuffled_k5,5,0.26145463109527106
cleanStatic,holdout,97,96.99016136,1,8,2424504034,2425004034,5483161.317792,1939818.6524420616,analytic_sparse_k9,9,0.7636618213539966
cleanStatic,holdout,97,96.99016136,1,8,2424504034,2425004034,5483161.317792,1939818.6524420616,uniform_k9,9,0.5816904497809898
cleanStatic,holdout,97,96.99016136,1,8,2424504034,2425004034,5483161.317792,1939818.6524420616,shuffled_k9,9,1.7411214117457066
cleanStatic,holdout,97,96.99016136,1,8,2424504034,2425004034,5483161.317792,1939818.6524420616,ai_sparse_k3,3,0.8238175682431078
cleanStatic,holdout,97,96.99016136,1,8,2424504034,2425004034,5483161.317792,1939818.6524420616,pg_scc_k3,3,2.8462187453839447
cleanStatic,holdout,97,96.99016136,1,8,2424504034,2425004034,5483161.317792,1939818.6524420616,ai_sparse_k5,5,0.534351717686696
cleanStatic,holdout,97,96.99016136,1,8,2424504034,2425004034,5483161.317792,1939818.6524420616,pg_scc_k5,5,1.0265690678759332
cleanStatic,holdout,97,96.99016136,1,8,2424504034,2425004034,5483161.317792,1939818.6524420616,ai_sparse_k9,9,0.8496397417135062
cleanStatic,holdout,97,96.99016136,1,8,2424504034,2425004034,5483161.317792,1939818.6524420616,pg_scc_k9,9,0.8591871378677796
cleanStatic,holdout,97,96.99016136,1,8,2424504034,2425004034,5483161.317792,1939818.6524420616,epl3,3,2.4609529147213327
cleanStatic,holdout,97,96.99016136,1,8,2424504034,2425004034,5483161.317792,1939818.6524420616,fixed9,9,2.777019904693537
cleanStatic,holdout,97,96.99016136,1,8,2424504034,2425004034,5483161.317792,1939818.6524420616,random1_k3,3,0.7709291664846943
cleanStatic,holdout,97,96.99016136,1,8,2424504034,2425004034,5483161.317792,1939818.6524420616,random2_k3,3,0.8488472221051925
cleanStatic,holdout,97,96.99016136,1,8,2424504034,2425004034,5483161.317792,1939818.6524420616,random3_k3,3,2.7109502814378987
cleanStatic,holdout,97,96.99016136,1,8,2424504034,2425004034,5483161.317792,1939818.6524420616,random4_k3,3,0.8159402663891786
cleanStatic,holdout,97,96.99016136,1,8,2424504034,2425004034,5483161.317792,1939818.6524420616,random5_k3,3,1.0468286073928281
cleanStatic,holdout,97,96.99016136,1,8,2424504034,2425004034,5483161.317792,1939818.6524420616,random1_k5,5,1.5041804865401254
cleanStatic,holdout,97,96.99016136,1,8,2424504034,2425004034,5483161.317792,1939818.6524420616,random2_k5,5,0.9904567183351762
cleanStatic,holdout,97,96.99016136,1,8,2424504034,2425004034,5483161.317792,1939818.6524420616,random3_k5,5,2.3731825746206665
cleanStatic,holdout,97,96.99016136,1,8,2424504034,2425004034,5483161.317792,1939818.6524420616,random4_k5,5,1.1333672961111592
cleanStatic,holdout,97,96.99016136,1,8,2424504034,2425004034,5483161.317792,1939818.6524420616,random5_k5,5,0.9723984923169908
cleanStatic,holdout,97,96.99016136,1,8,2424504034,2425004034,5483161.317792,1939818.6524420616,random1_k9,9,0.8658544078813875
cleanStatic,holdout,97,96.99016136,1,8,2424504034,2425004034,5483161.317792,1939818.6524420616,random2_k9,9,0.9710898543086475
cleanStatic,holdout,97,96.99016136,1,8,2424504034,2425004034,5483161.317792,1939818.6524420616,random3_k9,9,1.4554506252547073
cleanStatic,holdout,97,96.99016136,1,8,2424504034,2425004034,5483161.317792,1939818.6524420616,random4_k9,9,1.3030892845164697
cleanStatic,holdout,97,96.99016136,1,8,2424504034,2425004034,5483161.317792,1939818.6524420616,random5_k9,9,0.49368755249240387
cleanStatic,holdout,97,96.990523,2,3,2424513075,2425013075,5485268.283598,5959735.038304804,dense_two_source_glrt,187,0.0923155285451265
cleanStatic,holdout,97,96.990523,2,3,2424513075,2425013075,5485268.283598,5959735.038304804,dense_one_source_residual,187,0.5164704630776925
cleanStatic,holdout,97,96.990523,2,3,2424513075,2425013075,5485268.283598,5959735.038304804,raw_power_only,0,5485268.283598
cleanStatic,holdout,97,96.990523,2,3,2424513075,2425013075,5485268.283598,5959735.038304804,analytic_sparse_k3,3,0.11825512852387864
cleanStatic,holdout,97,96.990523,2,3,2424513075,2425013075,5485268.283598,5959735.038304804,uniform_k3,3,0.3678834437166483
cleanStatic,holdout,97,96.990523,2,3,2424513075,2425013075,5485268.283598,5959735.038304804,shuffled_k3,3,0.10477820138757148
cleanStatic,holdout,97,96.990523,2,3,2424513075,2425013075,5485268.283598,5959735.038304804,analytic_sparse_k5,5,0.26552396027277037
cleanStatic,holdout,97,96.990523,2,3,2424513075,2425013075,5485268.283598,5959735.038304804,uniform_k5,5,0.16451370228361312
cleanStatic,holdout,97,96.990523,2,3,2424513075,2425013075,5485268.283598,5959735.038304804,shuffled_k5,5,0.24000193006387166
cleanStatic,holdout,97,96.990523,2,3,2424513075,2425013075,5485268.283598,5959735.038304804,analytic_sparse_k9,9,0.16412917299198426
cleanStatic,holdout,97,96.990523,2,3,2424513075,2425013075,5485268.283598,5959735.038304804,uniform_k9,9,0.05632669717834579
cleanStatic,holdout,97,96.990523,2,3,2424513075,2425013075,5485268.283598,5959735.038304804,shuffled_k9,9,0.21368870823737712
cleanStatic,holdout,97,96.990523,2,3,2424513075,2425013075,5485268.283598,5959735.038304804,ai_sparse_k3,3,0.20066815873324248
cleanStatic,holdout,97,96.990523,2,3,2424513075,2425013075,5485268.283598,5959735.038304804,pg_scc_k3,3,0.20782621810283222
cleanStatic,holdout,97,96.990523,2,3,2424513075,2425013075,5485268.283598,5959735.038304804,ai_sparse_k5,5,0.4530161113000399
cleanStatic,holdout,97,96.990523,2,3,2424513075,2425013075,5485268.283598,5959735.038304804,pg_scc_k5,5,0.08726673555286246
cleanStatic,holdout,97,96.990523,2,3,2424513075,2425013075,5485268.283598,5959735.038304804,ai_sparse_k9,9,0.4532251546761697
cleanStatic,holdout,97,96.990523,2,3,2424513075,2425013075,5485268.283598,5959735.038304804,pg_scc_k9,9,0.08651064543063007
cleanStatic,holdout,97,96.990523,2,3,2424513075,2425013075,5485268.283598,5959735.038304804,epl3,3,0.2719868012608029
cleanStatic,holdout,97,96.990523,2,3,2424513075,2425013075,5485268.283598,5959735.038304804,fixed9,9,0.23651862669364535
cleanStatic,holdout,97,96.990523,2,3,2424513075,2425013075,5485268.283598,5959735.038304804,random1_k3,3,0.38362075343133073
cleanStatic,holdout,97,96.990523,2,3,2424513075,2425013075,5485268.283598,5959735.038304804,random2_k3,3,0.6643460611596502
cleanStatic,holdout,97,96.990523,2,3,2424513075,2425013075,5485268.283598,5959735.038304804,random3_k3,3,0.11783490491513388
cleanStatic,holdout,97,96.990523,2,3,2424513075,2425013075,5485268.283598,5959735.038304804,random4_k3,3,0.24053639366084925
cleanStatic,holdout,97,96.990523,2,3,2424513075,2425013075,5485268.283598,5959735.038304804,random5_k3,3,0.37160546607882194
cleanStatic,holdout,97,96.990523,2,3,2424513075,2425013075,5485268.283598,5959735.038304804,random1_k5,5,0.16823616130885272
cleanStatic,holdout,97,96.990523,2,3,2424513075,2425013075,5485268.283598,5959735.038304804,random2_k5,5,0.12699815716838447
cleanStatic,holdout,97,96.990523,2,3,2424513075,2425013075,5485268.283598,5959735.038304804,random3_k5,5,0.22722980211466348
cleanStatic,holdout,97,96.990523,2,3,2424513075,2425013075,5485268.283598,5959735.038304804,random4_k5,5,0.10946972409598907
cleanStatic,holdout,97,96.990523,2,3,2424513075,2425013075,5485268.283598,5959735.038304804,random5_k5,5,0.5096465232444768
cleanStatic,holdout,97,96.990523,2,3,2424513075,2425013075,5485268.283598,5959735.038304804,random1_k9,9,0.2939305030185469
cleanStatic,holdout,97,96.990523,2,3,2424513075,2425013075,5485268.283598,5959735.038304804,random2_k9,9,0.25392022270393766
cleanStatic,holdout,97,96.990523,2,3,2424513075,2425013075,5485268.283598,5959735.038304804,random3_k9,9,0.23515781481324435
cleanStatic,holdout,97,96.990523,2,3,2424513075,2425013075,5485268.283598,5959735.038304804,random4_k9,9,0.23562478480475735
cleanStatic,holdout,97,96.990523,2,3,2424513075,2425013075,5485268.283598,5959735.038304804,random5_k9,9,0.08138425685357704
cleanStatic,holdout,97,96.9934284,3,20,2424585710,2425085710,5488645.123732,2181574.97475041,dense_two_source_glrt,187,0.6522628399693106
cleanStatic,holdout,97,96.9934284,3,20,2424585710,2425085710,5488645.123732,2181574.97475041,dense_one_source_residual,187,4.18504681940709
cleanStatic,holdout,97,96.9934284,3,20,2424585710,2425085710,5488645.123732,2181574.97475041,raw_power_only,0,5488645.123732
cleanStatic,holdout,97,96.9934284,3,20,2424585710,2425085710,5488645.123732,2181574.97475041,analytic_sparse_k3,3,0.7033941346995944
cleanStatic,holdout,97,96.9934284,3,20,2424585710,2425085710,5488645.123732,2181574.97475041,uniform_k3,3,2.682004620017569
cleanStatic,holdout,97,96.9934284,3,20,2424585710,2425085710,5488645.123732,2181574.97475041,shuffled_k3,3,1.4953290960466337
cleanStatic,holdout,97,96.9934284,3,20,2424585710,2425085710,5488645.123732,2181574.97475041,analytic_sparse_k5,5,1.7740946524328502
cleanStatic,holdout,97,96.9934284,3,20,2424585710,2425085710,5488645.123732,2181574.97475041,uniform_k5,5,1.192153455950884
cleanStatic,holdout,97,96.9934284,3,20,2424585710,2425085710,5488645.123732,2181574.97475041,shuffled_k5,5,3.28092187591673
cleanStatic,holdout,97,96.9934284,3,20,2424585710,2425085710,5488645.123732,2181574.97475041,analytic_sparse_k9,9,2.112912854209412
cleanStatic,holdout,97,96.9934284,3,20,2424585710,2425085710,5488645.123732,2181574.97475041,uniform_k9,9,0.15391937139454567
cleanStatic,holdout,97,96.9934284,3,20,2424585710,2425085710,5488645.123732,2181574.97475041,shuffled_k9,9,1.917104843067354
cleanStatic,holdout,97,96.9934284,3,20,2424585710,2425085710,5488645.123732,2181574.97475041,ai_sparse_k3,3,2.220857111787584
cleanStatic,holdout,97,96.9934284,3,20,2424585710,2425085710,5488645.123732,2181574.97475041,pg_scc_k3,3,0.9996507078321201
cleanStatic,holdout,97,96.9934284,3,20,2424585710,2425085710,5488645.123732,2181574.97475041,ai_sparse_k5,5,1.370450629146346
cleanStatic,holdout,97,96.9934284,3,20,2424585710,2425085710,5488645.123732,2181574.97475041,pg_scc_k5,5,0.7075622392762544
cleanStatic,holdout,97,96.9934284,3,20,2424585710,2425085710,5488645.123732,2181574.97475041,ai_sparse_k9,9,1.1967933377743287
cleanStatic,holdout,97,96.9934284,3,20,2424585710,2425085710,5488645.123732,2181574.97475041,pg_scc_k9,9,0.41153011620436314
cleanStatic,holdout,97,96.9934284,3,20,2424585710,2425085710,5488645.123732,2181574.97475041,epl3,3,4.457936064007568
cleanStatic,holdout,97,96.9934284,3,20,2424585710,2425085710,5488645.123732,2181574.97475041,fixed9,9,2.3366982989630616
cleanStatic,holdout,97,96.9934284,3,20,2424585710,2425085710,5488645.123732,2181574.97475041,random1_k3,3,3.855692173426581
cleanStatic,holdout,97,96.9934284,3,20,2424585710,2425085710,5488645.123732,2181574.97475041,random2_k3,3,5.56645091565228
cleanStatic,holdout,97,96.9934284,3,20,2424585710,2425085710,5488645.123732,2181574.97475041,random3_k3,3,1.0773643472165877
cleanStatic,holdout,97,96.9934284,3,20,2424585710,2425085710,5488645.123732,2181574.97475041,random4_k3,3,2.532638888640019
cleanStatic,holdout,97,96.9934284,3,20,2424585710,2425085710,5488645.123732,2181574.97475041,random5_k3,3,0.769218867065478
cleanStatic,holdout,97,96.9934284,3,20,2424585710,2425085710,5488645.123732,2181574.97475041,random1_k5,5,1.7229725263658273
cleanStatic,holdout,97,96.9934284,3,20,2424585710,2425085710,5488645.123732,2181574.97475041,random2_k5,5,2.93092920049385
cleanStatic,holdout,97,96.9934284,3,20,2424585710,2425085710,5488645.123732,2181574.97475041,random3_k5,5,2.4716208442381395
cleanStatic,holdout,97,96.9934284,3,20,2424585710,2425085710,5488645.123732,2181574.97475041,random4_k5,5,1.1706278969464003
cleanStatic,holdout,97,96.9934284,3,20,2424585710,2425085710,5488645.123732,2181574.97475041,random5_k5,5,2.8150959596780076
cleanStatic,holdout,97,96.9934284,3,20,2424585710,2425085710,5488645.123732,2181574.97475041,random1_k9,9,2.666654526259222
cleanStatic,holdout,97,96.9934284,3,20,2424585710,2425085710,5488645.123732,2181574.97475041,random2_k9,9,0.5980752118166808
cleanStatic,holdout,97,96.9934284,3,20,2424585710,2425085710,5488645.123732,2181574.97475041,random3_k9,9,1.5578815226334974
cleanStatic,holdout,97,96.9934284,3,20,2424585710,2425085710,5488645.123732,2181574.97475041,random4_k9,9,1.432052519460421
cleanStatic,holdout,97,96.9934284,3,20,2424585710,2425085710,5488645.123732,2181574.97475041,random5_k9,9,1.6665078279534862
cleanStatic,holdout,97,97.00774776,4,30,2424943694,2425443694,5480363.72269,2336029.2255472476,dense_two_source_glrt,187,0.8556289631311051
cleanStatic,holdout,97,97.00774776,4,30,2424943694,2425443694,5480363.72269,2336029.2255472476,dense_one_source_residual,187,3.094442285519106
cleanStatic,holdout,97,97.00774776,4,30,2424943694,2425443694,5480363.72269,2336029.2255472476,raw_power_only,0,5480363.72269
cleanStatic,holdout,97,97.00774776,4,30,2424943694,2425443694,5480363.72269,2336029.2255472476,analytic_sparse_k3,3,0.21361416049235663
cleanStatic,holdout,97,97.00774776,4,30,2424943694,2425443694,5480363.72269,2336029.2255472476,uniform_k3,3,2.857225168353384
cleanStatic,holdout,97,97.00774776,4,30,2424943694,2425443694,5480363.72269,2336029.2255472476,shuffled_k3,3,0.7422720563833979
cleanStatic,holdout,97,97.00774776,4,30,2424943694,2425443694,5480363.72269,2336029.2255472476,analytic_sparse_k5,5,0.9536816376827607
cleanStatic,holdout,97,97.00774776,4,30,2424943694,2425443694,5480363.72269,2336029.2255472476,uniform_k5,5,1.1999413816376836
cleanStatic,holdout,97,97.00774776,4,30,2424943694,2425443694,5480363.72269,2336029.2255472476,shuffled_k5,5,1.2836294516236209
cleanStatic,holdout,97,97.00774776,4,30,2424943694,2425443694,5480363.72269,2336029.2255472476,analytic_sparse_k9,9,0.46325441207285006
cleanStatic,holdout,97,97.00774776,4,30,2424943694,2425443694,5480363.72269,2336029.2255472476,uniform_k9,9,0.3286894244895705
cleanStatic,holdout,97,97.00774776,4,30,2424943694,2425443694,5480363.72269,2336029.2255472476,shuffled_k9,9,1.6630789256820377
cleanStatic,holdout,97,97.00774776,4,30,2424943694,2425443694,5480363.72269,2336029.2255472476,ai_sparse_k3,3,0.9648648694144946
cleanStatic,holdout,97,97.00774776,4,30,2424943694,2425443694,5480363.72269,2336029.2255472476,pg_scc_k3,3,1.026033260784507
cleanStatic,holdout,97,97.00774776,4,30,2424943694,2425443694,5480363.72269,2336029.2255472476,ai_sparse_k5,5,0.8416310780879261
cleanStatic,holdout,97,97.00774776,4,30,2424943694,2425443694,5480363.72269,2336029.2255472476,pg_scc_k5,5,0.21329704678474393
cleanStatic,holdout,97,97.00774776,4,30,2424943694,2425443694,5480363.72269,2336029.2255472476,ai_sparse_k9,9,0.9952504481712298
cleanStatic,holdout,97,97.00774776,4,30,2424943694,2425443694,5480363.72269,2336029.2255472476,pg_scc_k9,9,0.27398702159083715
cleanStatic,holdout,97,97.00774776,4,30,2424943694,2425443694,5480363.72269,2336029.2255472476,epl3,3,2.650749586371133
cleanStatic,holdout,97,97.00774776,4,30,2424943694,2425443694,5480363.72269,2336029.2255472476,fixed9,9,2.1661700139301865
cleanStatic,holdout,97,97.00774776,4,30,2424943694,2425443694,5480363.72269,2336029.2255472476,random1_k3,3,3.41268914190554
cleanStatic,holdout,97,97.00774776,4,30,2424943694,2425443694,5480363.72269,2336029.2255472476,random2_k3,3,2.2532832851261975
cleanStatic,holdout,97,97.00774776,4,30,2424943694,2425443694,5480363.72269,2336029.2255472476,random3_k3,3,0.8456601924679994
cleanStatic,holdout,97,97.00774776,4,30,2424943694,2425443694,5480363.72269,2336029.2255472476,random4_k3,3,1.9306067821250477
cleanStatic,holdout,97,97.00774776,4,30,2424943694,2425443694,5480363.72269,2336029.2255472476,random5_k3,3,1.1465381460284754
cleanStatic,holdout,97,97.00774776,4,30,2424943694,2425443694,5480363.72269,2336029.2255472476,random1_k5,5,2.0418776484941685
cleanStatic,holdout,97,97.00774776,4,30,2424943694,2425443694,5480363.72269,2336029.2255472476,random2_k5,5,1.2031237165201083
cleanStatic,holdout,97,97.00774776,4,30,2424943694,2425443694,5480363.72269,2336029.2255472476,random3_k5,5,1.3195594481738429
cleanStatic,holdout,97,97.00774776,4,30,2424943694,2425443694,5480363.72269,2336029.2255472476,random4_k5,5,1.6145281197731205
cleanStatic,holdout,97,97.00774776,4,30,2424943694,2425443694,5480363.72269,2336029.2255472476,random5_k5,5,1.4078599774182707
cleanStatic,holdout,97,97.00774776,4,30,2424943694,2425443694,5480363.72269,2336029.2255472476,random1_k9,9,0.773515923614242
cleanStatic,holdout,97,97.00774776,4,30,2424943694,2425443694,5480363.72269,2336029.2255472476,random2_k9,9,0.4591156761745175
cleanStatic,holdout,97,97.00774776,4,30,2424943694,2425443694,5480363.72269,2336029.2255472476,random3_k9,9,1.754837497778022
cleanStatic,holdout,97,97.00774776,4,30,2424943694,2425443694,5480363.72269,2336029.2255472476,random4_k9,9,1.4019925580411923
cleanStatic,holdout,97,97.00774776,4,30,2424943694,2425443694,5480363.72269,2336029.2255472476,random5_k9,9,1.697017387117366
cleanStatic,holdout,97,96.99067476,5,6,2424516869,2425016869,5485006.7605099995,4630800.674611276,dense_two_source_glrt,187,0.048050295514620665
cleanStatic,holdout,97,96.99067476,5,6,2424516869,2425016869,5485006.7605099995,4630800.674611276,dense_one_source_residual,187,0.44888066518904535
cleanStatic,holdout,97,96.99067476,5,6,2424516869,2425016869,5485006.7605099995,4630800.674611276,raw_power_only,0,5485006.7605099995
cleanStatic,holdout,97,96.99067476,5,6,2424516869,2425016869,5485006.7605099995,4630800.674611276,analytic_sparse_k3,3,0.25746261109720003
cleanStatic,holdout,97,96.99067476,5,6,2424516869,2425016869,5485006.7605099995,4630800.674611276,uniform_k3,3,0.5794858299304367
cleanStatic,holdout,97,96.99067476,5,6,2424516869,2425016869,5485006.7605099995,4630800.674611276,shuffled_k3,3,0.1443986652690803
cleanStatic,holdout,97,96.99067476,5,6,2424516869,2425016869,5485006.7605099995,4630800.674611276,analytic_sparse_k5,5,0.21125571933318868
cleanStatic,holdout,97,96.99067476,5,6,2424516869,2425016869,5485006.7605099995,4630800.674611276,uniform_k5,5,0.24990033497789485
cleanStatic,holdout,97,96.99067476,5,6,2424516869,2425016869,5485006.7605099995,4630800.674611276,shuffled_k5,5,0.17902674666442286
cleanStatic,holdout,97,96.99067476,5,6,2424516869,2425016869,5485006.7605099995,4630800.674611276,analytic_sparse_k9,9,0.11723325881652841
cleanStatic,holdout,97,96.99067476,5,6,2424516869,2425016869,5485006.7605099995,4630800.674611276,uniform_k9,9,0.08321140765376375
cleanStatic,holdout,97,96.99067476,5,6,2424516869,2425016869,5485006.7605099995,4630800.674611276,shuffled_k9,9,0.1327113978843864
cleanStatic,holdout,97,96.99067476,5,6,2424516869,2425016869,5485006.7605099995,4630800.674611276,ai_sparse_k3,3,0.1785909426568132
cleanStatic,holdout,97,96.99067476,5,6,2424516869,2425016869,5485006.7605099995,4630800.674611276,pg_scc_k3,3,0.3102965482405053
cleanStatic,holdout,97,96.99067476,5,6,2424516869,2425016869,5485006.7605099995,4630800.674611276,ai_sparse_k5,5,0.1986743161506294
cleanStatic,holdout,97,96.99067476,5,6,2424516869,2425016869,5485006.7605099995,4630800.674611276,pg_scc_k5,5,0.07124149191372449
cleanStatic,holdout,97,96.99067476,5,6,2424516869,2425016869,5485006.7605099995,4630800.674611276,ai_sparse_k9,9,0.1986525109023751
cleanStatic,holdout,97,96.99067476,5,6,2424516869,2425016869,5485006.7605099995,4630800.674611276,pg_scc_k9,9,0.07609915054982277
cleanStatic,holdout,97,96.99067476,5,6,2424516869,2425016869,5485006.7605099995,4630800.674611276,epl3,3,0.1868880498195347
cleanStatic,holdout,97,96.99067476,5,6,2424516869,2425016869,5485006.7605099995,4630800.674611276,fixed9,9,0.22847519170337213
cleanStatic,holdout,97,96.99067476,5,6,2424516869,2425016869,5485006.7605099995,4630800.674611276,random1_k3,3,0.1593339322403524
cleanStatic,holdout,97,96.99067476,5,6,2424516869,2425016869,5485006.7605099995,4630800.674611276,random2_k3,3,0.10343733398540206
cleanStatic,holdout,97,96.99067476,5,6,2424516869,2425016869,5485006.7605099995,4630800.674611276,random3_k3,3,0.3489902367668449
cleanStatic,holdout,97,96.99067476,5,6,2424516869,2425016869,5485006.7605099995,4630800.674611276,random4_k3,3,0.2772126457865055
cleanStatic,holdout,97,96.99067476,5,6,2424516869,2425016869,5485006.7605099995,4630800.674611276,random5_k3,3,0.2238376166805933
cleanStatic,holdout,97,96.99067476,5,6,2424516869,2425016869,5485006.7605099995,4630800.674611276,random1_k5,5,0.10339582466393282
cleanStatic,holdout,97,96.99067476,5,6,2424516869,2425016869,5485006.7605099995,4630800.674611276,random2_k5,5,0.11724808728490514
cleanStatic,holdout,97,96.99067476,5,6,2424516869,2425016869,5485006.7605099995,4630800.674611276,random3_k5,5,0.11136407046867221
cleanStatic,holdout,97,96.99067476,5,6,2424516869,2425016869,5485006.7605099995,4630800.674611276,random4_k5,5,0.056618810266531816
cleanStatic,holdout,97,96.99067476,5,6,2424516869,2425016869,5485006.7605099995,4630800.674611276,random5_k5,5,0.09652373418156364
cleanStatic,holdout,97,96.99067476,5,6,2424516869,2425016869,5485006.7605099995,4630800.674611276,random1_k9,9,0.0950171300102676
cleanStatic,holdout,97,96.99067476,5,6,2424516869,2425016869,5485006.7605099995,4630800.674611276,random2_k9,9,0.13577783875765784
cleanStatic,holdout,97,96.99067476,5,6,2424516869,2425016869,5485006.7605099995,4630800.674611276,random3_k9,9,0.08060945409003671
cleanStatic,holdout,97,96.99067476,5,6,2424516869,2425016869,5485006.7605099995,4630800.674611276,random4_k9,9,0.09953022847963948
cleanStatic,holdout,97,96.99067476,5,6,2424516869,2425016869,5485006.7605099995,4630800.674611276,random5_k9,9,0.0737469191233809
cleanStatic,holdout,97,96.99014348,6,7,2424503587,2425003587,5482947.953986,3953032.593780273,dense_two_source_glrt,187,0.09673662266030678
cleanStatic,holdout,97,96.99014348,6,7,2424503587,2425003587,5482947.953986,3953032.593780273,dense_one_source_residual,187,1.144370824277665
cleanStatic,holdout,97,96.99014348,6,7,2424503587,2425003587,5482947.953986,3953032.593780273,raw_power_only,0,5482947.953986
cleanStatic,holdout,97,96.99014348,6,7,2424503587,2425003587,5482947.953986,3953032.593780273,analytic_sparse_k3,3,0.5569377265598524
cleanStatic,holdout,97,96.99014348,6,7,2424503587,2425003587,5482947.953986,3953032.593780273,uniform_k3,3,0.8113164541656607
cleanStatic,holdout,97,96.99014348,6,7,2424503587,2425003587,5482947.953986,3953032.593780273,shuffled_k3,3,0.937883564240075
cleanStatic,holdout,97,96.99014348,6,7,2424503587,2425003587,5482947.953986,3953032.593780273,analytic_sparse_k5,5,0.758734267249563
cleanStatic,holdout,97,96.99014348,6,7,2424503587,2425003587,5482947.953986,3953032.593780273,uniform_k5,5,0.7262917269985814
cleanStatic,holdout,97,96.99014348,6,7,2424503587,2425003587,5482947.953986,3953032.593780273,shuffled_k5,5,0.24752792826035855
cleanStatic,holdout,97,96.99014348,6,7,2424503587,2425003587,5482947.953986,3953032.593780273,analytic_sparse_k9,9,0.4987536956519837
cleanStatic,holdout,97,96.99014348,6,7,2424503587,2425003587,5482947.953986,3953032.593780273,uniform_k9,9,0.07893254957565511
cleanStatic,holdout,97,96.99014348,6,7,2424503587,2425003587,5482947.953986,3953032.593780273,shuffled_k9,9,0.25638123074972785
cleanStatic,holdout,97,96.99014348,6,7,2424503587,2425003587,5482947.953986,3953032.593780273,ai_sparse_k3,3,0.861207640755178
cleanStatic,holdout,97,96.99014348,6,7,2424503587,2425003587,5482947.953986,3953032.593780273,pg_scc_k3,3,0.33628070527172116
cleanStatic,holdout,97,96.99014348,6,7,2424503587,2425003587,5482947.953986,3953032.593780273,ai_sparse_k5,5,0.8774313957120453
cleanStatic,holdout,97,96.99014348,6,7,2424503587,2425003587,5482947.953986,3953032.593780273,pg_scc_k5,5,0.2968377777898086
cleanStatic,holdout,97,96.99014348,6,7,2424503587,2425003587,5482947.953986,3953032.593780273,ai_sparse_k9,9,0.42069163835011725
cleanStatic,holdout,97,96.99014348,6,7,2424503587,2425003587,5482947.953986,3953032.593780273,pg_scc_k9,9,0.18307828400057963
cleanStatic,holdout,97,96.99014348,6,7,2424503587,2425003587,5482947.953986,3953032.593780273,epl3,3,0.7008695482851711
cleanStatic,holdout,97,96.99014348,6,7,2424503587,2425003587,5482947.953986,3953032.593780273,fixed9,9,0.2500064779348901
cleanStatic,holdout,97,96.99014348,6,7,2424503587,2425003587,5482947.953986,3953032.593780273,random1_k3,3,0.9031998607512653
cleanStatic,holdout,97,96.99014348,6,7,2424503587,2425003587,5482947.953986,3953032.593780273,random2_k3,3,0.8483939463135187
cleanStatic,holdout,97,96.99014348,6,7,2424503587,2425003587,5482947.953986,3953032.593780273,random3_k3,3,0.5537264356873492
cleanStatic,holdout,97,96.99014348,6,7,2424503587,2425003587,5482947.953986,3953032.593780273,random4_k3,3,0.648348481768081
cleanStatic,holdout,97,96.99014348,6,7,2424503587,2425003587,5482947.953986,3953032.593780273,random5_k3,3,0.7380276596952187
cleanStatic,holdout,97,96.99014348,6,7,2424503587,2425003587,5482947.953986,3953032.593780273,random1_k5,5,0.5430217185487647
cleanStatic,holdout,97,96.99014348,6,7,2424503587,2425003587,5482947.953986,3953032.593780273,random2_k5,5,0.18790839655829483
cleanStatic,holdout,97,96.99014348,6,7,2424503587,2425003587,5482947.953986,3953032.593780273,random3_k5,5,0.5159773347443534
cleanStatic,holdout,97,96.99014348,6,7,2424503587,2425003587,5482947.953986,3953032.593780273,random4_k5,5,0.2870710406525076
cleanStatic,holdout,97,96.99014348,6,7,2424503587,2425003587,5482947.953986,3953032.593780273,random5_k5,5,0.3137764447591717
cleanStatic,holdout,97,96.99014348,6,7,2424503587,2425003587,5482947.953986,3953032.593780273,random1_k9,9,0.3782146781867611
cleanStatic,holdout,97,96.99014348,6,7,2424503587,2425003587,5482947.953986,3953032.593780273,random2_k9,9,0.3735300574065361
cleanStatic,holdout,97,96.99014348,6,7,2424503587,2425003587,5482947.953986,3953032.593780273,random3_k9,9,0.1619521763777916
cleanStatic,holdout,97,96.99014348,6,7,2424503587,2425003587,5482947.953986,3953032.593780273,random4_k9,9,0.4073870935393433
cleanStatic,holdout,97,96.99014348,6,7,2424503587,2425003587,5482947.953986,3953032.593780273,random5_k9,9,0.11884488692942646
cleanStatic,holdout,97,96.99035752,7,10,2424508938,2425008938,5482633.7974499995,2527525.0913516195,dense_two_source_glrt,187,0.16616792584400164
cleanStatic,holdout,97,96.99035752,7,10,2424508938,2425008938,5482633.7974499995,2527525.0913516195,dense_one_source_residual,187,1.0369763255372597
cleanStatic,holdout,97,96.99035752,7,10,2424508938,2425008938,5482633.7974499995,2527525.0913516195,raw_power_only,0,5482633.7974499995
cleanStatic,holdout,97,96.99035752,7,10,2424508938,2425008938,5482633.7974499995,2527525.0913516195,analytic_sparse_k3,3,0.037879747205365695
cleanStatic,holdout,97,96.99035752,7,10,2424508938,2425008938,5482633.7974499995,2527525.0913516195,uniform_k3,3,0.7639598318433466
cleanStatic,holdout,97,96.99035752,7,10,2424508938,2425008938,5482633.7974499995,2527525.0913516195,shuffled_k3,3,0.5467217541487165
cleanStatic,holdout,97,96.99035752,7,10,2424508938,2425008938,5482633.7974499995,2527525.0913516195,analytic_sparse_k5,5,0.12905972808401273
cleanStatic,holdout,97,96.99035752,7,10,2424508938,2425008938,5482633.7974499995,2527525.0913516195,uniform_k5,5,0.39297559082999844
cleanStatic,holdout,97,96.99035752,7,10,2424508938,2425008938,5482633.7974499995,2527525.0913516195,shuffled_k5,5,0.4742216948943271
cleanStatic,holdout,97,96.99035752,7,10,2424508938,2425008938,5482633.7974499995,2527525.0913516195,analytic_sparse_k9,9,0.054204524514246476
cleanStatic,holdout,97,96.99035752,7,10,2424508938,2425008938,5482633.7974499995,2527525.0913516195,uniform_k9,9,0.14805757334982625
cleanStatic,holdout,97,96.99035752,7,10,2424508938,2425008938,5482633.7974499995,2527525.0913516195,shuffled_k9,9,0.733842226779785
cleanStatic,holdout,97,96.99035752,7,10,2424508938,2425008938,5482633.7974499995,2527525.0913516195,ai_sparse_k3,3,0.08775766240738088
cleanStatic,holdout,97,96.99035752,7,10,2424508938,2425008938,5482633.7974499995,2527525.0913516195,pg_scc_k3,3,0.42235304162075665
cleanStatic,holdout,97,96.99035752,7,10,2424508938,2425008938,5482633.7974499995,2527525.0913516195,ai_sparse_k5,5,0.12528261219737463
cleanStatic,holdout,97,96.99035752,7,10,2424508938,2425008938,5482633.7974499995,2527525.0913516195,pg_scc_k5,5,0.2186253798225418
cleanStatic,holdout,97,96.99035752,7,10,2424508938,2425008938,5482633.7974499995,2527525.0913516195,ai_sparse_k9,9,0.20712612571461542
cleanStatic,holdout,97,96.99035752,7,10,2424508938,2425008938,5482633.7974499995,2527525.0913516195,pg_scc_k9,9,0.24512444291642352
cleanStatic,holdout,97,96.99035752,7,10,2424508938,2425008938,5482633.7974499995,2527525.0913516195,epl3,3,0.41231217241111623
cleanStatic,holdout,97,96.99035752,7,10,2424508938,2425008938,5482633.7974499995,2527525.0913516195,fixed9,9,0.20975014885276883
cleanStatic,holdout,97,96.99035752,7,10,2424508938,2425008938,5482633.7974499995,2527525.0913516195,random1_k3,3,0.24203217022196707
cleanStatic,holdout,97,96.99035752,7,10,2424508938,2425008938,5482633.7974499995,2527525.0913516195,random2_k3,3,0.3707276898446587
cleanStatic,holdout,97,96.99035752,7,10,2424508938,2425008938,5482633.7974499995,2527525.0913516195,random3_k3,3,0.15752642071031514
cleanStatic,holdout,97,96.99035752,7,10,2424508938,2425008938,5482633.7974499995,2527525.0913516195,random4_k3,3,1.7944347500194573
cleanStatic,holdout,97,96.99035752,7,10,2424508938,2425008938,5482633.7974499995,2527525.0913516195,random5_k3,3,0.6532956704082623
cleanStatic,holdout,97,96.99035752,7,10,2424508938,2425008938,5482633.7974499995,2527525.0913516195,random1_k5,5,1.0747916822040509
cleanStatic,holdout,97,96.99035752,7,10,2424508938,2425008938,5482633.7974499995,2527525.0913516195,random2_k5,5,0.649318973336851
cleanStatic,holdout,97,96.99035752,7,10,2424508938,2425008938,5482633.7974499995,2527525.0913516195,random3_k5,5,0.5944812950224074
cleanStatic,holdout,97,96.99035752,7,10,2424508938,2425008938,5482633.7974499995,2527525.0913516195,random4_k5,5,0.08221476979920943
cleanStatic,holdout,97,96.99035752,7,10,2424508938,2425008938,5482633.7974499995,2527525.0913516195,random5_k5,5,0.5479206196289129
cleanStatic,holdout,97,96.99035752,7,10,2424508938,2425008938,5482633.7974499995,2527525.0913516195,random1_k9,9,0.5374555633107934
cleanStatic,holdout,97,96.99035752,7,10,2424508938,2425008938,5482633.7974499995,2527525.0913516195,random2_k9,9,0.046002345738107825
cleanStatic,holdout,97,96.99035752,7,10,2424508938,2425008938,5482633.7974499995,2527525.0913516195,random3_k9,9,0.3286431495601587
cleanStatic,holdout,97,96.99035752,7,10,2424508938,2425008938,5482633.7974499995,2527525.0913516195,random4_k9,9,0.3942246967684591
cleanStatic,holdout,97,96.99035752,7,10,2424508938,2425008938,5482633.7974499995,2527525.0913516195,random5_k9,9,0.44476271521213523
cleanStatic,holdout,97,96.99062124,8,13,2424515531,2425015531,5485701.62823,6071648.41556476,dense_two_source_glrt,187,0.06879615729050784
cleanStatic,holdout,97,96.99062124,8,13,2424515531,2425015531,5485701.62823,6071648.41556476,dense_one_source_residual,187,0.3613711628828139
cleanStatic,holdout,97,96.99062124,8,13,2424515531,2425015531,5485701.62823,6071648.41556476,raw_power_only,0,5485701.62823
cleanStatic,holdout,97,96.99062124,8,13,2424515531,2425015531,5485701.62823,6071648.41556476,analytic_sparse_k3,3,0.28571621448904555
cleanStatic,holdout,97,96.99062124,8,13,2424515531,2425015531,5485701.62823,6071648.41556476,uniform_k3,3,0.4291199691571539
cleanStatic,holdout,97,96.99062124,8,13,2424515531,2425015531,5485701.62823,6071648.41556476,shuffled_k3,3,0.33977759087985615
cleanStatic,holdout,97,96.99062124,8,13,2424515531,2425015531,5485701.62823,6071648.41556476,analytic_sparse_k5,5,0.21548128036579342
cleanStatic,holdout,97,96.99062124,8,13,2424515531,2425015531,5485701.62823,6071648.41556476,uniform_k5,5,0.24132039834260866
cleanStatic,holdout,97,96.99062124,8,13,2424515531,2425015531,5485701.62823,6071648.41556476,shuffled_k5,5,0.03258856443566714
cleanStatic,holdout,97,96.99062124,8,13,2424515531,2425015531,5485701.62823,6071648.41556476,analytic_sparse_k9,9,0.0999896486152076
cleanStatic,holdout,97,96.99062124,8,13,2424515531,2425015531,5485701.62823,6071648.41556476,uniform_k9,9,0.04752471116241456
cleanStatic,holdout,97,96.99062124,8,13,2424515531,2425015531,5485701.62823,6071648.41556476,shuffled_k9,9,0.3111622451076897
cleanStatic,holdout,97,96.99062124,8,13,2424515531,2425015531,5485701.62823,6071648.41556476,ai_sparse_k3,3,0.158117337514473
cleanStatic,holdout,97,96.99062124,8,13,2424515531,2425015531,5485701.62823,6071648.41556476,pg_scc_k3,3,0.17536072643693001
cleanStatic,holdout,97,96.99062124,8,13,2424515531,2425015531,5485701.62823,6071648.41556476,ai_sparse_k5,5,0.20128108214502993
cleanStatic,holdout,97,96.99062124,8,13,2424515531,2425015531,5485701.62823,6071648.41556476,pg_scc_k5,5,0.014297605808529701
cleanStatic,holdout,97,96.99062124,8,13,2424515531,2425015531,5485701.62823,6071648.41556476,ai_sparse_k9,9,0.22007446862669633
cleanStatic,holdout,97,96.99062124,8,13,2424515531,2425015531,5485701.62823,6071648.41556476,pg_scc_k9,9,0.016658105533243636
cleanStatic,holdout,97,96.99062124,8,13,2424515531,2425015531,5485701.62823,6071648.41556476,epl3,3,0.19446740819020736
cleanStatic,holdout,97,96.99062124,8,13,2424515531,2425015531,5485701.62823,6071648.41556476,fixed9,9,0.26382528316371473
cleanStatic,holdout,97,96.99062124,8,13,2424515531,2425015531,5485701.62823,6071648.41556476,random1_k3,3,0.2879753523330452
cleanStatic,holdout,97,96.99062124,8,13,2424515531,2425015531,5485701.62823,6071648.41556476,random2_k3,3,0.0910245565405578
cleanStatic,holdout,97,96.99062124,8,13,2424515531,2425015531,5485701.62823,6071648.41556476,random3_k3,3,0.1837987274433759
cleanStatic,holdout,97,96.99062124,8,13,2424515531,2425015531,5485701.62823,6071648.41556476,random4_k3,3,0.434382832464385
cleanStatic,holdout,97,96.99062124,8,13,2424515531,2425015531,5485701.62823,6071648.41556476,random5_k3,3,0.1756352015150869
cleanStatic,holdout,97,96.99062124,8,13,2424515531,2425015531,5485701.62823,6071648.41556476,random1_k5,5,0.0938306998638021
cleanStatic,holdout,97,96.99062124,8,13,2424515531,2425015531,5485701.62823,6071648.41556476,random2_k5,5,0.032753873551356616
cleanStatic,holdout,97,96.99062124,8,13,2424515531,2425015531,5485701.62823,6071648.41556476,random3_k5,5,0.128765972054854
cleanStatic,holdout,97,96.99062124,8,13,2424515531,2425015531,5485701.62823,6071648.41556476,random4_k5,5,0.09948077536034054
cleanStatic,holdout,97,96.99062124,8,13,2424515531,2425015531,5485701.62823,6071648.41556476,random5_k5,5,0.10061492327300856
cleanStatic,holdout,97,96.99062124,8,13,2424515531,2425015531,5485701.62823,6071648.41556476,random1_k9,9,0.10739554301889537
cleanStatic,holdout,97,96.99062124,8,13,2424515531,2425015531,5485701.62823,6071648.41556476,random2_k9,9,0.11083940595754384
cleanStatic,holdout,97,96.99062124,8,13,2424515531,2425015531,5485701.62823,6071648.41556476,random3_k9,9,0.1525141979645373
cleanStatic,holdout,97,96.99062124,8,13,2424515531,2425015531,5485701.62823,6071648.41556476,random4_k9,9,0.11178685093476301
cleanStatic,holdout,97,96.99062124,8,13,2424515531,2425015531,5485701.62823,6071648.41556476,random5_k9,9,0.1263015992233669
cleanStatic,holdout,97,97.00343468,9,19,2424835867,2425335867,5469888.973142,4660659.932673544,dense_two_source_glrt,187,0.1690748907190304
cleanStatic,holdout,97,97.00343468,9,19,2424835867,2425335867,5469888.973142,4660659.932673544,dense_one_source_residual,187,0.8314118490530104
cleanStatic,holdout,97,97.00343468,9,19,2424835867,2425335867,5469888.973142,4660659.932673544,raw_power_only,0,5469888.973142
cleanStatic,holdout,97,97.00343468,9,19,2424835867,2425335867,5469888.973142,4660659.932673544,analytic_sparse_k3,3,0.4405322374837897
cleanStatic,holdout,97,97.00343468,9,19,2424835867,2425335867,5469888.973142,4660659.932673544,uniform_k3,3,0.3502199681772768
cleanStatic,holdout,97,97.00343468,9,19,2424835867,2425335867,5469888.973142,4660659.932673544,shuffled_k3,3,0.12495188803540136
cleanStatic,holdout,97,97.00343468,9,19,2424835867,2425335867,5469888.973142,4660659.932673544,analytic_sparse_k5,5,0.45535074695076777
cleanStatic,holdout,97,97.00343468,9,19,2424835867,2425335867,5469888.973142,4660659.932673544,uniform_k5,5,0.37717668711239105
cleanStatic,holdout,97,97.00343468,9,19,2424835867,2425335867,5469888.973142,4660659.932673544,shuffled_k5,5,0.1537943984917664
cleanStatic,holdout,97,97.00343468,9,19,2424835867,2425335867,5469888.973142,4660659.932673544,analytic_sparse_k9,9,0.26936623686359923
cleanStatic,holdout,97,97.00343468,9,19,2424835867,2425335867,5469888.973142,4660659.932673544,uniform_k9,9,0.04388327837453549
cleanStatic,holdout,97,97.00343468,9,19,2424835867,2425335867,5469888.973142,4660659.932673544,shuffled_k9,9,0.5582567606489354
cleanStatic,holdout,97,97.00343468,9,19,2424835867,2425335867,5469888.973142,4660659.932673544,ai_sparse_k3,3,0.9983613085623285
cleanStatic,holdout,97,97.00343468,9,19,2424835867,2425335867,5469888.973142,4660659.932673544,pg_scc_k3,3,1.0702719113758288
cleanStatic,holdout,97,97.00343468,9,19,2424835867,2425335867,5469888.973142,4660659.932673544,ai_sparse_k5,5,0.5682064131591117
cleanStatic,holdout,97,97.00343468,9,19,2424835867,2425335867,5469888.973142,4660659.932673544,pg_scc_k5,5,0.22697075420540588
cleanStatic,holdout,97,97.00343468,9,19,2424835867,2425335867,5469888.973142,4660659.932673544,ai_sparse_k9,9,0.6215060157251915
cleanStatic,holdout,97,97.00343468,9,19,2424835867,2425335867,5469888.973142,4660659.932673544,pg_scc_k9,9,0.2722942173971112
cleanStatic,holdout,97,97.00343468,9,19,2424835867,2425335867,5469888.973142,4660659.932673544,epl3,3,0.905729959324169
cleanStatic,holdout,97,97.00343468,9,19,2424835867,2425335867,5469888.973142,4660659.932673544,fixed9,9,0.8080219693474748
cleanStatic,holdout,97,97.00343468,9,19,2424835867,2425335867,5469888.973142,4660659.932673544,random1_k3,3,0.48576095549395654
cleanStatic,holdout,97,97.00343468,9,19,2424835867,2425335867,5469888.973142,4660659.932673544,random2_k3,3,0.27716478551311335
cleanStatic,holdout,97,97.00343468,9,19,2424835867,2425335867,5469888.973142,4660659.932673544,random3_k3,3,0.6642821488998781
cleanStatic,holdout,97,97.00343468,9,19,2424835867,2425335867,5469888.973142,4660659.932673544,random4_k3,3,0.8443628983416103
cleanStatic,holdout,97,97.00343468,9,19,2424835867,2425335867,5469888.973142,4660659.932673544,random5_k3,3,0.3296995590371266
cleanStatic,holdout,97,97.00343468,9,19,2424835867,2425335867,5469888.973142,4660659.932673544,random1_k5,5,0.3036064511312821
cleanStatic,holdout,97,97.00343468,9,19,2424835867,2425335867,5469888.973142,4660659.932673544,random2_k5,5,0.19334604560312685
cleanStatic,holdout,97,97.00343468,9,19,2424835867,2425335867,5469888.973142,4660659.932673544,random3_k5,5,0.25642069154551655
cleanStatic,holdout,97,97.00343468,9,19,2424835867,2425335867,5469888.973142,4660659.932673544,random4_k5,5,0.14248360585378025
cleanStatic,holdout,97,97.00343468,9,19,2424835867,2425335867,5469888.973142,4660659.932673544,random5_k5,5,0.21055976418508227
cleanStatic,holdout,97,97.00343468,9,19,2424835867,2425335867,5469888.973142,4660659.932673544,random1_k9,9,0.5421593727046712
cleanStatic,holdout,97,97.00343468,9,19,2424835867,2425335867,5469888.973142,4660659.932673544,random2_k9,9,0.1950317085898068
cleanStatic,holdout,97,97.00343468,9,19,2424835867,2425335867,5469888.973142,4660659.932673544,random3_k9,9,0.2662863728313064
cleanStatic,holdout,97,97.00343468,9,19,2424835867,2425335867,5469888.973142,4660659.932673544,random4_k9,9,0.30229408790959145
cleanStatic,holdout,97,97.00343468,9,19,2424835867,2425335867,5469888.973142,4660659.932673544,random5_k9,9,0.1088325400305979
cleanStatic,holdout,97,96.990629,10,23,2424515725,2425015725,5485778.530396,6588246.003988397,dense_two_source_glrt,187,0.08650532529337603
cleanStatic,holdout,97,96.990629,10,23,2424515725,2425015725,5485778.530396,6588246.003988397,dense_one_source_residual,187,0.32480524611419065
cleanStatic,holdout,97,96.990629,10,23,2424515725,2425015725,5485778.530396,6588246.003988397,raw_power_only,0,5485778.530396
cleanStatic,holdout,97,96.990629,10,23,2424515725,2425015725,5485778.530396,6588246.003988397,analytic_sparse_k3,3,0.019679690606838243
cleanStatic,holdout,97,96.990629,10,23,2424515725,2425015725,5485778.530396,6588246.003988397,uniform_k3,3,0.37966513324094686
cleanStatic,holdout,97,96.990629,10,23,2424515725,2425015725,5485778.530396,6588246.003988397,shuffled_k3,3,0.040285910688236205
cleanStatic,holdout,97,96.990629,10,23,2424515725,2425015725,5485778.530396,6588246.003988397,analytic_sparse_k5,5,0.15084224113116582
cleanStatic,holdout,97,96.990629,10,23,2424515725,2425015725,5485778.530396,6588246.003988397,uniform_k5,5,0.1260345467815225
cleanStatic,holdout,97,96.990629,10,23,2424515725,2425015725,5485778.530396,6588246.003988397,shuffled_k5,5,0.09753703503081472
cleanStatic,holdout,97,96.990629,10,23,2424515725,2425015725,5485778.530396,6588246.003988397,analytic_sparse_k9,9,0.06916237707940137
cleanStatic,holdout,97,96.990629,10,23,2424515725,2425015725,5485778.530396,6588246.003988397,uniform_k9,9,0.04651047509937737
cleanStatic,holdout,97,96.990629,10,23,2424515725,2425015725,5485778.530396,6588246.003988397,shuffled_k9,9,0.17492881541737518
cleanStatic,holdout,97,96.990629,10,23,2424515725,2425015725,5485778.530396,6588246.003988397,ai_sparse_k3,3,0.4114765404031903
cleanStatic,holdout,97,96.990629,10,23,2424515725,2425015725,5485778.530396,6588246.003988397,pg_scc_k3,3,0.3904682203230843
cleanStatic,holdout,97,96.990629,10,23,2424515725,2425015725,5485778.530396,6588246.003988397,ai_sparse_k5,5,0.3184019649261913
cleanStatic,holdout,97,96.990629,10,23,2424515725,2425015725,5485778.530396,6588246.003988397,pg_scc_k5,5,0.07895772511364937
cleanStatic,holdout,97,96.990629,10,23,2424515725,2425015725,5485778.530396,6588246.003988397,ai_sparse_k9,9,0.23722186513741367
cleanStatic,holdout,97,96.990629,10,23,2424515725,2425015725,5485778.530396,6588246.003988397,pg_scc_k9,9,0.06826516032112744
cleanStatic,holdout,97,96.990629,10,23,2424515725,2425015725,5485778.530396,6588246.003988397,epl3,3,0.3212885677422076
cleanStatic,holdout,97,96.990629,10,23,2424515725,2425015725,5485778.530396,6588246.003988397,fixed9,9,0.35094088544206276
cleanStatic,holdout,97,96.990629,10,23,2424515725,2425015725,5485778.530396,6588246.003988397,random1_k3,3,0.174921819055166
cleanStatic,holdout,97,96.990629,10,23,2424515725,2425015725,5485778.530396,6588246.003988397,random2_k3,3,0.1000608236671599
cleanStatic,holdout,97,96.990629,10,23,2424515725,2425015725,5485778.530396,6588246.003988397,random3_k3,3,0.49634614147384043
cleanStatic,holdout,97,96.990629,10,23,2424515725,2425015725,5485778.530396,6588246.003988397,random4_k3,3,0.06902264754608149
cleanStatic,holdout,97,96.990629,10,23,2424515725,2425015725,5485778.530396,6588246.003988397,random5_k3,3,0.0322672887210251
cleanStatic,holdout,97,96.990629,10,23,2424515725,2425015725,5485778.530396,6588246.003988397,random1_k5,5,0.13859183518515072
cleanStatic,holdout,97,96.990629,10,23,2424515725,2425015725,5485778.530396,6588246.003988397,random2_k5,5,0.21447752193207492
cleanStatic,holdout,97,96.990629,10,23,2424515725,2425015725,5485778.530396,6588246.003988397,random3_k5,5,0.21869968812895527
cleanStatic,holdout,97,96.990629,10,23,2424515725,2425015725,5485778.530396,6588246.003988397,random4_k5,5,0.175172514293971
cleanStatic,holdout,97,96.990629,10,23,2424515725,2425015725,5485778.530396,6588246.003988397,random5_k5,5,0.1378419066769701
cleanStatic,holdout,97,96.990629,10,23,2424515725,2425015725,5485778.530396,6588246.003988397,random1_k9,9,0.2106591873855613
cleanStatic,holdout,97,96.990629,10,23,2424515725,2425015725,5485778.530396,6588246.003988397,random2_k9,9,0.05780657685380383
cleanStatic,holdout,97,96.990629,10,23,2424515725,2425015725,5485778.530396,6588246.003988397,random3_k9,9,0.18292161648439983
cleanStatic,holdout,97,96.990629,10,23,2424515725,2425015725,5485778.530396,6588246.003988397,random4_k9,9,0.03640381834730132
cleanStatic,holdout,97,96.990629,10,23,2424515725,2425015725,5485778.530396,6588246.003988397,random5_k9,9,0.03772058065668668
cleanStatic,holdout,99,98.9923796,0,16,2474559490,2475059490,5486094.621038001,5125299.190564096,dense_two_source_glrt,187,0.05652340851253056
cleanStatic,holdout,99,98.9923796,0,16,2474559490,2475059490,5486094.621038001,5125299.190564096,dense_one_source_residual,187,0.32938226501645373
cleanStatic,holdout,99,98.9923796,0,16,2474559490,2475059490,5486094.621038001,5125299.190564096,raw_power_only,0,5486094.621038001
cleanStatic,holdout,99,98.9923796,0,16,2474559490,2475059490,5486094.621038001,5125299.190564096,analytic_sparse_k3,3,0.015545719519021122
cleanStatic,holdout,99,98.9923796,0,16,2474559490,2475059490,5486094.621038001,5125299.190564096,uniform_k3,3,0.04015608100036996
cleanStatic,holdout,99,98.9923796,0,16,2474559490,2475059490,5486094.621038001,5125299.190564096,shuffled_k3,3,0.07488685460185265
cleanStatic,holdout,99,98.9923796,0,16,2474559490,2475059490,5486094.621038001,5125299.190564096,analytic_sparse_k5,5,0.033506139326947584
cleanStatic,holdout,99,98.9923796,0,16,2474559490,2475059490,5486094.621038001,5125299.190564096,uniform_k5,5,0.22797176651932896
cleanStatic,holdout,99,98.9923796,0,16,2474559490,2475059490,5486094.621038001,5125299.190564096,shuffled_k5,5,0.03518838553993561
cleanStatic,holdout,99,98.9923796,0,16,2474559490,2475059490,5486094.621038001,5125299.190564096,analytic_sparse_k9,9,0.07843434583528763
cleanStatic,holdout,99,98.9923796,0,16,2474559490,2475059490,5486094.621038001,5125299.190564096,uniform_k9,9,0.033384067300064144
cleanStatic,holdout,99,98.9923796,0,16,2474559490,2475059490,5486094.621038001,5125299.190564096,shuffled_k9,9,0.08396691293537249
cleanStatic,holdout,99,98.9923796,0,16,2474559490,2475059490,5486094.621038001,5125299.190564096,ai_sparse_k3,3,0.30498593507928434
cleanStatic,holdout,99,98.9923796,0,16,2474559490,2475059490,5486094.621038001,5125299.190564096,pg_scc_k3,3,0.2684498736619542
cleanStatic,holdout,99,98.9923796,0,16,2474559490,2475059490,5486094.621038001,5125299.190564096,ai_sparse_k5,5,0.028899968376841702
cleanStatic,holdout,99,98.9923796,0,16,2474559490,2475059490,5486094.621038001,5125299.190564096,pg_scc_k5,5,0.20333187400873345
cleanStatic,holdout,99,98.9923796,0,16,2474559490,2475059490,5486094.621038001,5125299.190564096,ai_sparse_k9,9,0.054808478287219325
cleanStatic,holdout,99,98.9923796,0,16,2474559490,2475059490,5486094.621038001,5125299.190564096,pg_scc_k9,9,0.08694269392266822
cleanStatic,holdout,99,98.9923796,0,16,2474559490,2475059490,5486094.621038001,5125299.190564096,epl3,3,0.2586707530931599
cleanStatic,holdout,99,98.9923796,0,16,2474559490,2475059490,5486094.621038001,5125299.190564096,fixed9,9,0.09042679801147695
cleanStatic,holdout,99,98.9923796,0,16,2474559490,2475059490,5486094.621038001,5125299.190564096,random1_k3,3,0.41156253292904643
cleanStatic,holdout,99,98.9923796,0,16,2474559490,2475059490,5486094.621038001,5125299.190564096,random2_k3,3,0.11367612663823923
cleanStatic,holdout,99,98.9923796,0,16,2474559490,2475059490,5486094.621038001,5125299.190564096,random3_k3,3,0.4445181172549708
cleanStatic,holdout,99,98.9923796,0,16,2474559490,2475059490,5486094.621038001,5125299.190564096,random4_k3,3,0.1826987625384816
cleanStatic,holdout,99,98.9923796,0,16,2474559490,2475059490,5486094.621038001,5125299.190564096,random5_k3,3,0.16340921179938314
cleanStatic,holdout,99,98.9923796,0,16,2474559490,2475059490,5486094.621038001,5125299.190564096,random1_k5,5,0.023005258917704864
cleanStatic,holdout,99,98.9923796,0,16,2474559490,2475059490,5486094.621038001,5125299.190564096,random2_k5,5,0.027971489390742277
cleanStatic,holdout,99,98.9923796,0,16,2474559490,2475059490,5486094.621038001,5125299.190564096,random3_k5,5,0.01800508239996238
cleanStatic,holdout,99,98.9923796,0,16,2474559490,2475059490,5486094.621038001,5125299.190564096,random4_k5,5,0.1074158670991073
cleanStatic,holdout,99,98.9923796,0,16,2474559490,2475059490,5486094.621038001,5125299.190564096,random5_k5,5,0.16040688343397824
cleanStatic,holdout,99,98.9923796,0,16,2474559490,2475059490,5486094.621038001,5125299.190564096,random1_k9,9,0.045123800203499737
cleanStatic,holdout,99,98.9923796,0,16,2474559490,2475059490,5486094.621038001,5125299.190564096,random2_k9,9,0.10305178286614966
cleanStatic,holdout,99,98.9923796,0,16,2474559490,2475059490,5486094.621038001,5125299.190564096,random3_k9,9,0.08929515901915296
cleanStatic,holdout,99,98.9923796,0,16,2474559490,2475059490,5486094.621038001,5125299.190564096,random4_k9,9,0.19440385069948624
cleanStatic,holdout,99,98.9923796,0,16,2474559490,2475059490,5486094.621038001,5125299.190564096,random5_k9,9,0.3841575841752749
cleanStatic,holdout,99,98.99015864,1,8,2474503966,2475003966,5485815.875262,2023758.602662379,dense_two_source_glrt,187,0.9393511546725845
cleanStatic,holdout,99,98.99015864,1,8,2474503966,2475003966,5485815.875262,2023758.602662379,dense_one_source_residual,187,2.684083731417478
cleanStatic,holdout,99,98.99015864,1,8,2474503966,2475003966,5485815.875262,2023758.602662379,raw_power_only,0,5485815.875262
cleanStatic,holdout,99,98.99015864,1,8,2474503966,2475003966,5485815.875262,2023758.602662379,analytic_sparse_k3,3,1.2700474504014754
cleanStatic,holdout,99,98.99015864,1,8,2474503966,2475003966,5485815.875262,2023758.602662379,uniform_k3,3,2.73639012865492
cleanStatic,holdout,99,98.99015864,1,8,2474503966,2475003966,5485815.875262,2023758.602662379,shuffled_k3,3,1.5275268380018066
cleanStatic,holdout,99,98.99015864,1,8,2474503966,2475003966,5485815.875262,2023758.602662379,analytic_sparse_k5,5,1.3616170499879554
cleanStatic,holdout,99,98.99015864,1,8,2474503966,2475003966,5485815.875262,2023758.602662379,uniform_k5,5,2.7348396117722826
cleanStatic,holdout,99,98.99015864,1,8,2474503966,2475003966,5485815.875262,2023758.602662379,shuffled_k5,5,1.7180756729958513
cleanStatic,holdout,99,98.99015864,1,8,2474503966,2475003966,5485815.875262,2023758.602662379,analytic_sparse_k9,9,1.2284488733127619
cleanStatic,holdout,99,98.99015864,1,8,2474503966,2475003966,5485815.875262,2023758.602662379,uniform_k9,9,1.0787700416365058
cleanStatic,holdout,99,98.99015864,1,8,2474503966,2475003966,5485815.875262,2023758.602662379,shuffled_k9,9,0.5353469203111483
cleanStatic,holdout,99,98.99015864,1,8,2474503966,2475003966,5485815.875262,2023758.602662379,ai_sparse_k3,3,1.5178867976455932
cleanStatic,holdout,99,98.99015864,1,8,2474503966,2475003966,5485815.875262,2023758.602662379,pg_scc_k3,3,1.5517953546267333
cleanStatic,holdout,99,98.99015864,1,8,2474503966,2475003966,5485815.875262,2023758.602662379,ai_sparse_k5,5,1.3824237353128885
cleanStatic,holdout,99,98.99015864,1,8,2474503966,2475003966,5485815.875262,2023758.602662379,pg_scc_k5,5,0.7785727568470827
cleanStatic,holdout,99,98.99015864,1,8,2474503966,2475003966,5485815.875262,2023758.602662379,ai_sparse_k9,9,0.9425789744470594
cleanStatic,holdout,99,98.99015864,1,8,2474503966,2475003966,5485815.875262,2023758.602662379,pg_scc_k9,9,0.9653286992321968
cleanStatic,holdout,99,98.99015864,1,8,2474503966,2475003966,5485815.875262,2023758.602662379,epl3,3,1.2100157210502438
cleanStatic,holdout,99,98.99015864,1,8,2474503966,2475003966,5485815.875262,2023758.602662379,fixed9,9,0.8746029168948044
cleanStatic,holdout,99,98.99015864,1,8,2474503966,2475003966,5485815.875262,2023758.602662379,random1_k3,3,0.9927610808483607
cleanStatic,holdout,99,98.99015864,1,8,2474503966,2475003966,5485815.875262,2023758.602662379,random2_k3,3,1.6159547683881925
cleanStatic,holdout,99,98.99015864,1,8,2474503966,2475003966,5485815.875262,2023758.602662379,random3_k3,3,1.7629370295908984
cleanStatic,holdout,99,98.99015864,1,8,2474503966,2475003966,5485815.875262,2023758.602662379,random4_k3,3,0.4196273668959702
cleanStatic,holdout,99,98.99015864,1,8,2474503966,2475003966,5485815.875262,2023758.602662379,random5_k3,3,1.109109659137632
cleanStatic,holdout,99,98.99015864,1,8,2474503966,2475003966,5485815.875262,2023758.602662379,random1_k5,5,1.2175502170001444
cleanStatic,holdout,99,98.99015864,1,8,2474503966,2475003966,5485815.875262,2023758.602662379,random2_k5,5,2.0493932003718207
cleanStatic,holdout,99,98.99015864,1,8,2474503966,2475003966,5485815.875262,2023758.602662379,random3_k5,5,0.5968715049477311
cleanStatic,holdout,99,98.99015864,1,8,2474503966,2475003966,5485815.875262,2023758.602662379,random4_k5,5,1.7321740004136785
cleanStatic,holdout,99,98.99015864,1,8,2474503966,2475003966,5485815.875262,2023758.602662379,random5_k5,5,1.4989075639162082
cleanStatic,holdout,99,98.99015864,1,8,2474503966,2475003966,5485815.875262,2023758.602662379,random1_k9,9,2.0903193601297256
cleanStatic,holdout,99,98.99015864,1,8,2474503966,2475003966,5485815.875262,2023758.602662379,random2_k9,9,1.5139020099354856
cleanStatic,holdout,99,98.99015864,1,8,2474503966,2475003966,5485815.875262,2023758.602662379,random3_k9,9,0.8628766238459727
cleanStatic,holdout,99,98.99015864,1,8,2474503966,2475003966,5485815.875262,2023758.602662379,random4_k9,9,2.6171977158778796
cleanStatic,holdout,99,98.99015864,1,8,2474503966,2475003966,5485815.875262,2023758.602662379,random5_k9,9,0.2655310962685845
cleanStatic,holdout,99,98.99152208,2,3,2474538052,2475038052,5486353.081276,6146552.687223212,dense_two_source_glrt,187,0.10354519849213323
cleanStatic,holdout,99,98.99152208,2,3,2474538052,2475038052,5486353.081276,6146552.687223212,dense_one_source_residual,187,0.4631050718614403
cleanStatic,holdout,99,98.99152208,2,3,2474538052,2475038052,5486353.081276,6146552.687223212,raw_power_only,0,5486353.081276
cleanStatic,holdout,99,98.99152208,2,3,2474538052,2475038052,5486353.081276,6146552.687223212,analytic_sparse_k3,3,0.04442502697929691
cleanStatic,holdout,99,98.99152208,2,3,2474538052,2475038052,5486353.081276,6146552.687223212,uniform_k3,3,0.2650084398346328
cleanStatic,holdout,99,98.99152208,2,3,2474538052,2475038052,5486353.081276,6146552.687223212,shuffled_k3,3,0.2162978942781095
cleanStatic,holdout,99,98.99152208,2,3,2474538052,2475038052,5486353.081276,6146552.687223212,analytic_sparse_k5,5,0.16691676419800888
cleanStatic,holdout,99,98.99152208,2,3,2474538052,2475038052,5486353.081276,6146552.687223212,uniform_k5,5,0.08609506309657249
cleanStatic,holdout,99,98.99152208,2,3,2474538052,2475038052,5486353.081276,6146552.687223212,shuffled_k5,5,0.2580604340494961
cleanStatic,holdout,99,98.99152208,2,3,2474538052,2475038052,5486353.081276,6146552.687223212,analytic_sparse_k9,9,0.24938234639229195
cleanStatic,holdout,99,98.99152208,2,3,2474538052,2475038052,5486353.081276,6146552.687223212,uniform_k9,9,0.08635558523885178
cleanStatic,holdout,99,98.99152208,2,3,2474538052,2475038052,5486353.081276,6146552.687223212,shuffled_k9,9,0.35736316023539144
cleanStatic,holdout,99,98.99152208,2,3,2474538052,2475038052,5486353.081276,6146552.687223212,ai_sparse_k3,3,0.5799556334052451
cleanStatic,holdout,99,98.99152208,2,3,2474538052,2475038052,5486353.081276,6146552.687223212,pg_scc_k3,3,0.5063536600742193
cleanStatic,holdout,99,98.99152208,2,3,2474538052,2475038052,5486353.081276,6146552.687223212,ai_sparse_k5,5,0.5162313221751929
cleanStatic,holdout,99,98.99152208,2,3,2474538052,2475038052,5486353.081276,6146552.687223212,pg_scc_k5,5,0.251122371600944
cleanStatic,holdout,99,98.99152208,2,3,2474538052,2475038052,5486353.081276,6146552.687223212,ai_sparse_k9,9,0.2875906481775632
cleanStatic,holdout,99,98.99152208,2,3,2474538052,2475038052,5486353.081276,6146552.687223212,pg_scc_k9,9,0.29055464891250615
cleanStatic,holdout,99,98.99152208,2,3,2474538052,2475038052,5486353.081276,6146552.687223212,epl3,3,0.3417021338308556
cleanStatic,holdout,99,98.99152208,2,3,2474538052,2475038052,5486353.081276,6146552.687223212,fixed9,9,0.43280451083952215
cleanStatic,holdout,99,98.99152208,2,3,2474538052,2475038052,5486353.081276,6146552.687223212,random1_k3,3,0.3683536698826623
cleanStatic,holdout,99,98.99152208,2,3,2474538052,2475038052,5486353.081276,6146552.687223212,random2_k3,3,0.6677676845829188
cleanStatic,holdout,99,98.99152208,2,3,2474538052,2475038052,5486353.081276,6146552.687223212,random3_k3,3,0.2102916854679184
cleanStatic,holdout,99,98.99152208,2,3,2474538052,2475038052,5486353.081276,6146552.687223212,random4_k3,3,0.2943124220502255
cleanStatic,holdout,99,98.99152208,2,3,2474538052,2475038052,5486353.081276,6146552.687223212,random5_k3,3,0.3102164057485151
cleanStatic,holdout,99,98.99152208,2,3,2474538052,2475038052,5486353.081276,6146552.687223212,random1_k5,5,0.14201965654192597
cleanStatic,holdout,99,98.99152208,2,3,2474538052,2475038052,5486353.081276,6146552.687223212,random2_k5,5,0.2544793920687993
cleanStatic,holdout,99,98.99152208,2,3,2474538052,2475038052,5486353.081276,6146552.687223212,random3_k5,5,0.109385878656443
cleanStatic,holdout,99,98.99152208,2,3,2474538052,2475038052,5486353.081276,6146552.687223212,random4_k5,5,0.15824462890479926
cleanStatic,holdout,99,98.99152208,2,3,2474538052,2475038052,5486353.081276,6146552.687223212,random5_k5,5,0.23069992245816673
cleanStatic,holdout,99,98.99152208,2,3,2474538052,2475038052,5486353.081276,6146552.687223212,random1_k9,9,0.15255995364567548
cleanStatic,holdout,99,98.99152208,2,3,2474538052,2475038052,5486353.081276,6146552.687223212,random2_k9,9,0.15855609410696087
cleanStatic,holdout,99,98.99152208,2,3,2474538052,2475038052,5486353.081276,6146552.687223212,random3_k9,9,0.20571547577869354
cleanStatic,holdout,99,98.99152208,2,3,2474538052,2475038052,5486353.081276,6146552.687223212,random4_k9,9,0.07627729111660875
cleanStatic,holdout,99,98.99152208,2,3,2474538052,2475038052,5486353.081276,6146552.687223212,random5_k9,9,0.20915339244906406
cleanStatic,holdout,99,99.26043268,3,20,2481260817,2481760817,5491327.710092,2080802.3425617716,dense_two_source_glrt,187,0.6276948191647732
cleanStatic,holdout,99,99.26043268,3,20,2481260817,2481760817,5491327.710092,2080802.3425617716,dense_one_source_residual,187,3.467762127070525
cleanStatic,holdout,99,99.26043268,3,20,2481260817,2481760817,5491327.710092,2080802.3425617716,raw_power_only,0,5491327.710092
cleanStatic,holdout,99,99.26043268,3,20,2481260817,2481760817,5491327.710092,2080802.3425617716,analytic_sparse_k3,3,0.5692101070839367
cleanStatic,holdout,99,99.26043268,3,20,2481260817,2481760817,5491327.710092,2080802.3425617716,uniform_k3,3,1.1325039214733648
cleanStatic,holdout,99,99.26043268,3,20,2481260817,2481760817,5491327.710092,2080802.3425617716,shuffled_k3,3,0.6179112649970567
cleanStatic,holdout,99,99.26043268,3,20,2481260817,2481760817,5491327.710092,2080802.3425617716,analytic_sparse_k5,5,0.31623300373846897
cleanStatic,holdout,99,99.26043268,3,20,2481260817,2481760817,5491327.710092,2080802.3425617716,uniform_k5,5,0.14246990208198315
cleanStatic,holdout,99,99.26043268,3,20,2481260817,2481760817,5491327.710092,2080802.3425617716,shuffled_k5,5,1.049018450744866
cleanStatic,holdout,99,99.26043268,3,20,2481260817,2481760817,5491327.710092,2080802.3425617716,analytic_sparse_k9,9,1.1036048834852943
cleanStatic,holdout,99,99.26043268,3,20,2481260817,2481760817,5491327.710092,2080802.3425617716,uniform_k9,9,0.2835077055597477
cleanStatic,holdout,99,99.26043268,3,20,2481260817,2481760817,5491327.710092,2080802.3425617716,shuffled_k9,9,2.3190141957961163
cleanStatic,holdout,99,99.26043268,3,20,2481260817,2481760817,5491327.710092,2080802.3425617716,ai_sparse_k3,3,2.619497125891145
cleanStatic,holdout,99,99.26043268,3,20,2481260817,2481760817,5491327.710092,2080802.3425617716,pg_scc_k3,3,3.503390734482022
cleanStatic,holdout,99,99.26043268,3,20,2481260817,2481760817,5491327.710092,2080802.3425617716,ai_sparse_k5,5,0.912808530865045
cleanStatic,holdout,99,99.26043268,3,20,2481260817,2481760817,5491327.710092,2080802.3425617716,pg_scc_k5,5,1.151997077550638
cleanStatic,holdout,99,99.26043268,3,20,2481260817,2481760817,5491327.710092,2080802.3425617716,ai_sparse_k9,9,1.1065146398030914
cleanStatic,holdout,99,99.26043268,3,20,2481260817,2481760817,5491327.710092,2080802.3425617716,pg_scc_k9,9,1.116024144302359
cleanStatic,holdout,99,99.26043268,3,20,2481260817,2481760817,5491327.710092,2080802.3425617716,epl3,3,5.219770938824394
cleanStatic,holdout,99,99.26043268,3,20,2481260817,2481760817,5491327.710092,2080802.3425617716,fixed9,9,3.1578782560627348
cleanStatic,holdout,99,99.26043268,3,20,2481260817,2481760817,5491327.710092,2080802.3425617716,random1_k3,3,0.993875816022236
cleanStatic,holdout,99,99.26043268,3,20,2481260817,2481760817,5491327.710092,2080802.3425617716,random2_k3,3,2.4233668854070163
cleanStatic,holdout,99,99.26043268,3,20,2481260817,2481760817,5491327.710092,2080802.3425617716,random3_k3,3,3.1200268983906856
cleanStatic,holdout,99,99.26043268,3,20,2481260817,2481760817,5491327.710092,2080802.3425617716,random4_k3,3,1.6253562357602303
cleanStatic,holdout,99,99.26043268,3,20,2481260817,2481760817,5491327.710092,2080802.3425617716,random5_k3,3,0.3407704426850915
cleanStatic,holdout,99,99.26043268,3,20,2481260817,2481760817,5491327.710092,2080802.3425617716,random1_k5,5,1.7083849566248048
cleanStatic,holdout,99,99.26043268,3,20,2481260817,2481760817,5491327.710092,2080802.3425617716,random2_k5,5,1.4368433699407344
cleanStatic,holdout,99,99.26043268,3,20,2481260817,2481760817,5491327.710092,2080802.3425617716,random3_k5,5,2.7048500972107496
cleanStatic,holdout,99,99.26043268,3,20,2481260817,2481760817,5491327.710092,2080802.3425617716,random4_k5,5,2.728839417765465
cleanStatic,holdout,99,99.26043268,3,20,2481260817,2481760817,5491327.710092,2080802.3425617716,random5_k5,5,1.1161318386618821
cleanStatic,holdout,99,99.26043268,3,20,2481260817,2481760817,5491327.710092,2080802.3425617716,random1_k9,9,2.241300360170193
cleanStatic,holdout,99,99.26043268,3,20,2481260817,2481760817,5491327.710092,2080802.3425617716,random2_k9,9,0.16668217767185092
cleanStatic,holdout,99,99.26043268,3,20,2481260817,2481760817,5491327.710092,2080802.3425617716,random3_k9,9,0.8623888951851827
cleanStatic,holdout,99,99.26043268,3,20,2481260817,2481760817,5491327.710092,2080802.3425617716,random4_k9,9,0.9010537287849966
cleanStatic,holdout,99,99.26043268,3,20,2481260817,2481760817,5491327.710092,2080802.3425617716,random5_k9,9,0.8226567270125003
cleanStatic,holdout,99,99.03275204,4,30,2475568801,2476068801,5484997.916989999,2247816.2099648635,dense_two_source_glrt,187,0.9946959002935324
cleanStatic,holdout,99,99.03275204,4,30,2475568801,2476068801,5484997.916989999,2247816.2099648635,dense_one_source_residual,187,4.786933693027116
cleanStatic,holdout,99,99.03275204,4,30,2475568801,2476068801,5484997.916989999,2247816.2099648635,raw_power_only,0,5484997.916989999
cleanStatic,holdout,99,99.03275204,4,30,2475568801,2476068801,5484997.916989999,2247816.2099648635,analytic_sparse_k3,3,0.5968128800795643
cleanStatic,holdout,99,99.03275204,4,30,2475568801,2476068801,5484997.916989999,2247816.2099648635,uniform_k3,3,3.0187734825592045
cleanStatic,holdout,99,99.03275204,4,30,2475568801,2476068801,5484997.916989999,2247816.2099648635,shuffled_k3,3,0.2022320865084143
cleanStatic,holdout,99,99.03275204,4,30,2475568801,2476068801,5484997.916989999,2247816.2099648635,analytic_sparse_k5,5,2.0235189457707934
cleanStatic,holdout,99,99.03275204,4,30,2475568801,2476068801,5484997.916989999,2247816.2099648635,uniform_k5,5,4.275492087979936
cleanStatic,holdout,99,99.03275204,4,30,2475568801,2476068801,5484997.916989999,2247816.2099648635,shuffled_k5,5,1.9251400027458778
cleanStatic,holdout,99,99.03275204,4,30,2475568801,2476068801,5484997.916989999,2247816.2099648635,analytic_sparse_k9,9,1.7660409969541522
cleanStatic,holdout,99,99.03275204,4,30,2475568801,2476068801,5484997.916989999,2247816.2099648635,uniform_k9,9,0.26236011322430464
cleanStatic,holdout,99,99.03275204,4,30,2475568801,2476068801,5484997.916989999,2247816.2099648635,shuffled_k9,9,3.8585886301763423
cleanStatic,holdout,99,99.03275204,4,30,2475568801,2476068801,5484997.916989999,2247816.2099648635,ai_sparse_k3,3,7.673230799570817
cleanStatic,holdout,99,99.03275204,4,30,2475568801,2476068801,5484997.916989999,2247816.2099648635,pg_scc_k3,3,4.936709059289587
cleanStatic,holdout,99,99.03275204,4,30,2475568801,2476068801,5484997.916989999,2247816.2099648635,ai_sparse_k5,5,5.104389405121535
cleanStatic,holdout,99,99.03275204,4,30,2475568801,2476068801,5484997.916989999,2247816.2099648635,pg_scc_k5,5,0.6571423678560236
cleanStatic,holdout,99,99.03275204,4,30,2475568801,2476068801,5484997.916989999,2247816.2099648635,ai_sparse_k9,9,3.0216660129535358
cleanStatic,holdout,99,99.03275204,4,30,2475568801,2476068801,5484997.916989999,2247816.2099648635,pg_scc_k9,9,0.748457677626581
cleanStatic,holdout,99,99.03275204,4,30,2475568801,2476068801,5484997.916989999,2247816.2099648635,epl3,3,5.1618360882247085
cleanStatic,holdout,99,99.03275204,4,30,2475568801,2476068801,5484997.916989999,2247816.2099648635,fixed9,9,4.116433193542749
cleanStatic,holdout,99,99.03275204,4,30,2475568801,2476068801,5484997.916989999,2247816.2099648635,random1_k3,3,2.913156647146561
cleanStatic,holdout,99,99.03275204,4,30,2475568801,2476068801,5484997.916989999,2247816.2099648635,random2_k3,3,2.0114856581687657
cleanStatic,holdout,99,99.03275204,4,30,2475568801,2476068801,5484997.916989999,2247816.2099648635,random3_k3,3,3.9357339009316985
cleanStatic,holdout,99,99.03275204,4,30,2475568801,2476068801,5484997.916989999,2247816.2099648635,random4_k3,3,2.032719036230373
cleanStatic,holdout,99,99.03275204,4,30,2475568801,2476068801,5484997.916989999,2247816.2099648635,random5_k3,3,0.39702391845057444
cleanStatic,holdout,99,99.03275204,4,30,2475568801,2476068801,5484997.916989999,2247816.2099648635,random1_k5,5,1.41740132013116
cleanStatic,holdout,99,99.03275204,4,30,2475568801,2476068801,5484997.916989999,2247816.2099648635,random2_k5,5,2.0806225726386174
cleanStatic,holdout,99,99.03275204,4,30,2475568801,2476068801,5484997.916989999,2247816.2099648635,random3_k5,5,2.0704840802630278
cleanStatic,holdout,99,99.03275204,4,30,2475568801,2476068801,5484997.916989999,2247816.2099648635,random4_k5,5,1.525200415537904
cleanStatic,holdout,99,99.03275204,4,30,2475568801,2476068801,5484997.916989999,2247816.2099648635,random5_k5,5,2.3132572473522317
cleanStatic,holdout,99,99.03275204,4,30,2475568801,2476068801,5484997.916989999,2247816.2099648635,random1_k9,9,4.125036171403453
cleanStatic,holdout,99,99.03275204,4,30,2475568801,2476068801,5484997.916989999,2247816.2099648635,random2_k9,9,0.8816657753292263
cleanStatic,holdout,99,99.03275204,4,30,2475568801,2476068801,5484997.916989999,2247816.2099648635,random3_k9,9,2.2589420769705404
cleanStatic,holdout,99,99.03275204,4,30,2475568801,2476068801,5484997.916989999,2247816.2099648635,random4_k9,9,2.050858898139721
cleanStatic,holdout,99,99.03275204,4,30,2475568801,2476068801,5484997.916989999,2247816.2099648635,random5_k9,9,1.674945269302144
cleanStatic,holdout,99,98.99067548,5,6,2474516887,2475016887,5487565.146481999,4679993.350146339,dense_two_source_glrt,187,0.07869262735203497
cleanStatic,holdout,99,98.99067548,5,6,2474516887,2475016887,5487565.146481999,4679993.350146339,dense_one_source_residual,187,0.4628564075072319
cleanStatic,holdout,99,98.99067548,5,6,2474516887,2475016887,5487565.146481999,4679993.350146339,raw_power_only,0,5487565.146481999
cleanStatic,holdout,99,98.99067548,5,6,2474516887,2475016887,5487565.146481999,4679993.350146339,analytic_sparse_k3,3,0.28957182078998595
cleanStatic,holdout,99,98.99067548,5,6,2474516887,2475016887,5487565.146481999,4679993.350146339,uniform_k3,3,0.3329001531934854
cleanStatic,holdout,99,98.99067548,5,6,2474516887,2475016887,5487565.146481999,4679993.350146339,shuffled_k3,3,0.2825543917458713
cleanStatic,holdout,99,98.99067548,5,6,2474516887,2475016887,5487565.146481999,4679993.350146339,analytic_sparse_k5,5,0.22586674784659228
cleanStatic,holdout,99,98.99067548,5,6,2474516887,2475016887,5487565.146481999,4679993.350146339,uniform_k5,5,0.18181195633690755
cleanStatic,holdout,99,98.99067548,5,6,2474516887,2475016887,5487565.146481999,4679993.350146339,shuffled_k5,5,0.18556892018085022
cleanStatic,holdout,99,98.99067548,5,6,2474516887,2475016887,5487565.146481999,4679993.350146339,analytic_sparse_k9,9,0.168260429093539
cleanStatic,holdout,99,98.99067548,5,6,2474516887,2475016887,5487565.146481999,4679993.350146339,uniform_k9,9,0.13571191766056268
cleanStatic,holdout,99,98.99067548,5,6,2474516887,2475016887,5487565.146481999,4679993.350146339,shuffled_k9,9,0.23364650987801738
cleanStatic,holdout,99,98.99067548,5,6,2474516887,2475016887,5487565.146481999,4679993.350146339,ai_sparse_k3,3,0.549662941882611
cleanStatic,holdout,99,98.99067548,5,6,2474516887,2475016887,5487565.146481999,4679993.350146339,pg_scc_k3,3,0.2671240042599568
cleanStatic,holdout,99,98.99067548,5,6,2474516887,2475016887,5487565.146481999,4679993.350146339,ai_sparse_k5,5,0.46355608606563037
cleanStatic,holdout,99,98.99067548,5,6,2474516887,2475016887,5487565.146481999,4679993.350146339,pg_scc_k5,5,0.09803125605455518
cleanStatic,holdout,99,98.99067548,5,6,2474516887,2475016887,5487565.146481999,4679993.350146339,ai_sparse_k9,9,0.27193884320008394
cleanStatic,holdout,99,98.99067548,5,6,2474516887,2475016887,5487565.146481999,4679993.350146339,pg_scc_k9,9,0.08422155471749439
cleanStatic,holdout,99,98.99067548,5,6,2474516887,2475016887,5487565.146481999,4679993.350146339,epl3,3,0.42362835033701196
cleanStatic,holdout,99,98.99067548,5,6,2474516887,2475016887,5487565.146481999,4679993.350146339,fixed9,9,0.4728635431828401
cleanStatic,holdout,99,98.99067548,5,6,2474516887,2475016887,5487565.146481999,4679993.350146339,random1_k3,3,0.2833194627985726
cleanStatic,holdout,99,98.99067548,5,6,2474516887,2475016887,5487565.146481999,4679993.350146339,random2_k3,3,0.18934238318120067
cleanStatic,holdout,99,98.99067548,5,6,2474516887,2475016887,5487565.146481999,4679993.350146339,random3_k3,3,0.35267586369719783
cleanStatic,holdout,99,98.99067548,5,6,2474516887,2475016887,5487565.146481999,4679993.350146339,random4_k3,3,0.20678069610633165
cleanStatic,holdout,99,98.99067548,5,6,2474516887,2475016887,5487565.146481999,4679993.350146339,random5_k3,3,0.06311773971064867
cleanStatic,holdout,99,98.99067548,5,6,2474516887,2475016887,5487565.146481999,4679993.350146339,random1_k5,5,0.14191082517562487
cleanStatic,holdout,99,98.99067548,5,6,2474516887,2475016887,5487565.146481999,4679993.350146339,random2_k5,5,0.2552552733783934
cleanStatic,holdout,99,98.99067548,5,6,2474516887,2475016887,5487565.146481999,4679993.350146339,random3_k5,5,0.11581597175959576
cleanStatic,holdout,99,98.99067548,5,6,2474516887,2475016887,5487565.146481999,4679993.350146339,random4_k5,5,0.14695566972587565
cleanStatic,holdout,99,98.99067548,5,6,2474516887,2475016887,5487565.146481999,4679993.350146339,random5_k5,5,0.3595159636454776
cleanStatic,holdout,99,98.99067548,5,6,2474516887,2475016887,5487565.146481999,4679993.350146339,random1_k9,9,0.5339637462435226
cleanStatic,holdout,99,98.99067548,5,6,2474516887,2475016887,5487565.146481999,4679993.350146339,random2_k9,9,0.1384833138919862
cleanStatic,holdout,99,98.99067548,5,6,2474516887,2475016887,5487565.146481999,4679993.350146339,random3_k9,9,0.1412335304399775
cleanStatic,holdout,99,98.99067548,5,6,2474516887,2475016887,5487565.146481999,4679993.350146339,random4_k9,9,0.11659233235114197
cleanStatic,holdout,99,98.99067548,5,6,2474516887,2475016887,5487565.146481999,4679993.350146339,random5_k9,9,0.18052421847333314
cleanStatic,holdout,99,98.99314112,6,7,2474578528,2475078528,5485152.543692,4109877.7221401394,dense_two_source_glrt,187,0.24870902956812288
cleanStatic,holdout,99,98.99314112,6,7,2474578528,2475078528,5485152.543692,4109877.7221401394,dense_one_source_residual,187,1.8847396491392803
cleanStatic,holdout,99,98.99314112,6,7,2474578528,2475078528,5485152.543692,4109877.7221401394,raw_power_only,0,5485152.543692
cleanStatic,holdout,99,98.99314112,6,7,2474578528,2475078528,5485152.543692,4109877.7221401394,analytic_sparse_k3,3,1.0816876839959266
cleanStatic,holdout,99,98.99314112,6,7,2474578528,2475078528,5485152.543692,4109877.7221401394,uniform_k3,3,1.042315680565902
cleanStatic,holdout,99,98.99314112,6,7,2474578528,2475078528,5485152.543692,4109877.7221401394,shuffled_k3,3,0.7817490634504006
cleanStatic,holdout,99,98.99314112,6,7,2474578528,2475078528,5485152.543692,4109877.7221401394,analytic_sparse_k5,5,1.00286291815043
cleanStatic,holdout,99,98.99314112,6,7,2474578528,2475078528,5485152.543692,4109877.7221401394,uniform_k5,5,0.4689098688116854
cleanStatic,holdout,99,98.99314112,6,7,2474578528,2475078528,5485152.543692,4109877.7221401394,shuffled_k5,5,1.105073138605223
cleanStatic,holdout,99,98.99314112,6,7,2474578528,2475078528,5485152.543692,4109877.7221401394,analytic_sparse_k9,9,0.959691739702391
cleanStatic,holdout,99,98.99314112,6,7,2474578528,2475078528,5485152.543692,4109877.7221401394,uniform_k9,9,0.18871409013617127
cleanStatic,holdout,99,98.99314112,6,7,2474578528,2475078528,5485152.543692,4109877.7221401394,shuffled_k9,9,0.6549151718822146
cleanStatic,holdout,99,98.99314112,6,7,2474578528,2475078528,5485152.543692,4109877.7221401394,ai_sparse_k3,3,1.2103610371706708
cleanStatic,holdout,99,98.99314112,6,7,2474578528,2475078528,5485152.543692,4109877.7221401394,pg_scc_k3,3,1.074133071383914
cleanStatic,holdout,99,98.99314112,6,7,2474578528,2475078528,5485152.543692,4109877.7221401394,ai_sparse_k5,5,0.6499414541339139
cleanStatic,holdout,99,98.99314112,6,7,2474578528,2475078528,5485152.543692,4109877.7221401394,pg_scc_k5,5,0.22651517482236763
cleanStatic,holdout,99,98.99314112,6,7,2474578528,2475078528,5485152.543692,4109877.7221401394,ai_sparse_k9,9,0.6262299992387441
cleanStatic,holdout,99,98.99314112,6,7,2474578528,2475078528,5485152.543692,4109877.7221401394,pg_scc_k9,9,0.2560197046560286
cleanStatic,holdout,99,98.99314112,6,7,2474578528,2475078528,5485152.543692,4109877.7221401394,epl3,3,1.4979864683043396
cleanStatic,holdout,99,98.99314112,6,7,2474578528,2475078528,5485152.543692,4109877.7221401394,fixed9,9,1.1961889628577351
cleanStatic,holdout,99,98.99314112,6,7,2474578528,2475078528,5485152.543692,4109877.7221401394,random1_k3,3,1.3154521226480216
cleanStatic,holdout,99,98.99314112,6,7,2474578528,2475078528,5485152.543692,4109877.7221401394,random2_k3,3,1.0510691566962975
cleanStatic,holdout,99,98.99314112,6,7,2474578528,2475078528,5485152.543692,4109877.7221401394,random3_k3,3,0.7683110744895681
cleanStatic,holdout,99,98.99314112,6,7,2474578528,2475078528,5485152.543692,4109877.7221401394,random4_k3,3,0.7244515755013121
cleanStatic,holdout,99,98.99314112,6,7,2474578528,2475078528,5485152.543692,4109877.7221401394,random5_k3,3,1.335709990501507
cleanStatic,holdout,99,98.99314112,6,7,2474578528,2475078528,5485152.543692,4109877.7221401394,random1_k5,5,0.9387528270729195
cleanStatic,holdout,99,98.99314112,6,7,2474578528,2475078528,5485152.543692,4109877.7221401394,random2_k5,5,0.5858833780534569
cleanStatic,holdout,99,98.99314112,6,7,2474578528,2475078528,5485152.543692,4109877.7221401394,random3_k5,5,0.5246125602631398
cleanStatic,holdout,99,98.99314112,6,7,2474578528,2475078528,5485152.543692,4109877.7221401394,random4_k5,5,0.8270612185861381
cleanStatic,holdout,99,98.99314112,6,7,2474578528,2475078528,5485152.543692,4109877.7221401394,random5_k5,5,1.0282458294745431
cleanStatic,holdout,99,98.99314112,6,7,2474578528,2475078528,5485152.543692,4109877.7221401394,random1_k9,9,0.910736921432998
cleanStatic,holdout,99,98.99314112,6,7,2474578528,2475078528,5485152.543692,4109877.7221401394,random2_k9,9,0.5976180331648292
cleanStatic,holdout,99,98.99314112,6,7,2474578528,2475078528,5485152.543692,4109877.7221401394,random3_k9,9,0.7529799622703256
cleanStatic,holdout,99,98.99314112,6,7,2474578528,2475078528,5485152.543692,4109877.7221401394,random4_k9,9,0.8246968788608371
cleanStatic,holdout,99,98.99314112,6,7,2474578528,2475078528,5485152.543692,4109877.7221401394,random5_k9,9,0.20204086629999984
cleanStatic,holdout,99,98.99035676,7,10,2474508919,2475008919,5486616.256936,2513546.907903472,dense_two_source_glrt,187,0.050361880880720696
cleanStatic,holdout,99,98.99035676,7,10,2474508919,2475008919,5486616.256936,2513546.907903472,dense_one_source_residual,187,0.9450726327354139
cleanStatic,holdout,99,98.99035676,7,10,2474508919,2475008919,5486616.256936,2513546.907903472,raw_power_only,0,5486616.256936
cleanStatic,holdout,99,98.99035676,7,10,2474508919,2475008919,5486616.256936,2513546.907903472,analytic_sparse_k3,3,0.3858126876017101
cleanStatic,holdout,99,98.99035676,7,10,2474508919,2475008919,5486616.256936,2513546.907903472,uniform_k3,3,1.092785254735883
cleanStatic,holdout,99,98.99035676,7,10,2474508919,2475008919,5486616.256936,2513546.907903472,shuffled_k3,3,0.38987342627877775
cleanStatic,holdout,99,98.99035676,7,10,2474508919,2475008919,5486616.256936,2513546.907903472,analytic_sparse_k5,5,0.3763637897702988
cleanStatic,holdout,99,98.99035676,7,10,2474508919,2475008919,5486616.256936,2513546.907903472,uniform_k5,5,0.4464280890003627
cleanStatic,holdout,99,98.99035676,7,10,2474508919,2475008919,5486616.256936,2513546.907903472,shuffled_k5,5,0.43415373741775215
cleanStatic,holdout,99,98.99035676,7,10,2474508919,2475008919,5486616.256936,2513546.907903472,analytic_sparse_k9,9,0.14171606811033943
cleanStatic,holdout,99,98.99035676,7,10,2474508919,2475008919,5486616.256936,2513546.907903472,uniform_k9,9,0.159877625240169
cleanStatic,holdout,99,98.99035676,7,10,2474508919,2475008919,5486616.256936,2513546.907903472,shuffled_k9,9,0.4850750176349919
cleanStatic,holdout,99,98.99035676,7,10,2474508919,2475008919,5486616.256936,2513546.907903472,ai_sparse_k3,3,0.2391964706099469
cleanStatic,holdout,99,98.99035676,7,10,2474508919,2475008919,5486616.256936,2513546.907903472,pg_scc_k3,3,0.3541530403310187
cleanStatic,holdout,99,98.99035676,7,10,2474508919,2475008919,5486616.256936,2513546.907903472,ai_sparse_k5,5,0.37005825543121157
cleanStatic,holdout,99,98.99035676,7,10,2474508919,2475008919,5486616.256936,2513546.907903472,pg_scc_k5,5,0.22292857892410378
cleanStatic,holdout,99,98.99035676,7,10,2474508919,2475008919,5486616.256936,2513546.907903472,ai_sparse_k9,9,0.2390876847756901
cleanStatic,holdout,99,98.99035676,7,10,2474508919,2475008919,5486616.256936,2513546.907903472,pg_scc_k9,9,0.11523199070811992
cleanStatic,holdout,99,98.99035676,7,10,2474508919,2475008919,5486616.256936,2513546.907903472,epl3,3,1.507933099484995
cleanStatic,holdout,99,98.99035676,7,10,2474508919,2475008919,5486616.256936,2513546.907903472,fixed9,9,0.6045991092285917
cleanStatic,holdout,99,98.99035676,7,10,2474508919,2475008919,5486616.256936,2513546.907903472,random1_k3,3,0.5364618966238512
cleanStatic,holdout,99,98.99035676,7,10,2474508919,2475008919,5486616.256936,2513546.907903472,random2_k3,3,0.0994200059748711
cleanStatic,holdout,99,98.99035676,7,10,2474508919,2475008919,5486616.256936,2513546.907903472,random3_k3,3,0.7889224701524115
cleanStatic,holdout,99,98.99035676,7,10,2474508919,2475008919,5486616.256936,2513546.907903472,random4_k3,3,0.29966578257568655
cleanStatic,holdout,99,98.99035676,7,10,2474508919,2475008919,5486616.256936,2513546.907903472,random5_k3,3,0.18247223275753388
cleanStatic,holdout,99,98.99035676,7,10,2474508919,2475008919,5486616.256936,2513546.907903472,random1_k5,5,0.7489840311367837
cleanStatic,holdout,99,98.99035676,7,10,2474508919,2475008919,5486616.256936,2513546.907903472,random2_k5,5,0.29513076082785694
cleanStatic,holdout,99,98.99035676,7,10,2474508919,2475008919,5486616.256936,2513546.907903472,random3_k5,5,0.26231401068263366
cleanStatic,holdout,99,98.99035676,7,10,2474508919,2475008919,5486616.256936,2513546.907903472,random4_k5,5,0.5589193614096807
cleanStatic,holdout,99,98.99035676,7,10,2474508919,2475008919,5486616.256936,2513546.907903472,random5_k5,5,0.3004674692228587
cleanStatic,holdout,99,98.99035676,7,10,2474508919,2475008919,5486616.256936,2513546.907903472,random1_k9,9,0.3332604214744915
cleanStatic,holdout,99,98.99035676,7,10,2474508919,2475008919,5486616.256936,2513546.907903472,random2_k9,9,0.09807287136221562
cleanStatic,holdout,99,98.99035676,7,10,2474508919,2475008919,5486616.256936,2513546.907903472,random3_k9,9,0.5687471392411309
cleanStatic,holdout,99,98.99035676,7,10,2474508919,2475008919,5486616.256936,2513546.907903472,random4_k9,9,0.2871739085658434
cleanStatic,holdout,99,98.99035676,7,10,2474508919,2475008919,5486616.256936,2513546.907903472,random5_k9,9,0.15457413214094076
cleanStatic,holdout,99,98.99061896,8,13,2474515474,2475015474,5486092.935954001,6051926.750703913,dense_two_source_glrt,187,0.09678493375491089
cleanStatic,holdout,99,98.99061896,8,13,2474515474,2475015474,5486092.935954001,6051926.750703913,dense_one_source_residual,187,0.6365426286050475
cleanStatic,holdout,99,98.99061896,8,13,2474515474,2475015474,5486092.935954001,6051926.750703913,raw_power_only,0,5486092.935954001
cleanStatic,holdout,99,98.99061896,8,13,2474515474,2475015474,5486092.935954001,6051926.750703913,analytic_sparse_k3,3,0.2663475614842162
cleanStatic,holdout,99,98.99061896,8,13,2474515474,2475015474,5486092.935954001,6051926.750703913,uniform_k3,3,0.42403257396903277
cleanStatic,holdout,99,98.99061896,8,13,2474515474,2475015474,5486092.935954001,6051926.750703913,shuffled_k3,3,0.20810346950189632
cleanStatic,holdout,99,98.99061896,8,13,2474515474,2475015474,5486092.935954001,6051926.750703913,analytic_sparse_k5,5,0.44834904971544304
cleanStatic,holdout,99,98.99061896,8,13,2474515474,2475015474,5486092.935954001,6051926.750703913,uniform_k5,5,0.18479137418924782
cleanStatic,holdout,99,98.99061896,8,13,2474515474,2475015474,5486092.935954001,6051926.750703913,shuffled_k5,5,0.5059952476107188
cleanStatic,holdout,99,98.99061896,8,13,2474515474,2475015474,5486092.935954001,6051926.750703913,analytic_sparse_k9,9,0.34037631134436863
cleanStatic,holdout,99,98.99061896,8,13,2474515474,2475015474,5486092.935954001,6051926.750703913,uniform_k9,9,0.043794846065832914
cleanStatic,holdout,99,98.99061896,8,13,2474515474,2475015474,5486092.935954001,6051926.750703913,shuffled_k9,9,0.21223243449652138
cleanStatic,holdout,99,98.99061896,8,13,2474515474,2475015474,5486092.935954001,6051926.750703913,ai_sparse_k3,3,0.06613966034086595
cleanStatic,holdout,99,98.99061896,8,13,2474515474,2475015474,5486092.935954001,6051926.750703913,pg_scc_k3,3,0.15857327184587747
cleanStatic,holdout,99,98.99061896,8,13,2474515474,2475015474,5486092.935954001,6051926.750703913,ai_sparse_k5,5,0.1836159767959419
cleanStatic,holdout,99,98.99061896,8,13,2474515474,2475015474,5486092.935954001,6051926.750703913,pg_scc_k5,5,0.07054354697808493
cleanStatic,holdout,99,98.99061896,8,13,2474515474,2475015474,5486092.935954001,6051926.750703913,ai_sparse_k9,9,0.19772462522638484
cleanStatic,holdout,99,98.99061896,8,13,2474515474,2475015474,5486092.935954001,6051926.750703913,pg_scc_k9,9,0.06695339073527018
cleanStatic,holdout,99,98.99061896,8,13,2474515474,2475015474,5486092.935954001,6051926.750703913,epl3,3,0.5678455498398184
cleanStatic,holdout,99,98.99061896,8,13,2474515474,2475015474,5486092.935954001,6051926.750703913,fixed9,9,0.37213935663665487
cleanStatic,holdout,99,98.99061896,8,13,2474515474,2475015474,5486092.935954001,6051926.750703913,random1_k3,3,0.5838289468552814
cleanStatic,holdout,99,98.99061896,8,13,2474515474,2475015474,5486092.935954001,6051926.750703913,random2_k3,3,0.39494539119151884
cleanStatic,holdout,99,98.99061896,8,13,2474515474,2475015474,5486092.935954001,6051926.750703913,random3_k3,3,0.09268936069808364
cleanStatic,holdout,99,98.99061896,8,13,2474515474,2475015474,5486092.935954001,6051926.750703913,random4_k3,3,0.3564660932973945
cleanStatic,holdout,99,98.99061896,8,13,2474515474,2475015474,5486092.935954001,6051926.750703913,random5_k3,3,0.5577196309796905
cleanStatic,holdout,99,98.99061896,8,13,2474515474,2475015474,5486092.935954001,6051926.750703913,random1_k5,5,0.15822843544047327
cleanStatic,holdout,99,98.99061896,8,13,2474515474,2475015474,5486092.935954001,6051926.750703913,random2_k5,5,0.13276353841280172
cleanStatic,holdout,99,98.99061896,8,13,2474515474,2475015474,5486092.935954001,6051926.750703913,random3_k5,5,0.3602515219172571
cleanStatic,holdout,99,98.99061896,8,13,2474515474,2475015474,5486092.935954001,6051926.750703913,random4_k5,5,0.3207180738229275
cleanStatic,holdout,99,98.99061896,8,13,2474515474,2475015474,5486092.935954001,6051926.750703913,random5_k5,5,0.2596809803993151
cleanStatic,holdout,99,98.99061896,8,13,2474515474,2475015474,5486092.935954001,6051926.750703913,random1_k9,9,0.34211444602046626
cleanStatic,holdout,99,98.99061896,8,13,2474515474,2475015474,5486092.935954001,6051926.750703913,random2_k9,9,0.15468236794655285
cleanStatic,holdout,99,98.99061896,8,13,2474515474,2475015474,5486092.935954001,6051926.750703913,random3_k9,9,0.3233219136147084
cleanStatic,holdout,99,98.99061896,8,13,2474515474,2475015474,5486092.935954001,6051926.750703913,random4_k9,9,0.24810391998904743
cleanStatic,holdout,99,98.99061896,8,13,2474515474,2475015474,5486092.935954001,6051926.750703913,random5_k9,9,0.13672376249621873
cleanStatic,holdout,99,98.9974314,9,19,2474685785,2475185785,5477373.470845999,4710265.832747128,dense_two_source_glrt,187,0.08346364161329838
cleanStatic,holdout,99,98.9974314,9,19,2474685785,2475185785,5477373.470845999,4710265.832747128,dense_one_source_residual,187,0.32478153274990357
cleanStatic,holdout,99,98.9974314,9,19,2474685785,2475185785,5477373.470845999,4710265.832747128,raw_power_only,0,5477373.470845999
cleanStatic,holdout,99,98.9974314,9,19,2474685785,2475185785,5477373.470845999,4710265.832747128,analytic_sparse_k3,3,0.10638795967574084
cleanStatic,holdout,99,98.9974314,9,19,2474685785,2475185785,5477373.470845999,4710265.832747128,uniform_k3,3,0.21901727942782687
cleanStatic,holdout,99,98.9974314,9,19,2474685785,2475185785,5477373.470845999,4710265.832747128,shuffled_k3,3,0.3470974498824168
cleanStatic,holdout,99,98.9974314,9,19,2474685785,2475185785,5477373.470845999,4710265.832747128,analytic_sparse_k5,5,0.13464760560759967
cleanStatic,holdout,99,98.9974314,9,19,2474685785,2475185785,5477373.470845999,4710265.832747128,uniform_k5,5,0.16694146472382218
cleanStatic,holdout,99,98.9974314,9,19,2474685785,2475185785,5477373.470845999,4710265.832747128,shuffled_k5,5,0.0613710977449201
cleanStatic,holdout,99,98.9974314,9,19,2474685785,2475185785,5477373.470845999,4710265.832747128,analytic_sparse_k9,9,0.17666010774408725
cleanStatic,holdout,99,98.9974314,9,19,2474685785,2475185785,5477373.470845999,4710265.832747128,uniform_k9,9,0.08895031395029775
cleanStatic,holdout,99,98.9974314,9,19,2474685785,2475185785,5477373.470845999,4710265.832747128,shuffled_k9,9,0.14685116260221567
cleanStatic,holdout,99,98.9974314,9,19,2474685785,2475185785,5477373.470845999,4710265.832747128,ai_sparse_k3,3,0.6822760708958152
cleanStatic,holdout,99,98.9974314,9,19,2474685785,2475185785,5477373.470845999,4710265.832747128,pg_scc_k3,3,0.36636306865084234
cleanStatic,holdout,99,98.9974314,9,19,2474685785,2475185785,5477373.470845999,4710265.832747128,ai_sparse_k5,5,0.5026379508045316
cleanStatic,holdout,99,98.9974314,9,19,2474685785,2475185785,5477373.470845999,4710265.832747128,pg_scc_k5,5,0.26751723981490433
cleanStatic,holdout,99,98.9974314,9,19,2474685785,2475185785,5477373.470845999,4710265.832747128,ai_sparse_k9,9,0.31491631625783817
cleanStatic,holdout,99,98.9974314,9,19,2474685785,2475185785,5477373.470845999,4710265.832747128,pg_scc_k9,9,0.2814759947147322
cleanStatic,holdout,99,98.9974314,9,19,2474685785,2475185785,5477373.470845999,4710265.832747128,epl3,3,0.02769795981166816
cleanStatic,holdout,99,98.9974314,9,19,2474685785,2475185785,5477373.470845999,4710265.832747128,fixed9,9,0.030460244370766727
cleanStatic,holdout,99,98.9974314,9,19,2474685785,2475185785,5477373.470845999,4710265.832747128,random1_k3,3,0.14534021423693774
cleanStatic,holdout,99,98.9974314,9,19,2474685785,2475185785,5477373.470845999,4710265.832747128,random2_k3,3,0.12831967458985574
cleanStatic,holdout,99,98.9974314,9,19,2474685785,2475185785,5477373.470845999,4710265.832747128,random3_k3,3,0.23939658106792142
cleanStatic,holdout,99,98.9974314,9,19,2474685785,2475185785,5477373.470845999,4710265.832747128,random4_k3,3,0.3424100316080472
cleanStatic,holdout,99,98.9974314,9,19,2474685785,2475185785,5477373.470845999,4710265.832747128,random5_k3,3,0.07598389128071317
cleanStatic,holdout,99,98.9974314,9,19,2474685785,2475185785,5477373.470845999,4710265.832747128,random1_k5,5,0.12073895850004308
cleanStatic,holdout,99,98.9974314,9,19,2474685785,2475185785,5477373.470845999,4710265.832747128,random2_k5,5,0.11730557014449636
cleanStatic,holdout,99,98.9974314,9,19,2474685785,2475185785,5477373.470845999,4710265.832747128,random3_k5,5,0.10235971267926311
cleanStatic,holdout,99,98.9974314,9,19,2474685785,2475185785,5477373.470845999,4710265.832747128,random4_k5,5,0.07044865388713832
cleanStatic,holdout,99,98.9974314,9,19,2474685785,2475185785,5477373.470845999,4710265.832747128,random5_k5,5,0.17011693312585546
cleanStatic,holdout,99,98.9974314,9,19,2474685785,2475185785,5477373.470845999,4710265.832747128,random1_k9,9,0.1359212307136688
cleanStatic,holdout,99,98.9974314,9,19,2474685785,2475185785,5477373.470845999,4710265.832747128,random2_k9,9,0.20776073206721415
cleanStatic,holdout,99,98.9974314,9,19,2474685785,2475185785,5477373.470845999,4710265.832747128,random3_k9,9,0.09254431358910874
cleanStatic,holdout,99,98.9974314,9,19,2474685785,2475185785,5477373.470845999,4710265.832747128,random4_k9,9,0.299819205162972
cleanStatic,holdout,99,98.9974314,9,19,2474685785,2475185785,5477373.470845999,4710265.832747128,random5_k9,9,0.18573422728668496
cleanStatic,holdout,99,98.9906296,10,23,2474515740,2475015740,5486658.034177999,6729791.398555154,dense_two_source_glrt,187,0.05289792923532239
cleanStatic,holdout,99,98.9906296,10,23,2474515740,2475015740,5486658.034177999,6729791.398555154,dense_one_source_residual,187,0.3126639548804272
cleanStatic,holdout,99,98.9906296,10,23,2474515740,2475015740,5486658.034177999,6729791.398555154,raw_power_only,0,5486658.034177999
cleanStatic,holdout,99,98.9906296,10,23,2474515740,2475015740,5486658.034177999,6729791.398555154,analytic_sparse_k3,3,0.1630967189070144
cleanStatic,holdout,99,98.9906296,10,23,2474515740,2475015740,5486658.034177999,6729791.398555154,uniform_k3,3,0.23758886554572758
cleanStatic,holdout,99,98.9906296,10,23,2474515740,2475015740,5486658.034177999,6729791.398555154,shuffled_k3,3,0.06634654610004583
cleanStatic,holdout,99,98.9906296,10,23,2474515740,2475015740,5486658.034177999,6729791.398555154,analytic_sparse_k5,5,0.11108386536073592
cleanStatic,holdout,99,98.9906296,10,23,2474515740,2475015740,5486658.034177999,6729791.398555154,uniform_k5,5,0.08485033566611308
cleanStatic,holdout,99,98.9906296,10,23,2474515740,2475015740,5486658.034177999,6729791.398555154,shuffled_k5,5,0.2068273521832417
cleanStatic,holdout,99,98.9906296,10,23,2474515740,2475015740,5486658.034177999,6729791.398555154,analytic_sparse_k9,9,0.1512676831297415
cleanStatic,holdout,99,98.9906296,10,23,2474515740,2475015740,5486658.034177999,6729791.398555154,uniform_k9,9,0.030641005818723324
cleanStatic,holdout,99,98.9906296,10,23,2474515740,2475015740,5486658.034177999,6729791.398555154,shuffled_k9,9,0.1501862264403881
cleanStatic,holdout,99,98.9906296,10,23,2474515740,2475015740,5486658.034177999,6729791.398555154,ai_sparse_k3,3,0.2656095430894327
cleanStatic,holdout,99,98.9906296,10,23,2474515740,2475015740,5486658.034177999,6729791.398555154,pg_scc_k3,3,0.2397379458549611
cleanStatic,holdout,99,98.9906296,10,23,2474515740,2475015740,5486658.034177999,6729791.398555154,ai_sparse_k5,5,0.11901682818053058
cleanStatic,holdout,99,98.9906296,10,23,2474515740,2475015740,5486658.034177999,6729791.398555154,pg_scc_k5,5,0.05365189880418977
cleanStatic,holdout,99,98.9906296,10,23,2474515740,2475015740,5486658.034177999,6729791.398555154,ai_sparse_k9,9,0.09856597610661878
cleanStatic,holdout,99,98.9906296,10,23,2474515740,2475015740,5486658.034177999,6729791.398555154,pg_scc_k9,9,0.07388329420077472
cleanStatic,holdout,99,98.9906296,10,23,2474515740,2475015740,5486658.034177999,6729791.398555154,epl3,3,0.0610265141679087
cleanStatic,holdout,99,98.9906296,10,23,2474515740,2475015740,5486658.034177999,6729791.398555154,fixed9,9,0.05630719723704907
cleanStatic,holdout,99,98.9906296,10,23,2474515740,2475015740,5486658.034177999,6729791.398555154,random1_k3,3,0.39306406197699756
cleanStatic,holdout,99,98.9906296,10,23,2474515740,2475015740,5486658.034177999,6729791.398555154,random2_k3,3,0.0491611592114709
cleanStatic,holdout,99,98.9906296,10,23,2474515740,2475015740,5486658.034177999,6729791.398555154,random3_k3,3,0.10637793101340315
cleanStatic,holdout,99,98.9906296,10,23,2474515740,2475015740,5486658.034177999,6729791.398555154,random4_k3,3,0.13916983120716245
cleanStatic,holdout,99,98.9906296,10,23,2474515740,2475015740,5486658.034177999,6729791.398555154,random5_k3,3,0.17558215562732146
cleanStatic,holdout,99,98.9906296,10,23,2474515740,2475015740,5486658.034177999,6729791.398555154,random1_k5,5,0.10617850863897786
cleanStatic,holdout,99,98.9906296,10,23,2474515740,2475015740,5486658.034177999,6729791.398555154,random2_k5,5,0.09757480798243794
cleanStatic,holdout,99,98.9906296,10,23,2474515740,2475015740,5486658.034177999,6729791.398555154,random3_k5,5,0.11903650434241944
cleanStatic,holdout,99,98.9906296,10,23,2474515740,2475015740,5486658.034177999,6729791.398555154,random4_k5,5,0.06011311745949625
cleanStatic,holdout,99,98.9906296,10,23,2474515740,2475015740,5486658.034177999,6729791.398555154,random5_k5,5,0.14231052730766533
cleanStatic,holdout,99,98.9906296,10,23,2474515740,2475015740,5486658.034177999,6729791.398555154,random1_k9,9,0.07624185189924455
cleanStatic,holdout,99,98.9906296,10,23,2474515740,2475015740,5486658.034177999,6729791.398555154,random2_k9,9,0.08881657183781957
cleanStatic,holdout,99,98.9906296,10,23,2474515740,2475015740,5486658.034177999,6729791.398555154,random3_k9,9,0.16007624344656513
cleanStatic,holdout,99,98.9906296,10,23,2474515740,2475015740,5486658.034177999,6729791.398555154,random4_k9,9,0.2112681320329543
cleanStatic,holdout,99,98.9906296,10,23,2474515740,2475015740,5486658.034177999,6729791.398555154,random5_k9,9,0.21270517706514008
